##########################################################################################
### MCD_v6.1 with Martian Year 27 scenario.
### Latitude 83.8N. Longitude 235.0E. Altitude 0.0 m ALS.
### --------------------------------------------------------------------------------------
### Column 1 is Areocentric longitude (degrees)
### Columns 2+ are Daily mean dust column visible optical depth above surface
### Line 1 is Local time (Martian hour)
### --------------------------------------------------------------------------------------
### Retrieved on: 2024-06-07T23:21:14.315226
### Mars Climate Database (c) LMD/OU/IAA/ESA/CNES
##########################################################################################
---- ||    0.00000e+00    1.00000e+00    2.00000e+00    3.00000e+00    4.00000e+00    5.00000e+00    6.00000e+00    7.00000e+00    8.00000e+00    9.00000e+00    1.00000e+01    1.10000e+01    1.20000e+01    1.30000e+01    1.40000e+01    1.50000e+01    1.60000e+01    1.70000e+01    1.80000e+01    1.90000e+01    2.00000e+01    2.10000e+01    2.20000e+01    2.30000e+01    2.40000e+01
-----------------------------------
+000 ||    1.38138e-01    1.37945e-01    1.37811e-01    1.37798e-01    1.37810e-01    1.37871e-01    1.37945e-01    1.38044e-01    1.38140e-01    1.38231e-01    1.38319e-01    1.38402e-01    1.38470e-01    1.38507e-01    1.38573e-01    1.38699e-01    1.38771e-01    1.38732e-01    1.38704e-01    1.38698e-01    1.38673e-01    1.38612e-01    1.38509e-01    1.38325e-01    1.38138e-01
+015 ||    1.57522e-01    1.57300e-01    1.57136e-01    1.57090e-01    1.57079e-01    1.57137e-01    1.57209e-01    1.57312e-01    1.57436e-01    1.57603e-01    1.57750e-01    1.57855e-01    1.57951e-01    1.58024e-01    1.58103e-01    1.58191e-01    1.58229e-01    1.58168e-01    1.58135e-01    1.58157e-01    1.58149e-01    1.58079e-01    1.57960e-01    1.57742e-01    1.57522e-01
+030 ||    4.16253e-01    4.15922e-01    4.15671e-01    4.15581e-01    4.15560e-01    4.15678e-01    4.15781e-01    4.15855e-01    4.15975e-01    4.16185e-01    4.16337e-01    4.16371e-01    4.16418e-01    4.16491e-01    4.16599e-01    4.16777e-01    4.16893e-01    4.16882e-01    4.16913e-01    4.17026e-01    4.17086e-01    4.17040e-01    4.16901e-01    4.16578e-01    4.16253e-01
+045 ||    5.12076e-01    5.11959e-01    5.11856e-01    5.11781e-01    5.11766e-01    5.11871e-01    5.11897e-01    5.11767e-01    5.11679e-01    5.11677e-01    5.11597e-01    5.11361e-01    5.11189e-01    5.11143e-01    5.11165e-01    5.11323e-01    5.11481e-01    5.11637e-01    5.11808e-01    5.12008e-01    5.12174e-01    5.12272e-01    5.12301e-01    5.12189e-01    5.12076e-01
+060 ||    4.55010e-01    4.54829e-01    4.54705e-01    4.54692e-01    4.54728e-01    4.54863e-01    4.54948e-01    4.54934e-01    4.54923e-01    4.54919e-01    4.54876e-01    4.54753e-01    4.54640e-01    4.54546e-01    4.54476e-01    4.54455e-01    4.54567e-01    4.54945e-01    4.55249e-01    4.55406e-01    4.55516e-01    4.55531e-01    4.55462e-01    4.55227e-01    4.55010e-01
+075 ||    8.93000e-01    8.92484e-01    8.92166e-01    8.92241e-01    8.92407e-01    8.92753e-01    8.93044e-01    8.93226e-01    8.93345e-01    8.93342e-01    8.93322e-01    8.93266e-01    8.93135e-01    8.92854e-01    8.92548e-01    8.92191e-01    8.92359e-01    8.93573e-01    8.94470e-01    8.94732e-01    8.94864e-01    8.94740e-01    8.94410e-01    8.93667e-01    8.93000e-01
+090 ||    5.44422e-01    5.44195e-01    5.44061e-01    5.44108e-01    5.44183e-01    5.44312e-01    5.44444e-01    5.44584e-01    5.44742e-01    5.44936e-01    5.45118e-01    5.45273e-01    5.45356e-01    5.45297e-01    5.45217e-01    5.45099e-01    5.45191e-01    5.45703e-01    5.46035e-01    5.46005e-01    5.45897e-01    5.45632e-01    5.45296e-01    5.44817e-01    5.44422e-01
+105 ||    2.56791e-01    2.56734e-01    2.56705e-01    2.56731e-01    2.56754e-01    2.56771e-01    2.56807e-01    2.56882e-01    2.56993e-01    2.57178e-01    2.57354e-01    2.57515e-01    2.57629e-01    2.57651e-01    2.57663e-01    2.57654e-01    2.57691e-01    2.57823e-01    2.57876e-01    2.57771e-01    2.57631e-01    2.57417e-01    2.57198e-01    2.56965e-01    2.56791e-01
+120 ||    2.33476e-01    2.33383e-01    2.33343e-01    2.33407e-01    2.33454e-01    2.33468e-01    2.33495e-01    2.33548e-01    2.33644e-01    2.33824e-01    2.33974e-01    2.34065e-01    2.34116e-01    2.34090e-01    2.34075e-01    2.34081e-01    2.34116e-01    2.34208e-01    2.34249e-01    2.34189e-01    2.34106e-01    2.33974e-01    2.33823e-01    2.33633e-01    2.33476e-01
+135 ||    4.71187e-01    4.70912e-01    4.70800e-01    4.71015e-01    4.71167e-01    4.71192e-01    4.71233e-01    4.71310e-01    4.71491e-01    4.71883e-01    4.72164e-01    4.72225e-01    4.72215e-01    4.72062e-01    4.71976e-01    4.72020e-01    4.72092e-01    4.72217e-01    4.72285e-01    4.72242e-01    4.72169e-01    4.72039e-01    4.71840e-01    4.71503e-01    4.71187e-01
+150 ||    3.58307e-01    3.57885e-01    3.57645e-01    3.57771e-01    3.57882e-01    3.57966e-01    3.58054e-01    3.58150e-01    3.58287e-01    3.58506e-01    3.58697e-01    3.58832e-01    3.58931e-01    3.58960e-01    3.59062e-01    3.59312e-01    3.59501e-01    3.59567e-01    3.59594e-01    3.59542e-01    3.59466e-01    3.59342e-01    3.59124e-01    3.58719e-01    3.58307e-01
+165 ||    1.97679e-01    1.97323e-01    1.97101e-01    1.97149e-01    1.97208e-01    1.97293e-01    1.97374e-01    1.97449e-01    1.97524e-01    1.97599e-01    1.97691e-01    1.97816e-01    1.97933e-01    1.98032e-01    1.98186e-01    1.98449e-01    1.98630e-01    1.98649e-01    1.98648e-01    1.98609e-01    1.98556e-01    1.98474e-01    1.98316e-01    1.98005e-01    1.97679e-01
+180 ||    1.31364e-01    1.31113e-01    1.30957e-01    1.30989e-01    1.31029e-01    1.31084e-01    1.31155e-01    1.31259e-01    1.31368e-01    1.31484e-01    1.31620e-01    1.31795e-01    1.31948e-01    1.32056e-01    1.32187e-01    1.32362e-01    1.32434e-01    1.32301e-01    1.32185e-01    1.32102e-01    1.32015e-01    1.31921e-01    1.31790e-01    1.31584e-01    1.31364e-01
+195 ||    9.10968e-02    9.09122e-02    9.07965e-02    9.08184e-02    9.08452e-02    9.08815e-02    9.09422e-02    9.10515e-02    9.11663e-02    9.12922e-02    9.14377e-02    9.16225e-02    9.17807e-02    9.18856e-02    9.19962e-02    9.21181e-02    9.21366e-02    9.19485e-02    9.17909e-02    9.16946e-02    9.15993e-02    9.15061e-02    9.13964e-02    9.12535e-02    9.10968e-02
+210 ||    1.44221e-01    1.43972e-01    1.43836e-01    1.43928e-01    1.44010e-01    1.44072e-01    1.44158e-01    1.44292e-01    1.44433e-01    1.44589e-01    1.44777e-01    1.45032e-01    1.45238e-01    1.45345e-01    1.45458e-01    1.45582e-01    1.45559e-01    1.45240e-01    1.44980e-01    1.44839e-01    1.44713e-01    1.44615e-01    1.44509e-01    1.44386e-01    1.44221e-01
+225 ||    1.26807e-01    1.26622e-01    1.26541e-01    1.26667e-01    1.26770e-01    1.26828e-01    1.26895e-01    1.26982e-01    1.27074e-01    1.27176e-01    1.27308e-01    1.27502e-01    1.27647e-01    1.27695e-01    1.27745e-01    1.27800e-01    1.27737e-01    1.27440e-01    1.27204e-01    1.27090e-01    1.26998e-01    1.26952e-01    1.26913e-01    1.26887e-01    1.26807e-01
+240 ||    1.88377e-01    1.88167e-01    1.88071e-01    1.88203e-01    1.88318e-01    1.88400e-01    1.88480e-01    1.88557e-01    1.88640e-01    1.88735e-01    1.88864e-01    1.89058e-01    1.89204e-01    1.89253e-01    1.89315e-01    1.89400e-01    1.89374e-01    1.89125e-01    1.88916e-01    1.88786e-01    1.88675e-01    1.88599e-01    1.88532e-01    1.88481e-01    1.88377e-01
+255 ||    1.22603e-01    1.22504e-01    1.22457e-01    1.22510e-01    1.22563e-01    1.22614e-01    1.22654e-01    1.22673e-01    1.22696e-01    1.22726e-01    1.22769e-01    1.22841e-01    1.22895e-01    1.22915e-01    1.22947e-01    1.23005e-01    1.23027e-01    1.22977e-01    1.22924e-01    1.22863e-01    1.22805e-01    1.22751e-01    1.22702e-01    1.22662e-01    1.22603e-01
+270 ||    9.26197e-02    9.25422e-02    9.25073e-02    9.25575e-02    9.26001e-02    9.26277e-02    9.26523e-02    9.26709e-02    9.26874e-02    9.26997e-02    9.27309e-02    9.28002e-02    9.28494e-02    9.28584e-02    9.28773e-02    9.29161e-02    9.29328e-02    9.29054e-02    9.28715e-02    9.28247e-02    9.27801e-02    9.27399e-02    9.27018e-02    9.26680e-02    9.26197e-02
+285 ||    1.50959e-01    1.50828e-01    1.50773e-01    1.50871e-01    1.50945e-01    1.50972e-01    1.51002e-01    1.51039e-01    1.51065e-01    1.51068e-01    1.51116e-01    1.51255e-01    1.51349e-01    1.51354e-01    1.51375e-01    1.51430e-01    1.51457e-01    1.51430e-01    1.51386e-01    1.51308e-01    1.51234e-01    1.51169e-01    1.51105e-01    1.51044e-01    1.50959e-01
+300 ||    1.23971e-01    1.23853e-01    1.23805e-01    1.23895e-01    1.23965e-01    1.23993e-01    1.24024e-01    1.24059e-01    1.24085e-01    1.24089e-01    1.24133e-01    1.24256e-01    1.24345e-01    1.24366e-01    1.24406e-01    1.24482e-01    1.24517e-01    1.24471e-01    1.24411e-01    1.24322e-01    1.24237e-01    1.24161e-01    1.24093e-01    1.24043e-01    1.23971e-01
+315 ||    1.48600e-01    1.48447e-01    1.48385e-01    1.48506e-01    1.48600e-01    1.48642e-01    1.48686e-01    1.48735e-01    1.48771e-01    1.48778e-01    1.48836e-01    1.48996e-01    1.49118e-01    1.49164e-01    1.49239e-01    1.49369e-01    1.49428e-01    1.49343e-01    1.49240e-01    1.49103e-01    1.48971e-01    1.48851e-01    1.48751e-01    1.48691e-01    1.48600e-01
+330 ||    1.48996e-01    1.48841e-01    1.48766e-01    1.48849e-01    1.48916e-01    1.48953e-01    1.48996e-01    1.49051e-01    1.49102e-01    1.49148e-01    1.49223e-01    1.49356e-01    1.49455e-01    1.49485e-01    1.49549e-01    1.49677e-01    1.49743e-01    1.49682e-01    1.49612e-01    1.49525e-01    1.49430e-01    1.49319e-01    1.49213e-01    1.49113e-01    1.48996e-01
+345 ||    1.12248e-01    1.12131e-01    1.12064e-01    1.12097e-01    1.12126e-01    1.12151e-01    1.12182e-01    1.12227e-01    1.12279e-01    1.12343e-01    1.12412e-01    1.12491e-01    1.12548e-01    1.12558e-01    1.12597e-01    1.12692e-01    1.12747e-01    1.12720e-01    1.12694e-01    1.12667e-01    1.12624e-01    1.12548e-01    1.12463e-01    1.12357e-01    1.12248e-01
+360 ||    1.36265e-01    1.36130e-01    1.36031e-01    1.36006e-01    1.35992e-01    1.35999e-01    1.36015e-01    1.36048e-01    1.36107e-01    1.36218e-01    1.36326e-01    1.36428e-01    1.36512e-01    1.36563e-01    1.36629e-01    1.36725e-01    1.36779e-01    1.36751e-01    1.36728e-01    1.36716e-01    1.36685e-01    1.36618e-01    1.36529e-01    1.36398e-01    1.36265e-01
##########################################################################################
### MCD_v6.1 with Martian Year 27 scenario.
### Latitude 83.8N. Longitude 235.0E. Altitude 0.0 m ALS.
### --------------------------------------------------------------------------------------
### Column 1 is Areocentric longitude (degrees)
### Columns 2+ are Water ice column (kg/m2)
### Line 1 is Local time (Martian hour)
### --------------------------------------------------------------------------------------
### Retrieved on: 2024-06-07T23:21:14.315912
### Mars Climate Database (c) LMD/OU/IAA/ESA/CNES
##########################################################################################
---- ||    0.00000e+00    1.00000e+00    2.00000e+00    3.00000e+00    4.00000e+00    5.00000e+00    6.00000e+00    7.00000e+00    8.00000e+00    9.00000e+00    1.00000e+01    1.10000e+01    1.20000e+01    1.30000e+01    1.40000e+01    1.50000e+01    1.60000e+01    1.70000e+01    1.80000e+01    1.90000e+01    2.00000e+01    2.10000e+01    2.20000e+01    2.30000e+01    2.40000e+01
-----------------------------------
+000 ||    4.66262e-03    4.65974e-03    4.66663e-03    4.69303e-03    4.71963e-03    4.74661e-03    4.76781e-03    4.77743e-03    4.78758e-03    4.79875e-03    4.81034e-03    4.82276e-03    4.82930e-03    4.82406e-03    4.81533e-03    4.79960e-03    4.77826e-03    4.74566e-03    4.72277e-03    4.71928e-03    4.71514e-03    4.70974e-03    4.69905e-03    4.67777e-03    4.66262e-03
+015 ||    5.26529e-03    5.26264e-03    5.27274e-03    5.30831e-03    5.34274e-03    5.37485e-03    5.39704e-03    5.39938e-03    5.40300e-03    5.40921e-03    5.41327e-03    5.41301e-03    5.40500e-03    5.38149e-03    5.35722e-03    5.33145e-03    5.30394e-03    5.27296e-03    5.25939e-03    5.28065e-03    5.29740e-03    5.30514e-03    5.30295e-03    5.28088e-03    5.26529e-03
+030 ||    7.97764e-03    8.01193e-03    8.05422e-03    8.11255e-03    8.17065e-03    8.22830e-03    8.27431e-03    8.29704e-03    8.31209e-03    8.31178e-03    8.30163e-03    8.27183e-03    8.23453e-03    8.18224e-03    8.12938e-03    8.07535e-03    8.01598e-03    7.94595e-03    7.89816e-03    7.89486e-03    7.89956e-03    7.92026e-03    7.93942e-03    7.95549e-03    7.97764e-03
+045 ||    1.06776e-02    1.07494e-02    1.08244e-02    1.09058e-02    1.09877e-02    1.10708e-02    1.11404e-02    1.11831e-02    1.12090e-02    1.12013e-02    1.11762e-02    1.11161e-02    1.10489e-02    1.09674e-02    1.08856e-02    1.08033e-02    1.07122e-02    1.06034e-02    1.05217e-02    1.04941e-02    1.04871e-02    1.05212e-02    1.05622e-02    1.06171e-02    1.06776e-02
+060 ||    1.53718e-02    1.55506e-02    1.57392e-02    1.59475e-02    1.61292e-02    1.62578e-02    1.63312e-02    1.62944e-02    1.62353e-02    1.61316e-02    1.60213e-02    1.58974e-02    1.57586e-02    1.55896e-02    1.54259e-02    1.52725e-02    1.51119e-02    1.49363e-02    1.48055e-02    1.47642e-02    1.47749e-02    1.48894e-02    1.50235e-02    1.51967e-02    1.53718e-02
+075 ||    1.93565e-02    1.96328e-02    1.99253e-02    2.02500e-02    2.05221e-02    2.06892e-02    2.07628e-02    2.06498e-02    2.05095e-02    2.03145e-02    2.01234e-02    1.99400e-02    1.97351e-02    1.94869e-02    1.92495e-02    1.90333e-02    1.88117e-02    1.85789e-02    1.84060e-02    1.83529e-02    1.83810e-02    1.85715e-02    1.87928e-02    1.90757e-02    1.93565e-02
+090 ||    1.42609e-02    1.47080e-02    1.51171e-02    1.54501e-02    1.57002e-02    1.57846e-02    1.57924e-02    1.56472e-02    1.54601e-02    1.51896e-02    1.48781e-02    1.44849e-02    1.41104e-02    1.37732e-02    1.34450e-02    1.31349e-02    1.28961e-02    1.27996e-02    1.27444e-02    1.27718e-02    1.28709e-02    1.31137e-02    1.34149e-02    1.38330e-02    1.42609e-02
+105 ||    9.25029e-03    9.86718e-03    1.03925e-02    1.07345e-02    1.09637e-02    1.09673e-02    1.09097e-02    1.07298e-02    1.04941e-02    1.01469e-02    9.71770e-03    9.12475e-03    8.58694e-03    8.15916e-03    7.74039e-03    7.33959e-03    7.08308e-03    7.11492e-03    7.17225e-03    7.28066e-03    7.45119e-03    7.74596e-03    8.12617e-03    8.67724e-03    9.25029e-03
+120 ||    8.34717e-03    8.79693e-03    9.17491e-03    9.40921e-03    9.56719e-03    9.57246e-03    9.53634e-03    9.41746e-03    9.26178e-03    9.03251e-03    8.74945e-03    8.35880e-03    7.99740e-03    7.69434e-03    7.39848e-03    7.11703e-03    6.89036e-03    6.77313e-03    6.72834e-03    6.82843e-03    6.97488e-03    7.21409e-03    7.51085e-03    7.92268e-03    8.34717e-03
+135 ||    7.60616e-03    7.89756e-03    8.13591e-03    8.26803e-03    8.35843e-03    8.36532e-03    8.35001e-03    8.29029e-03    8.21180e-03    8.09577e-03    7.95072e-03    7.74761e-03    7.55072e-03    7.36624e-03    7.18665e-03    7.01675e-03    6.81613e-03    6.55403e-03    6.41080e-03    6.50527e-03    6.63135e-03    6.82069e-03    7.04060e-03    7.32165e-03    7.60616e-03
+150 ||    1.40359e-02    1.42351e-02    1.44134e-02    1.45498e-02    1.46340e-02    1.46137e-02    1.45815e-02    1.45259e-02    1.44595e-02    1.43713e-02    1.42826e-02    1.41928e-02    1.40675e-02    1.38717e-02    1.36626e-02    1.34271e-02    1.32232e-02    1.30825e-02    1.30200e-02    1.31141e-02    1.32451e-02    1.34500e-02    1.36504e-02    1.38418e-02    1.40359e-02
+165 ||    2.10191e-02    2.11348e-02    2.12610e-02    2.14084e-02    2.14894e-02    2.14374e-02    2.13839e-02    2.13275e-02    2.12692e-02    2.12071e-02    2.11731e-02    2.11953e-02    2.11388e-02    2.09247e-02    2.06768e-02    2.03612e-02    2.01434e-02    2.01211e-02    2.01402e-02    2.02422e-02    2.03860e-02    2.06132e-02    2.08007e-02    2.09086e-02    2.10191e-02
+180 ||    1.25385e-02    1.25757e-02    1.26213e-02    1.26840e-02    1.27166e-02    1.26889e-02    1.26650e-02    1.26489e-02    1.26366e-02    1.26316e-02    1.26427e-02    1.26859e-02    1.26864e-02    1.26015e-02    1.24941e-02    1.23420e-02    1.22391e-02    1.22347e-02    1.22364e-02    1.22501e-02    1.22892e-02    1.23790e-02    1.24534e-02    1.24971e-02    1.25385e-02
+195 ||    4.24468e-03    4.20228e-03    4.16645e-03    4.14378e-03    4.12731e-03    4.12327e-03    4.12876e-03    4.15330e-03    4.18740e-03    4.24060e-03    4.29790e-03    4.36337e-03    4.42203e-03    4.46708e-03    4.50084e-03    4.51200e-03    4.52486e-03    4.54108e-03    4.52630e-03    4.44959e-03    4.38219e-03    4.33341e-03    4.29388e-03    4.27284e-03    4.24468e-03
+210 ||    3.08860e-03    3.06786e-03    3.05161e-03    3.04433e-03    3.04106e-03    3.04582e-03    3.05216e-03    3.06162e-03    3.07289e-03    3.08776e-03    3.10435e-03    3.12435e-03    3.14629e-03    3.17214e-03    3.19249e-03    3.20183e-03    3.20980e-03    3.21503e-03    3.20541e-03    3.16610e-03    3.13311e-03    3.11276e-03    3.09858e-03    3.09674e-03    3.08860e-03
+225 ||    1.90993e-03    1.91079e-03    1.91423e-03    1.92282e-03    1.93322e-03    1.94726e-03    1.95468e-03    1.94888e-03    1.93704e-03    1.91317e-03    1.88868e-03    1.86296e-03    1.84805e-03    1.85476e-03    1.86180e-03    1.86947e-03    1.87242e-03    1.86594e-03    1.86114e-03    1.85974e-03    1.86154e-03    1.86976e-03    1.88098e-03    1.89818e-03    1.90993e-03
+240 ||    1.48542e-03    1.48272e-03    1.48210e-03    1.48565e-03    1.49051e-03    1.49799e-03    1.50232e-03    1.50032e-03    1.49545e-03    1.48483e-03    1.47370e-03    1.46158e-03    1.45511e-03    1.45993e-03    1.46520e-03    1.47134e-03    1.47574e-03    1.47667e-03    1.47619e-03    1.47288e-03    1.47120e-03    1.47278e-03    1.47592e-03    1.48216e-03    1.48542e-03
+255 ||    1.00391e-03    9.98498e-04    9.94311e-04    9.92573e-04    9.91488e-04    9.91710e-04    9.92525e-04    9.94528e-04    9.96946e-04    1.00019e-03    1.00297e-03    1.00479e-03    1.00672e-03    1.00884e-03    1.01152e-03    1.01535e-03    1.02053e-03    1.02842e-03    1.03195e-03    1.02676e-03    1.02174e-03    1.01706e-03    1.01256e-03    1.00845e-03    1.00391e-03
+270 ||    6.21643e-04    6.18692e-04    6.16529e-04    6.15943e-04    6.15811e-04    6.16584e-04    6.17762e-04    6.19749e-04    6.21959e-04    6.24613e-04    6.27089e-04    6.29209e-04    6.31272e-04    6.33226e-04    6.35071e-04    6.36701e-04    6.38780e-04    6.41755e-04    6.42235e-04    6.37723e-04    6.33549e-04    6.30050e-04    6.26869e-04    6.24323e-04    6.21643e-04
+285 ||    2.26373e-04    2.25939e-04    2.25843e-04    2.26422e-04    2.27243e-04    2.28546e-04    2.30051e-04    2.31959e-04    2.33892e-04    2.35875e-04    2.37988e-04    2.40357e-04    2.42521e-04    2.44272e-04    2.45244e-04    2.44656e-04    2.43601e-04    2.41612e-04    2.39045e-04    2.35323e-04    2.32096e-04    2.29859e-04    2.28060e-04    2.27135e-04    2.26373e-04
+300 ||    1.02885e-03    1.02854e-03    1.02925e-03    1.03203e-03    1.03468e-03    1.03708e-03    1.03913e-03    1.04049e-03    1.04209e-03    1.04417e-03    1.04929e-03    1.06047e-03    1.07374e-03    1.09117e-03    1.10472e-03    1.11049e-03    1.10773e-03    1.08790e-03    1.07067e-03    1.05863e-03    1.04788e-03    1.03974e-03    1.03341e-03    1.03074e-03    1.02885e-03
+315 ||    1.83103e-03    1.83082e-03    1.83233e-03    1.83728e-03    1.84175e-03    1.84524e-03    1.84785e-03    1.84867e-03    1.84995e-03    1.85217e-03    1.86031e-03    1.88031e-03    1.90468e-03    1.93777e-03    1.96387e-03    1.97600e-03    1.97154e-03    1.93390e-03    1.90202e-03    1.88167e-03    1.86340e-03    1.84933e-03    1.83848e-03    1.83405e-03    1.83103e-03
+330 ||    2.96855e-03    2.96587e-03    2.96445e-03    2.96556e-03    2.96726e-03    2.97014e-03    2.97458e-03    2.98212e-03    2.98966e-03    2.99718e-03    3.00713e-03    3.02191e-03    3.03949e-03    3.06268e-03    3.08083e-03    3.08887e-03    3.08487e-03    3.05677e-03    3.03175e-03    3.01293e-03    2.99625e-03    2.98388e-03    2.97460e-03    2.97151e-03    2.96855e-03
+345 ||    4.12730e-03    4.12218e-03    4.11792e-03    4.11533e-03    4.11439e-03    4.11674e-03    4.12303e-03    4.13718e-03    4.15087e-03    4.16362e-03    4.17542e-03    4.18532e-03    4.19654e-03    4.21039e-03    4.22097e-03    4.22499e-03    4.22132e-03    4.20227e-03    4.18370e-03    4.16610e-03    4.15073e-03    4.13984e-03    4.13198e-03    4.13019e-03    4.12730e-03
+360 ||    4.50987e-03    4.50695e-03    4.50444e-03    4.50274e-03    4.50086e-03    4.49858e-03    4.49913e-03    4.50535e-03    4.51403e-03    4.52764e-03    4.54372e-03    4.56474e-03    4.58986e-03    4.62319e-03    4.64527e-03    4.64488e-03    4.63290e-03    4.59775e-03    4.56812e-03    4.54953e-03    4.53412e-03    4.52507e-03    4.51767e-03    4.51358e-03    4.50987e-03
##########################################################################################
### MCD_v6.1 with Martian Year 27 scenario.
### Latitude 83.8N. Longitude 235.0E. Altitude 0.0 m ALS.
### --------------------------------------------------------------------------------------
### Column 1 is Areocentric longitude (degrees)
### Columns 2+ are Surface pressure (Pa)
### Line 1 is Local time (Martian hour)
### --------------------------------------------------------------------------------------
### Retrieved on: 2024-06-07T23:21:14.316485
### Mars Climate Database (c) LMD/OU/IAA/ESA/CNES
##########################################################################################
---- ||    0.00000e+00    1.00000e+00    2.00000e+00    3.00000e+00    4.00000e+00    5.00000e+00    6.00000e+00    7.00000e+00    8.00000e+00    9.00000e+00    1.00000e+01    1.10000e+01    1.20000e+01    1.30000e+01    1.40000e+01    1.50000e+01    1.60000e+01    1.70000e+01    1.80000e+01    1.90000e+01    2.00000e+01    2.10000e+01    2.20000e+01    2.30000e+01    2.40000e+01
-----------------------------------
+000 ||    8.38803e+02    8.37628e+02    8.36818e+02    8.36737e+02    8.36808e+02    8.37182e+02    8.37631e+02    8.38229e+02    8.38812e+02    8.39365e+02    8.39902e+02    8.40406e+02    8.40817e+02    8.41041e+02    8.41445e+02    8.42210e+02    8.42643e+02    8.42409e+02    8.42241e+02    8.42202e+02    8.42051e+02    8.41678e+02    8.41056e+02    8.39939e+02    8.38803e+02
+015 ||    8.40245e+02    8.39058e+02    8.38185e+02    8.37941e+02    8.37880e+02    8.38187e+02    8.38575e+02    8.39123e+02    8.39785e+02    8.40675e+02    8.41456e+02    8.42021e+02    8.42529e+02    8.42922e+02    8.43340e+02    8.43809e+02    8.44013e+02    8.43688e+02    8.43510e+02    8.43630e+02    8.43586e+02    8.43214e+02    8.42579e+02    8.41416e+02    8.40245e+02
+030 ||    8.79064e+02    8.78365e+02    8.77836e+02    8.77646e+02    8.77603e+02    8.77850e+02    8.78068e+02    8.78225e+02    8.78478e+02    8.78922e+02    8.79242e+02    8.79313e+02    8.79413e+02    8.79568e+02    8.79796e+02    8.80173e+02    8.80416e+02    8.80394e+02    8.80458e+02    8.80697e+02    8.80824e+02    8.80727e+02    8.80435e+02    8.79752e+02    8.79064e+02
+045 ||    9.16155e+02    9.15946e+02    9.15762e+02    9.15628e+02    9.15602e+02    9.15789e+02    9.15836e+02    9.15602e+02    9.15445e+02    9.15441e+02    9.15299e+02    9.14877e+02    9.14569e+02    9.14487e+02    9.14526e+02    9.14809e+02    9.15091e+02    9.15370e+02    9.15676e+02    9.16033e+02    9.16330e+02    9.16506e+02    9.16557e+02    9.16358e+02    9.16155e+02
+060 ||    9.15319e+02    9.14956e+02    9.14705e+02    9.14678e+02    9.14751e+02    9.15022e+02    9.15194e+02    9.15166e+02    9.15145e+02    9.15137e+02    9.15050e+02    9.14803e+02    9.14575e+02    9.14385e+02    9.14245e+02    9.14202e+02    9.14427e+02    9.15188e+02    9.15801e+02    9.16116e+02    9.16336e+02    9.16366e+02    9.16229e+02    9.15755e+02    9.15319e+02
+075 ||    8.95507e+02    8.94989e+02    8.94670e+02    8.94745e+02    8.94912e+02    8.95259e+02    8.95551e+02    8.95733e+02    8.95853e+02    8.95850e+02    8.95830e+02    8.95773e+02    8.95642e+02    8.95360e+02    8.95053e+02    8.94696e+02    8.94864e+02    8.96082e+02    8.96981e+02    8.97243e+02    8.97376e+02    8.97251e+02    8.96920e+02    8.96175e+02    8.95507e+02
+090 ||    8.52938e+02    8.52583e+02    8.52372e+02    8.52446e+02    8.52564e+02    8.52766e+02    8.52973e+02    8.53192e+02    8.53439e+02    8.53744e+02    8.54028e+02    8.54271e+02    8.54402e+02    8.54308e+02    8.54184e+02    8.53998e+02    8.54142e+02    8.54945e+02    8.55465e+02    8.55419e+02    8.55250e+02    8.54834e+02    8.54307e+02    8.53556e+02    8.52938e+02
+105 ||    8.03485e+02    8.03308e+02    8.03218e+02    8.03299e+02    8.03372e+02    8.03424e+02    8.03536e+02    8.03771e+02    8.04119e+02    8.04695e+02    8.05247e+02    8.05750e+02    8.06108e+02    8.06176e+02    8.06213e+02    8.06185e+02    8.06303e+02    8.06715e+02    8.06880e+02    8.06554e+02    8.06113e+02    8.05446e+02    8.04758e+02    8.04029e+02    8.03485e+02
+120 ||    7.67458e+02    7.67154e+02    7.67021e+02    7.67231e+02    7.67386e+02    7.67431e+02    7.67520e+02    7.67695e+02    7.68010e+02    7.68603e+02    7.69097e+02    7.69393e+02    7.69562e+02    7.69476e+02    7.69426e+02    7.69447e+02    7.69562e+02    7.69863e+02    7.69999e+02    7.69804e+02    7.69529e+02    7.69096e+02    7.68600e+02    7.67975e+02    7.67458e+02
+135 ||    7.43743e+02    7.43308e+02    7.43131e+02    7.43471e+02    7.43710e+02    7.43749e+02    7.43815e+02    7.43936e+02    7.44222e+02    7.44840e+02    7.45284e+02    7.45380e+02    7.45364e+02    7.45124e+02    7.44987e+02    7.45057e+02    7.45170e+02    7.45367e+02    7.45475e+02    7.45407e+02    7.45293e+02    7.45087e+02    7.44772e+02    7.44241e+02    7.43743e+02
+150 ||    7.18527e+02    7.17680e+02    7.17199e+02    7.17451e+02    7.17676e+02    7.17844e+02    7.18020e+02    7.18212e+02    7.18486e+02    7.18926e+02    7.19309e+02    7.19579e+02    7.19777e+02    7.19835e+02    7.20041e+02    7.20542e+02    7.20921e+02    7.21054e+02    7.21108e+02    7.21003e+02    7.20851e+02    7.20603e+02    7.20166e+02    7.19352e+02    7.18527e+02
+165 ||    7.09072e+02    7.07794e+02    7.06999e+02    7.07169e+02    7.07383e+02    7.07686e+02    7.07978e+02    7.08246e+02    7.08515e+02    7.08786e+02    7.09116e+02    7.09564e+02    7.09982e+02    7.10338e+02    7.10890e+02    7.11833e+02    7.12484e+02    7.12551e+02    7.12548e+02    7.12408e+02    7.12216e+02    7.11922e+02    7.11355e+02    7.10241e+02    7.09072e+02
+180 ||    7.22692e+02    7.21313e+02    7.20452e+02    7.20630e+02    7.20849e+02    7.21149e+02    7.21541e+02    7.22116e+02    7.22712e+02    7.23350e+02    7.24098e+02    7.25063e+02    7.25906e+02    7.26501e+02    7.27219e+02    7.28182e+02    7.28580e+02    7.27847e+02    7.27207e+02    7.26751e+02    7.26274e+02    7.25755e+02    7.25033e+02    7.23905e+02    7.22692e+02
+195 ||    7.50263e+02    7.48743e+02    7.47790e+02    7.47971e+02    7.48191e+02    7.48490e+02    7.48990e+02    7.49890e+02    7.50836e+02    7.51872e+02    7.53071e+02    7.54593e+02    7.55895e+02    7.56760e+02    7.57671e+02    7.58675e+02    7.58827e+02    7.57277e+02    7.55980e+02    7.55186e+02    7.54401e+02    7.53634e+02    7.52730e+02    7.51554e+02    7.50263e+02
+210 ||    7.91110e+02    7.89743e+02    7.89000e+02    7.89504e+02    7.89953e+02    7.90292e+02    7.90764e+02    7.91500e+02    7.92276e+02    7.93128e+02    7.94162e+02    7.95559e+02    7.96688e+02    7.97277e+02    7.97897e+02    7.98578e+02    7.98449e+02    7.96700e+02    7.95276e+02    7.94503e+02    7.93809e+02    7.93275e+02    7.92694e+02    7.92017e+02    7.91110e+02
+225 ||    8.31704e+02    8.30491e+02    8.29957e+02    8.30783e+02    8.31460e+02    8.31839e+02    8.32282e+02    8.32854e+02    8.33457e+02    8.34123e+02    8.34991e+02    8.36263e+02    8.37215e+02    8.37528e+02    8.37856e+02    8.38214e+02    8.37805e+02    8.35858e+02    8.34310e+02    8.33559e+02    8.32958e+02    8.32658e+02    8.32401e+02    8.32226e+02    8.31704e+02
+240 ||    8.88434e+02    8.87444e+02    8.86992e+02    8.87615e+02    8.88158e+02    8.88543e+02    8.88921e+02    8.89284e+02    8.89676e+02    8.90126e+02    8.90731e+02    8.91648e+02    8.92336e+02    8.92569e+02    8.92859e+02    8.93262e+02    8.93138e+02    8.91963e+02    8.90975e+02    8.90365e+02    8.89839e+02    8.89483e+02    8.89165e+02    8.88924e+02    8.88434e+02
+255 ||    9.26104e+02    9.25359e+02    9.24998e+02    9.25405e+02    9.25804e+02    9.26186e+02    9.26490e+02    9.26636e+02    9.26808e+02    9.27032e+02    9.27361e+02    9.27902e+02    9.28311e+02    9.28458e+02    9.28703e+02    9.29143e+02    9.29310e+02    9.28931e+02    9.28526e+02    9.28070e+02    9.27631e+02    9.27225e+02    9.26854e+02    9.26553e+02    9.26104e+02
+270 ||    9.19797e+02    9.19028e+02    9.18682e+02    9.19180e+02    9.19603e+02    9.19877e+02    9.20121e+02    9.20306e+02    9.20470e+02    9.20592e+02    9.20902e+02    9.21590e+02    9.22079e+02    9.22168e+02    9.22356e+02    9.22741e+02    9.22907e+02    9.22635e+02    9.22299e+02    9.21834e+02    9.21391e+02    9.20991e+02    9.20613e+02    9.20278e+02    9.19797e+02
+285 ||    9.00807e+02    9.00024e+02    8.99696e+02    9.00280e+02    9.00722e+02    9.00883e+02    9.01064e+02    9.01285e+02    9.01439e+02    9.01457e+02    9.01744e+02    9.02570e+02    9.03131e+02    9.03161e+02    9.03290e+02    9.03615e+02    9.03778e+02    9.03617e+02    9.03353e+02    9.02886e+02    9.02445e+02    9.02058e+02    9.01678e+02    9.01312e+02    9.00807e+02
+300 ||    8.76002e+02    8.75171e+02    8.74830e+02    8.75468e+02    8.75960e+02    8.76158e+02    8.76375e+02    8.76628e+02    8.76807e+02    8.76835e+02    8.77145e+02    8.78018e+02    8.78648e+02    8.78797e+02    8.79075e+02    8.79613e+02    8.79863e+02    8.79536e+02    8.79110e+02    8.78482e+02    8.77884e+02    8.77345e+02    8.76868e+02    8.76515e+02    8.76002e+02
+315 ||    8.55009e+02    8.54127e+02    8.53771e+02    8.54467e+02    8.55010e+02    8.55247e+02    8.55500e+02    8.55787e+02    8.55991e+02    8.56030e+02    8.56363e+02    8.57286e+02    8.57989e+02    8.58254e+02    8.58682e+02    8.59435e+02    8.59772e+02    8.59280e+02    8.58689e+02    8.57900e+02    8.57143e+02    8.56451e+02    8.55875e+02    8.55532e+02    8.55009e+02
+330 ||    8.34327e+02    8.33463e+02    8.33042e+02    8.33505e+02    8.33883e+02    8.34089e+02    8.34328e+02    8.34636e+02    8.34925e+02    8.35180e+02    8.35599e+02    8.36345e+02    8.36900e+02    8.37070e+02    8.37424e+02    8.38145e+02    8.38512e+02    8.38171e+02    8.37781e+02    8.37292e+02    8.36760e+02    8.36141e+02    8.35542e+02    8.34986e+02    8.34327e+02
+345 ||    8.20771e+02    8.19918e+02    8.19428e+02    8.19665e+02    8.19882e+02    8.20059e+02    8.20287e+02    8.20617e+02    8.20994e+02    8.21465e+02    8.21972e+02    8.22550e+02    8.22962e+02    8.23040e+02    8.23324e+02    8.24019e+02    8.24418e+02    8.24225e+02    8.24030e+02    8.23835e+02    8.23520e+02    8.22968e+02    8.22342e+02    8.21570e+02    8.20771e+02
+360 ||    8.29168e+02    8.28345e+02    8.27745e+02    8.27593e+02    8.27505e+02    8.27550e+02    8.27646e+02    8.27847e+02    8.28206e+02    8.28883e+02    8.29539e+02    8.30157e+02    8.30671e+02    8.30978e+02    8.31378e+02    8.31963e+02    8.32295e+02    8.32124e+02    8.31985e+02    8.31911e+02    8.31724e+02    8.31313e+02    8.30773e+02    8.29975e+02    8.29168e+02
##########################################################################################
### MCD_v6.1 with Martian Year 27 scenario.
### Latitude 83.8N. Longitude 235.0E. Altitude 0.0 m ALS.
### --------------------------------------------------------------------------------------
### Column 1 is Areocentric longitude (degrees)
### Columns 2+ are Surface temperature (K)
### Line 1 is Local time (Martian hour)
### --------------------------------------------------------------------------------------
### Retrieved on: 2024-06-07T23:21:14.317086
### Mars Climate Database (c) LMD/OU/IAA/ESA/CNES
##########################################################################################
---- ||    0.00000e+00    1.00000e+00    2.00000e+00    3.00000e+00    4.00000e+00    5.00000e+00    6.00000e+00    7.00000e+00    8.00000e+00    9.00000e+00    1.00000e+01    1.10000e+01    1.20000e+01    1.30000e+01    1.40000e+01    1.50000e+01    1.60000e+01    1.70000e+01    1.80000e+01    1.90000e+01    2.00000e+01    2.10000e+01    2.20000e+01    2.30000e+01    2.40000e+01
-----------------------------------
+000 ||    1.49557e+02    1.49545e+02    1.49537e+02    1.49535e+02    1.49535e+02    1.49539e+02    1.49544e+02    1.49551e+02    1.49558e+02    1.49565e+02    1.49572e+02    1.49580e+02    1.49587e+02    1.49592e+02    1.49597e+02    1.49605e+02    1.49609e+02    1.49604e+02    1.49599e+02    1.49597e+02    1.49594e+02    1.49588e+02    1.49580e+02    1.49569e+02    1.49557e+02
+015 ||    1.49713e+02    1.49701e+02    1.49692e+02    1.49689e+02    1.49687e+02    1.49690e+02    1.49695e+02    1.49703e+02    1.49713e+02    1.49726e+02    1.49737e+02    1.49747e+02    1.49756e+02    1.49763e+02    1.49769e+02    1.49774e+02    1.49775e+02    1.49768e+02    1.49762e+02    1.49760e+02    1.49756e+02    1.49748e+02    1.49739e+02    1.49726e+02    1.49713e+02
+030 ||    1.50101e+02    1.50092e+02    1.50086e+02    1.50083e+02    1.50081e+02    1.50084e+02    1.50087e+02    1.50091e+02    1.50097e+02    1.50105e+02    1.50112e+02    1.50117e+02    1.50121e+02    1.50126e+02    1.50131e+02    1.50135e+02    1.50137e+02    1.50134e+02    1.50132e+02    1.50131e+02    1.50129e+02    1.50125e+02    1.50119e+02    1.50110e+02    1.50101e+02
+045 ||    1.50489e+02    1.50484e+02    1.50480e+02    1.50477e+02    1.50475e+02    1.50477e+02    1.50479e+02    1.50479e+02    1.50480e+02    1.50484e+02    1.50486e+02    1.50486e+02    1.50487e+02    1.50489e+02    1.50492e+02    1.50497e+02    1.50500e+02    1.50500e+02    1.50501e+02    1.50502e+02    1.50502e+02    1.50501e+02    1.50499e+02    1.50494e+02    1.50489e+02
+060 ||    1.54176e+02    1.54146e+02    1.54126e+02    1.54124e+02    1.54131e+02    1.54157e+02    1.54193e+02    1.54246e+02    1.54312e+02    1.54404e+02    1.54493e+02    1.54577e+02    1.54652e+02    1.54711e+02    1.54759e+02    1.54784e+02    1.54745e+02    1.54578e+02    1.54455e+02    1.54415e+02    1.54372e+02    1.54319e+02    1.54268e+02    1.54219e+02    1.54176e+02
+075 ||    1.57862e+02    1.57808e+02    1.57772e+02    1.57770e+02    1.57786e+02    1.57837e+02    1.57907e+02    1.58013e+02    1.58144e+02    1.58324e+02    1.58500e+02    1.58667e+02    1.58817e+02    1.58933e+02    1.59026e+02    1.59070e+02    1.58989e+02    1.58656e+02    1.58408e+02    1.58329e+02    1.58241e+02    1.58137e+02    1.58037e+02    1.57943e+02    1.57862e+02
+090 ||    1.86021e+02    1.85831e+02    1.85721e+02    1.85774e+02    1.85905e+02    1.86194e+02    1.86547e+02    1.87027e+02    1.87537e+02    1.88105e+02    1.88645e+02    1.89130e+02    1.89541e+02    1.89803e+02    1.89969e+02    1.89942e+02    1.89741e+02    1.89191e+02    1.88670e+02    1.88205e+02    1.87727e+02    1.87221e+02    1.86751e+02    1.86351e+02    1.86021e+02
+105 ||    2.14179e+02    2.13853e+02    2.13671e+02    2.13777e+02    2.14024e+02    2.14551e+02    2.15187e+02    2.16041e+02    2.16929e+02    2.17885e+02    2.18790e+02    2.19593e+02    2.20265e+02    2.20673e+02    2.20912e+02    2.20813e+02    2.20492e+02    2.19726e+02    2.18931e+02    2.18082e+02    2.17213e+02    2.16305e+02    2.15464e+02    2.14759e+02    2.14179e+02
+120 ||    2.10563e+02    2.10188e+02    2.09959e+02    2.10021e+02    2.10228e+02    2.10727e+02    2.11340e+02    2.12181e+02    2.13061e+02    2.14016e+02    2.14922e+02    2.15727e+02    2.16404e+02    2.16824e+02    2.17075e+02    2.16989e+02    2.16725e+02    2.16107e+02    2.15410e+02    2.14554e+02    2.13678e+02    2.12765e+02    2.11911e+02    2.11177e+02    2.10563e+02
+135 ||    2.06946e+02    2.06523e+02    2.06247e+02    2.06264e+02    2.06433e+02    2.06903e+02    2.07493e+02    2.08322e+02    2.09192e+02    2.10147e+02    2.11053e+02    2.11861e+02    2.12543e+02    2.12975e+02    2.13238e+02    2.13164e+02    2.12958e+02    2.12489e+02    2.11889e+02    2.11026e+02    2.10144e+02    2.09225e+02    2.08358e+02    2.07596e+02    2.06946e+02
+150 ||    1.99107e+02    1.98749e+02    1.98491e+02    1.98434e+02    1.98492e+02    1.98782e+02    1.99181e+02    1.99797e+02    2.00465e+02    2.01235e+02    2.01977e+02    2.02663e+02    2.03243e+02    2.03609e+02    2.03828e+02    2.03750e+02    2.03616e+02    2.03371e+02    2.02974e+02    2.02271e+02    2.01568e+02    2.00862e+02    2.00197e+02    1.99615e+02    1.99107e+02
+165 ||    1.91268e+02    1.90974e+02    1.90734e+02    1.90603e+02    1.90552e+02    1.90661e+02    1.90869e+02    1.91273e+02    1.91737e+02    1.92322e+02    1.92900e+02    1.93465e+02    1.93943e+02    1.94244e+02    1.94417e+02    1.94335e+02    1.94273e+02    1.94253e+02    1.94058e+02    1.93516e+02    1.92991e+02    1.92498e+02    1.92036e+02    1.91634e+02    1.91268e+02
+180 ||    1.72275e+02    1.72098e+02    1.71952e+02    1.71867e+02    1.71822e+02    1.71859e+02    1.71950e+02    1.72150e+02    1.72398e+02    1.72743e+02    1.73092e+02    1.73452e+02    1.73753e+02    1.73935e+02    1.74033e+02    1.73962e+02    1.73923e+02    1.73948e+02    1.73861e+02    1.73550e+02    1.73251e+02    1.72976e+02    1.72717e+02    1.72487e+02    1.72275e+02
+195 ||    1.53281e+02    1.53222e+02    1.53170e+02    1.53130e+02    1.53092e+02    1.53057e+02    1.53031e+02    1.53026e+02    1.53058e+02    1.53163e+02    1.53285e+02    1.53440e+02    1.53564e+02    1.53627e+02    1.53649e+02    1.53588e+02    1.53572e+02    1.53643e+02    1.53664e+02    1.53583e+02    1.53511e+02    1.53454e+02    1.53397e+02    1.53339e+02    1.53281e+02
+210 ||    1.51299e+02    1.51264e+02    1.51236e+02    1.51220e+02    1.51204e+02    1.51188e+02    1.51178e+02    1.51178e+02    1.51197e+02    1.51252e+02    1.51316e+02    1.51398e+02    1.51464e+02    1.51496e+02    1.51508e+02    1.51479e+02    1.51470e+02    1.51499e+02    1.51504e+02    1.51461e+02    1.51421e+02    1.51391e+02    1.51361e+02    1.51331e+02    1.51299e+02
+225 ||    1.49317e+02    1.49307e+02    1.49302e+02    1.49309e+02    1.49315e+02    1.49320e+02    1.49324e+02    1.49330e+02    1.49335e+02    1.49341e+02    1.49347e+02    1.49357e+02    1.49364e+02    1.49365e+02    1.49367e+02    1.49370e+02    1.49369e+02    1.49356e+02    1.49345e+02    1.49338e+02    1.49332e+02    1.49329e+02    1.49326e+02    1.49323e+02    1.49317e+02
+240 ||    1.49352e+02    1.49344e+02    1.49340e+02    1.49346e+02    1.49352e+02    1.49358e+02    1.49363e+02    1.49369e+02    1.49374e+02    1.49378e+02    1.49383e+02    1.49388e+02    1.49392e+02    1.49392e+02    1.49392e+02    1.49393e+02    1.49392e+02    1.49388e+02    1.49382e+02    1.49375e+02    1.49369e+02    1.49365e+02    1.49361e+02    1.49357e+02    1.49352e+02
+255 ||    1.49386e+02    1.49380e+02    1.49378e+02    1.49383e+02    1.49388e+02    1.49395e+02    1.49402e+02    1.49408e+02    1.49413e+02    1.49416e+02    1.49418e+02    1.49420e+02    1.49420e+02    1.49419e+02    1.49417e+02    1.49415e+02    1.49416e+02    1.49420e+02    1.49420e+02    1.49413e+02    1.49406e+02    1.49401e+02    1.49396e+02    1.49391e+02    1.49386e+02
+270 ||    1.48787e+02    1.48784e+02    1.48782e+02    1.48781e+02    1.48782e+02    1.48789e+02    1.48795e+02    1.48803e+02    1.48811e+02    1.48817e+02    1.48822e+02    1.48826e+02    1.48828e+02    1.48828e+02    1.48828e+02    1.48827e+02    1.48827e+02    1.48829e+02    1.48825e+02    1.48812e+02    1.48801e+02    1.48796e+02    1.48792e+02    1.48789e+02    1.48787e+02
+285 ||    1.48187e+02    1.48188e+02    1.48186e+02    1.48179e+02    1.48177e+02    1.48182e+02    1.48189e+02    1.48198e+02    1.48208e+02    1.48218e+02    1.48226e+02    1.48232e+02    1.48236e+02    1.48238e+02    1.48239e+02    1.48239e+02    1.48239e+02    1.48238e+02    1.48231e+02    1.48211e+02    1.48196e+02    1.48192e+02    1.48189e+02    1.48188e+02    1.48187e+02
+300 ||    1.48448e+02    1.48444e+02    1.48439e+02    1.48434e+02    1.48432e+02    1.48436e+02    1.48442e+02    1.48450e+02    1.48458e+02    1.48467e+02    1.48477e+02    1.48489e+02    1.48499e+02    1.48505e+02    1.48511e+02    1.48518e+02    1.48519e+02    1.48510e+02    1.48498e+02    1.48482e+02    1.48469e+02    1.48462e+02    1.48456e+02    1.48452e+02    1.48448e+02
+315 ||    1.48710e+02    1.48700e+02    1.48692e+02    1.48689e+02    1.48688e+02    1.48691e+02    1.48695e+02    1.48702e+02    1.48708e+02    1.48717e+02    1.48728e+02    1.48746e+02    1.48762e+02    1.48773e+02    1.48784e+02    1.48796e+02    1.48798e+02    1.48781e+02    1.48766e+02    1.48754e+02    1.48742e+02    1.48732e+02    1.48723e+02    1.48717e+02    1.48710e+02
+330 ||    1.49035e+02    1.49026e+02    1.49020e+02    1.49020e+02    1.49021e+02    1.49024e+02    1.49028e+02    1.49033e+02    1.49040e+02    1.49047e+02    1.49055e+02    1.49068e+02    1.49079e+02    1.49085e+02    1.49092e+02    1.49100e+02    1.49102e+02    1.49089e+02    1.49078e+02    1.49071e+02    1.49064e+02    1.49057e+02    1.49049e+02    1.49042e+02    1.49035e+02
+345 ||    1.49360e+02    1.49352e+02    1.49348e+02    1.49350e+02    1.49353e+02    1.49356e+02    1.49360e+02    1.49365e+02    1.49371e+02    1.49376e+02    1.49383e+02    1.49390e+02    1.49395e+02    1.49397e+02    1.49400e+02    1.49405e+02    1.49406e+02    1.49397e+02    1.49391e+02    1.49389e+02    1.49386e+02    1.49381e+02    1.49376e+02    1.49368e+02    1.49360e+02
+360 ||    1.49609e+02    1.49600e+02    1.49592e+02    1.49590e+02    1.49589e+02    1.49590e+02    1.49592e+02    1.49597e+02    1.49604e+02    1.49615e+02    1.49625e+02    1.49636e+02    1.49645e+02    1.49651e+02    1.49657e+02    1.49662e+02    1.49664e+02    1.49656e+02    1.49650e+02    1.49647e+02    1.49643e+02    1.49637e+02    1.49629e+02    1.49619e+02    1.49609e+02
