##########################################################################################
### MCD_v6.1 with Martian Year 33 scenario.
### Latitude 83.8N. Longitude 235.0E. Local time 12.0h
### --------------------------------------------------------------------------------------
### Column 1 is Areocentric longitude (degrees)
### Columns 2+ are Pressure (Pa)
### Line 1 is height above surface (m)
### --------------------------------------------------------------------------------------
### Retrieved on: 2024-06-07T22:17:01.543768
### Mars Climate Database (c) LMD/OU/IAA/ESA/CNES
##########################################################################################
---- ||    0.00000e+00    1.47059e+03    2.94118e+03    4.41176e+03    5.88235e+03    7.35294e+03    8.82353e+03    1.02941e+04    1.17647e+04    1.32353e+04    1.47059e+04    1.61765e+04    1.76471e+04    1.91176e+04    2.05882e+04    2.20588e+04    2.35294e+04    2.50000e+04    2.64706e+04    2.79412e+04    2.94118e+04    3.08824e+04    3.23529e+04    3.38235e+04    3.52941e+04    3.67647e+04    3.82353e+04    3.97059e+04    4.11765e+04    4.26471e+04    4.41176e+04    4.55882e+04    4.70588e+04    4.85294e+04    5.00000e+04
-----------------------------------
+000 ||    8.18542e+02    6.75360e+02    5.56629e+02    4.58891e+02    3.79139e+02    3.13749e+02    2.59572e+02    2.14411e+02    1.76709e+02    1.45304e+02    1.19161e+02    9.75105e+01    7.96084e+01    6.48582e+01    5.27470e+01    4.28290e+01    3.47286e+01    2.81306e+01    2.27707e+01    1.84278e+01    1.49169e+01    1.20826e+01    9.80435e+00    7.97234e+00    6.49578e+00    5.30814e+00    4.35481e+00    3.58242e+00    2.95661e+00    2.45117e+00    2.03479e+00    1.69900e+00    1.41895e+00    1.19120e+00    1.00071e+00
+015 ||    8.34243e+02    6.88220e+02    5.67362e+02    4.68565e+02    3.89185e+02    3.24649e+02    2.70978e+02    2.25768e+02    1.87603e+02    1.55411e+02    1.28392e+02    1.05771e+02    8.69387e+01    7.13105e+01    5.83770e+01    4.77140e+01    3.89544e+01    3.17797e+01    2.59184e+01    2.11416e+01    1.72584e+01    1.41051e+01    1.15438e+01    9.46416e+00    7.78198e+00    6.41054e+00    5.29398e+00    4.38720e+00    3.64276e+00    3.03362e+00    2.53345e+00    2.11934e+00    1.77884e+00    1.49487e+00    1.25936e+00
+030 ||    8.71793e+02    7.21030e+02    5.96564e+02    4.94850e+02    4.13669e+02    3.48539e+02    2.94675e+02    2.49074e+02    2.10067e+02    1.76770e+02    1.48330e+02    1.24162e+02    1.03689e+02    8.63946e+01    7.18190e+01    5.95870e+01    4.93551e+01    4.08220e+01    3.37261e+01    2.78382e+01    2.29690e+01    1.89505e+01    1.56384e+01    1.29120e+01    1.06737e+01    8.83104e+00    7.31830e+00    6.07564e+00    5.05005e+00    4.20855e+00    3.51295e+00    2.93669e+00    2.46136e+00    2.06433e+00    1.73637e+00
+045 ||    9.07711e+02    7.52495e+02    6.24665e+02    5.20190e+02    4.37271e+02    3.71583e+02    3.17763e+02    2.72046e+02    2.32646e+02    1.98523e+02    1.69039e+02    1.43616e+02    1.21740e+02    1.02942e+02    8.68520e+01    7.31230e+01    6.14430e+01    5.15357e+01    4.31541e+01    3.60790e+01    3.01296e+01    2.51398e+01    2.09635e+01    1.74722e+01    1.45610e+01    1.21360e+01    1.01188e+01    8.44234e+00    7.04701e+00    5.89035e+00    4.92666e+00    4.12613e+00    3.45979e+00    2.90319e+00    2.44041e+00
+060 ||    9.03281e+02    7.59065e+02    6.39613e+02    5.39289e+02    4.56094e+02    3.88510e+02    3.33035e+02    2.86237e+02    2.46030e+02    2.11220e+02    1.81012e+02    1.54744e+02    1.31972e+02    1.12277e+02    9.52844e+01    8.06667e+01    6.81319e+01    5.74191e+01    4.82945e+01    4.05484e+01    3.39927e+01    2.84522e+01    2.37882e+01    1.98739e+01    1.65940e+01    1.38475e+01    1.15555e+01    9.64291e+00    8.05083e+00    6.72327e+00    5.61967e+00    4.70037e+00    3.93394e+00    3.29686e+00    2.76406e+00
+075 ||    8.80771e+02    7.50472e+02    6.42209e+02    5.49000e+02    4.68628e+02    4.00900e+02    3.44651e+02    2.97255e+02    2.56685e+02    2.21596e+02    1.91032e+02    1.64359e+02    1.41079e+02    1.20786e+02    1.03134e+02    8.78204e+01    7.45795e+01    6.31724e+01    5.33826e+01    4.50125e+01    3.78822e+01    3.18286e+01    2.67048e+01    2.23712e+01    1.87202e+01    1.56542e+01    1.30808e+01    1.09260e+01    9.12525e+00    7.62178e+00    6.36748e+00    5.32118e+00    4.44984e+00    3.72253e+00    3.11675e+00
+090 ||    8.45254e+02    7.30328e+02    6.32482e+02    5.47235e+02    4.72702e+02    4.08031e+02    3.52551e+02    3.04828e+02    2.63454e+02    2.27402e+02    1.95917e+02    1.68345e+02    1.44253e+02    1.23265e+02    1.05031e+02    8.92403e+01    7.56112e+01    6.38916e+01    5.38531e+01    4.52886e+01    3.80101e+01    3.18471e+01    2.66447e+01    2.22586e+01    1.85795e+01    1.54996e+01    1.29234e+01    1.07743e+01    8.98286e+00    7.49204e+00    6.25151e+00    5.21859e+00    4.36134e+00    3.64705e+00    3.05305e+00
+105 ||    8.02364e+02    7.03956e+02    6.17644e+02    5.41411e+02    4.73852e+02    4.13810e+02    3.60504e+02    3.13300e+02    2.71462e+02    2.34588e+02    2.02033e+02    1.73461e+02    1.48468e+02    1.26670e+02    1.07704e+02    9.13028e+01    7.71735e+01    6.50475e+01    5.46819e+01    4.58573e+01    3.83758e+01    3.20583e+01    2.67356e+01    2.22731e+01    1.85427e+01    1.54301e+01    1.28367e+01    1.06812e+01    8.88963e+00    7.40355e+00    6.17032e+00    5.14524e+00    4.29753e+00    3.59247e+00    3.00687e+00
+120 ||    7.67372e+02    6.71585e+02    5.87827e+02    5.13894e+02    4.48477e+02    3.90580e+02    3.39327e+02    2.94032e+02    2.54086e+02    2.18865e+02    1.87924e+02    1.60845e+02    1.37152e+02    1.16549e+02    9.87154e+01    8.33420e+01    7.01462e+01    5.88707e+01    4.92809e+01    4.11625e+01    3.43197e+01    2.85747e+01    2.37671e+01    1.97545e+01    1.64117e+01    1.36349e+01    1.13302e+01    9.41907e+00    7.83766e+00    6.52576e+00    5.43974e+00    4.54051e+00    3.79293e+00    3.17504e+00    2.66037e+00
+135 ||    7.44689e+02    6.50000e+02    5.67466e+02    4.94733e+02    4.30543e+02    3.73940e+02    3.24045e+02    2.80036e+02    2.41354e+02    2.07290e+02    1.77480e+02    1.51395e+02    1.28651e+02    1.08936e+02    9.19156e+01    7.72889e+01    6.47807e+01    5.41368e+01    4.51370e+01    3.75625e+01    3.12117e+01    2.59088e+01    2.14942e+01    1.78275e+01    1.47865e+01    1.22681e+01    1.01869e+01    8.46474e+00    7.04048e+00    5.86503e+00    4.89041e+00    4.08408e+00    3.41651e+00    2.86033e+00    2.40116e+00
+150 ||    7.24949e+02    6.25685e+02    5.38783e+02    4.62618e+02    3.96082e+02    3.38318e+02    2.88312e+02    2.45150e+02    2.08086e+02    1.76279e+02    1.48961e+02    1.25478e+02    1.05379e+02    8.82302e+01    7.36351e+01    6.12850e+01    5.08878e+01    4.21730e+01    3.48982e+01    2.88470e+01    2.38288e+01    1.96772e+01    1.62512e+01    1.34283e+01    1.11032e+01    9.18890e+00    7.61767e+00    6.32242e+00    5.25471e+00    4.37778e+00    3.65164e+00    3.05235e+00    2.55640e+00    2.14403e+00    1.80246e+00
+165 ||    7.21253e+02    6.15166e+02    5.22024e+02    4.41147e+02    3.71445e+02    3.11950e+02    2.61488e+02    2.19034e+02    1.83465e+02    1.53541e+02    1.28255e+02    1.06857e+02    8.88089e+01    7.36295e+01    6.08898e+01    5.02573e+01    4.14155e+01    3.40878e+01    2.80340e+01    2.30461e+01    1.89451e+01    1.55809e+01    1.28255e+01    1.05689e+01    8.71931e+00    7.20758e+00    5.96983e+00    4.95214e+00    4.11837e+00    3.43281e+00    2.86500e+00    2.39973e+00    2.01074e+00    1.69136e+00    1.42270e+00
+180 ||    7.25151e+02    6.08492e+02    5.08891e+02    4.24948e+02    3.54769e+02    2.96078e+02    2.46859e+02    2.05609e+02    1.71030e+02    1.41953e+02    1.17530e+02    9.70248e+01    7.98830e+01    6.56166e+01    5.37829e+01    4.39985e+01    3.59364e+01    2.93181e+01    2.39006e+01    1.94776e+01    1.58768e+01    1.29518e+01    1.05785e+01    8.65229e+00    7.09212e+00    5.82846e+00    4.79961e+00    3.96169e+00    3.28177e+00    2.72285e+00    2.26733e+00    1.89153e+00    1.58299e+00    1.32653e+00    1.11574e+00
+195 ||    7.42876e+02    6.13466e+02    5.06038e+02    4.18060e+02    3.46501e+02    2.87619e+02    2.38579e+02    1.97502e+02    1.63074e+02    1.34269e+02    1.10191e+02    9.01801e+01    7.36111e+01    5.99343e+01    4.86992e+01    3.94977e+01    3.19847e+01    2.58690e+01    2.09066e+01    1.68927e+01    1.36558e+01    1.10509e+01    8.95592e+00    7.27938e+00    5.93165e+00    4.84528e+00    3.96947e+00    3.26523e+00    2.69171e+00    2.22772e+00    1.84907e+00    1.53953e+00    1.28527e+00    1.07673e+00    9.02378e-01
+210 ||    7.79835e+02    6.43830e+02    5.31159e+02    4.38458e+02    3.62303e+02    2.99316e+02    2.46904e+02    2.03200e+02    1.66813e+02    1.36609e+02    1.11580e+02    9.09450e+01    7.39503e+01    6.00187e+01    4.86254e+01    3.93294e+01    3.17621e+01    2.56164e+01    2.06378e+01    1.66154e+01    1.33743e+01    1.07705e+01    8.68345e+00    7.01731e+00    5.69439e+00    4.63681e+00    3.78779e+00    3.11092e+00    2.56360e+00    2.11904e+00    1.76074e+00    1.46556e+00    1.22596e+00    1.02767e+00    8.63302e-01
+225 ||    8.16511e+02    6.73955e+02    5.56084e+02    4.58732e+02    3.78034e+02    3.10962e+02    2.55194e+02    2.08908e+02    1.70600e+02    1.39026e+02    1.13079e+02    9.18137e+01    7.44181e+01    6.02245e+01    4.86628e+01    3.92596e+01    3.16234e+01    2.54360e+01    2.04311e+01    1.63891e+01    1.31341e+01    1.05235e+01    8.44052e+00    6.78350e+00    5.48161e+00    4.45112e+00    3.62948e+00    2.97414e+00    2.45083e+00    2.02329e+00    1.68352e+00    1.40088e+00    1.17457e+00    9.85202e-01    8.29821e-01
+240 ||    8.69179e+02    7.17998e+02    5.92169e+02    4.88004e+02    4.01620e+02    3.29970e+02    2.70572e+02    2.21401e+02    1.80801e+02    1.47373e+02    1.19902e+02    9.73890e+01    7.89573e+01    6.39103e+01    5.16463e+01    4.16672e+01    3.35613e+01    2.69892e+01    2.16712e+01    1.73777e+01    1.39202e+01    1.11445e+01    8.92264e+00    7.15337e+00    5.75472e+00    4.64764e+00    3.76904e+00    3.07666e+00    2.52316e+00    2.07587e+00    1.72047e+00    1.42760e+00    1.19316e+00    9.98474e-01    8.38782e-01
+255 ||    9.03237e+02    7.46681e+02    6.15587e+02    5.06775e+02    4.16498e+02    3.41742e+02    2.79937e+02    2.28937e+02    1.86905e+02    1.52340e+02    1.23956e+02    1.00687e+02    8.16371e+01    6.60805e+01    5.33962e+01    4.30717e+01    3.46831e+01    2.78812e+01    2.23776e+01    1.79351e+01    1.43586e+01    1.14868e+01    9.18551e+00    7.34820e+00    5.88973e+00    4.73538e+00    3.82227e+00    3.10806e+00    2.53882e+00    2.08154e+00    1.71993e+00    1.42308e+00    1.18671e+00    9.90757e-01    8.30845e-01
+270 ||    9.01930e+02    7.46489e+02    6.15678e+02    5.06961e+02    4.16677e+02    3.41901e+02    2.80065e+02    2.29021e+02    1.86958e+02    1.52370e+02    1.23963e+02    1.00682e+02    8.16198e+01    6.60558e+01    5.33681e+01    4.30428e+01    3.46551e+01    2.78545e+01    2.23524e+01    1.79115e+01    1.43363e+01    1.14658e+01    9.16573e+00    7.32859e+00    5.86805e+00    4.70993e+00    3.79248e+00    3.07264e+00    2.50183e+00    2.04347e+00    1.68390e+00    1.38833e+00    1.15526e+00    9.61313e-01    8.04742e-01
+285 ||    8.88199e+02    7.36024e+02    6.07283e+02    5.00086e+02    4.11009e+02    3.37215e+02    2.76178e+02    2.25803e+02    1.84289e+02    1.50157e+02    1.22132e+02    9.91647e+01    8.03675e+01    6.50240e+01    5.25200e+01    4.23473e+01    3.40857e+01    2.73891e+01    2.19723e+01    1.76011e+01    1.40831e+01    1.12592e+01    8.99755e+00    7.19031e+00    5.75191e+00    4.60974e+00    3.70412e+00    2.99018e+00    2.42820e+00    1.97787e+00    1.62487e+00    1.33741e+00    1.10920e+00    9.19929e-01    7.69244e-01
+300 ||    8.53773e+02    7.06607e+02    5.82783e+02    4.79797e+02    3.94256e+02    3.23400e+02    2.64819e+02    2.16484e+02    1.76653e+02    1.43907e+02    1.17033e+02    9.50077e+01    7.69912e+01    6.22878e+01    5.03077e+01    4.05621e+01    3.26483e+01    2.62374e+01    2.10533e+01    1.68691e+01    1.35021e+01    1.08006e+01    8.63872e+00    6.91201e+00    5.54143e+00    4.45502e+00    3.59409e+00    2.91182e+00    2.37567e+00    1.94388e+00    1.60228e+00    1.32377e+00    1.10090e+00    9.15548e-01    7.67400e-01
+315 ||    8.23129e+02    6.80334e+02    5.60890e+02    4.61681e+02    3.79304e+02    3.11084e+02    2.54699e+02    2.08181e+02    1.69857e+02    1.38350e+02    1.12502e+02    9.13181e+01    7.39968e+01    5.98631e+01    4.83493e+01    3.89813e+01    3.13787e+01    2.52209e+01    2.02431e+01    1.62261e+01    1.29928e+01    1.03997e+01    8.32671e+00    6.67296e+00    5.36098e+00    4.32460e+00    3.50318e+00    2.84848e+00    2.33464e+00    1.91851e+00    1.58665e+00    1.31544e+00    1.09696e+00    9.14768e-01    7.68420e-01
+330 ||    8.10361e+02    6.69333e+02    5.51804e+02    4.54247e+02    3.73341e+02    3.06440e+02    2.51224e+02    2.05666e+02    1.68074e+02    1.37083e+02    1.11592e+02    9.06484e+01    7.34943e+01    5.94810e+01    4.80567e+01    3.87579e+01    3.12102e+01    2.50976e+01    2.01585e+01    1.61763e+01    1.29764e+01    1.04145e+01    8.36840e+00    6.73564e+00    5.44101e+00    4.41264e+00    3.59204e+00    2.93674e+00    2.41606e+00    1.99166e+00    1.65397e+00    1.37415e+00    1.14992e+00    9.62284e-01    8.09063e-01
+345 ||    8.04435e+02    6.63992e+02    5.47392e+02    4.50703e+02    3.70601e+02    3.04471e+02    2.49960e+02    2.04980e+02    1.67794e+02    1.37061e+02    1.11703e+02    9.08226e+01    7.36821e+01    5.96624e+01    4.82233e+01    3.89103e+01    3.13465e+01    2.52211e+01    2.02727e+01    1.62867e+01    1.30887e+01    1.05323e+01    8.49191e+00    6.86347e+00    5.57459e+00    4.54377e+00    3.71599e+00    3.05471e+00    2.52204e+00    2.08795e+00    1.73891e+00    1.45003e+00    1.21562e+00    1.02081e+00    8.59070e-01
+360 ||    8.14653e+02    6.72189e+02    5.54271e+02    4.57540e+02    3.78853e+02    3.14272e+02    2.60575e+02    2.15635e+02    1.77996e+02    1.46552e+02    1.20300e+02    9.85184e+01    8.04898e+01    6.56123e+01    5.33878e+01    4.33715e+01    3.51874e+01    2.85187e+01    2.30994e+01    1.87067e+01    1.51537e+01    1.22844e+01    9.97950e+00    8.12450e+00    6.62849e+00    5.42758e+00    4.46005e+00    3.67459e+00    3.03945e+00    2.52321e+00    2.09915e+00    1.75451e+00    1.46823e+00    1.23345e+00    1.03806e+00
##########################################################################################
### MCD_v6.1 with Martian Year 33 scenario.
### Latitude 83.8N. Longitude 235.0E. Local time 12.0h
### --------------------------------------------------------------------------------------
### Column 1 is Areocentric longitude (degrees)
### Columns 2+ are Temperature (K)
### Line 1 is height above surface (m)
### --------------------------------------------------------------------------------------
### Retrieved on: 2024-06-07T22:17:01.552108
### Mars Climate Database (c) LMD/OU/IAA/ESA/CNES
##########################################################################################
---- ||    0.00000e+00    1.47059e+03    2.94118e+03    4.41176e+03    5.88235e+03    7.35294e+03    8.82353e+03    1.02941e+04    1.17647e+04    1.32353e+04    1.47059e+04    1.61765e+04    1.76471e+04    1.91176e+04    2.05882e+04    2.20588e+04    2.35294e+04    2.50000e+04    2.64706e+04    2.79412e+04    2.94118e+04    3.08824e+04    3.23529e+04    3.38235e+04    3.52941e+04    3.67647e+04    3.82353e+04    3.97059e+04    4.11765e+04    4.26471e+04    4.41176e+04    4.55882e+04    4.70588e+04    4.85294e+04    5.00000e+04
-----------------------------------
+000 ||    1.49475e+02    1.48883e+02    1.48141e+02    1.49235e+02    1.51136e+02    1.51558e+02    1.50595e+02    1.48887e+02    1.46914e+02    1.44927e+02    1.43044e+02    1.41293e+02    1.39713e+02    1.38299e+02    1.37048e+02    1.35973e+02    1.35101e+02    1.34460e+02    1.34078e+02    1.34001e+02    1.34258e+02    1.34847e+02    1.35931e+02    1.37338e+02    1.39005e+02    1.40978e+02    1.43201e+02    1.45538e+02    1.47990e+02    1.50481e+02    1.52982e+02    1.55308e+02    1.57627e+02    1.59638e+02    1.61606e+02
+015 ||    1.49721e+02    1.49172e+02    1.48752e+02    1.52155e+02    1.57016e+02    1.58875e+02    1.57909e+02    1.55642e+02    1.53036e+02    1.50522e+02    1.48229e+02    1.46201e+02    1.44398e+02    1.42820e+02    1.41494e+02    1.40432e+02    1.39651e+02    1.39169e+02    1.38993e+02    1.39150e+02    1.39656e+02    1.40460e+02    1.41521e+02    1.42847e+02    1.44458e+02    1.46199e+02    1.48096e+02    1.50094e+02    1.52120e+02    1.54169e+02    1.56174e+02    1.58153e+02    1.59992e+02    1.61779e+02    1.63360e+02
+030 ||    1.50092e+02    1.51860e+02    1.52195e+02    1.56407e+02    1.64548e+02    1.70435e+02    1.71505e+02    1.69875e+02    1.67358e+02    1.64727e+02    1.62176e+02    1.59758e+02    1.57496e+02    1.55409e+02    1.53531e+02    1.51867e+02    1.50431e+02    1.49239e+02    1.48302e+02    1.47671e+02    1.47315e+02    1.47220e+02    1.47359e+02    1.47764e+02    1.48460e+02    1.49304e+02    1.50374e+02    1.51606e+02    1.52929e+02    1.54358e+02    1.55804e+02    1.57265e+02    1.58685e+02    1.60096e+02    1.61379e+02
+045 ||    1.50462e+02    1.54529e+02    1.55561e+02    1.60427e+02    1.71300e+02    1.81113e+02    1.84761e+02    1.83875e+02    1.81688e+02    1.79085e+02    1.76418e+02    1.73773e+02    1.71196e+02    1.68735e+02    1.66416e+02    1.64263e+02    1.62296e+02    1.60530e+02    1.58983e+02    1.57688e+02    1.56626e+02    1.55784e+02    1.55145e+02    1.54760e+02    1.54623e+02    1.54635e+02    1.54897e+02    1.55321e+02    1.55866e+02    1.56606e+02    1.57400e+02    1.58272e+02    1.59160e+02    1.60056e+02    1.60919e+02
+060 ||    1.59184e+02    1.71090e+02    1.70927e+02    1.71232e+02    1.75582e+02    1.83706e+02    1.88806e+02    1.89886e+02    1.88749e+02    1.86536e+02    1.83828e+02    1.80904e+02    1.77941e+02    1.75023e+02    1.72215e+02    1.69570e+02    1.67129e+02    1.64914e+02    1.62932e+02    1.61184e+02    1.59666e+02    1.58419e+02    1.57403e+02    1.56581e+02    1.55926e+02    1.55587e+02    1.55410e+02    1.55412e+02    1.55646e+02    1.55959e+02    1.56459e+02    1.57027e+02    1.57659e+02    1.58333e+02    1.59017e+02
+075 ||    1.67906e+02    1.87445e+02    1.86889e+02    1.84372e+02    1.82914e+02    1.87601e+02    1.92649e+02    1.94908e+02    1.95195e+02    1.93734e+02    1.91175e+02    1.88152e+02    1.84916e+02    1.81615e+02    1.78361e+02    1.75238e+02    1.72315e+02    1.69643e+02    1.67228e+02    1.65071e+02    1.63169e+02    1.61503e+02    1.60048e+02    1.58836e+02    1.57836e+02    1.57002e+02    1.56387e+02    1.56044e+02    1.55817e+02    1.55838e+02    1.55951e+02    1.56182e+02    1.56542e+02    1.56945e+02    1.57406e+02
+090 ||    1.91167e+02    2.03775e+02    2.02871e+02    2.00583e+02    1.97594e+02    1.96747e+02    1.97338e+02    1.96990e+02    1.95423e+02    1.92930e+02    1.89794e+02    1.86338e+02    1.82818e+02    1.79353e+02    1.76005e+02    1.72821e+02    1.69837e+02    1.67092e+02    1.64615e+02    1.62425e+02    1.60529e+02    1.58913e+02    1.57557e+02    1.56513e+02    1.55683e+02    1.55045e+02    1.54650e+02    1.54512e+02    1.54498e+02    1.54704e+02    1.55026e+02    1.55455e+02    1.56069e+02    1.56736e+02    1.57485e+02
+105 ||    2.14427e+02    2.20457e+02    2.18959e+02    2.16790e+02    2.13496e+02    2.09693e+02    2.05736e+02    2.01705e+02    1.97563e+02    1.93363e+02    1.89162e+02    1.85039e+02    1.81069e+02    1.77308e+02    1.73802e+02    1.70520e+02    1.67459e+02    1.64634e+02    1.62074e+02    1.59821e+02    1.57904e+02    1.56316e+02    1.55098e+02    1.54176e+02    1.53511e+02    1.53070e+02    1.52910e+02    1.52982e+02    1.53185e+02    1.53586e+02    1.54120e+02    1.54753e+02    1.55623e+02    1.56561e+02    1.57600e+02
+120 ||    2.08472e+02    2.16507e+02    2.14827e+02    2.12282e+02    2.08977e+02    2.05431e+02    2.01639e+02    1.97658e+02    1.93542e+02    1.89336e+02    1.85098e+02    1.80904e+02    1.76872e+02    1.73058e+02    1.69491e+02    1.66194e+02    1.63204e+02    1.60562e+02    1.58297e+02    1.56419e+02    1.54912e+02    1.53741e+02    1.52871e+02    1.52266e+02    1.51980e+02    1.51938e+02    1.52082e+02    1.52435e+02    1.52981e+02    1.53623e+02    1.54420e+02    1.55353e+02    1.56356e+02    1.57487e+02    1.58656e+02
+135 ||    2.02516e+02    2.12559e+02    2.10727e+02    2.08100e+02    2.04908e+02    2.01644e+02    1.98021e+02    1.94092e+02    1.90002e+02    1.85779e+02    1.81483e+02    1.77203e+02    1.73064e+02    1.69143e+02    1.65495e+02    1.62179e+02    1.59278e+02    1.56867e+02    1.54915e+02    1.53392e+02    1.52270e+02    1.51484e+02    1.50994e+02    1.50767e+02    1.50771e+02    1.51026e+02    1.51529e+02    1.52164e+02    1.52948e+02    1.53883e+02    1.54890e+02    1.56001e+02    1.57188e+02    1.58410e+02    1.59702e+02
+150 ||    1.95380e+02    1.95709e+02    1.92070e+02    1.88318e+02    1.84847e+02    1.81761e+02    1.78761e+02    1.76171e+02    1.73884e+02    1.71241e+02    1.68149e+02    1.64903e+02    1.61731e+02    1.58754e+02    1.56084e+02    1.53777e+02    1.51858e+02    1.50327e+02    1.49162e+02    1.48334e+02    1.47812e+02    1.47595e+02    1.47681e+02    1.48005e+02    1.48533e+02    1.49266e+02    1.50235e+02    1.51319e+02    1.52530e+02    1.53878e+02    1.55274e+02    1.56737e+02    1.58219e+02    1.59715e+02    1.61168e+02
+165 ||    1.88243e+02    1.78507e+02    1.73359e+02    1.68935e+02    1.65544e+02    1.63101e+02    1.61616e+02    1.61331e+02    1.61028e+02    1.59552e+02    1.57418e+02    1.55067e+02    1.52786e+02    1.50690e+02    1.48882e+02    1.47367e+02    1.46158e+02    1.45260e+02    1.44671e+02    1.44381e+02    1.44372e+02    1.44672e+02    1.45237e+02    1.46019e+02    1.46989e+02    1.48206e+02    1.49598e+02    1.51097e+02    1.52722e+02    1.54401e+02    1.56108e+02    1.57808e+02    1.59503e+02    1.61076e+02    1.62649e+02
+180 ||    1.69849e+02    1.63615e+02    1.60785e+02    1.59438e+02    1.59047e+02    1.58137e+02    1.57069e+02    1.56112e+02    1.54619e+02    1.52493e+02    1.50148e+02    1.47873e+02    1.45811e+02    1.43971e+02    1.42369e+02    1.41030e+02    1.39967e+02    1.39174e+02    1.38670e+02    1.38483e+02    1.38650e+02    1.39150e+02    1.39955e+02    1.41022e+02    1.42370e+02    1.43936e+02    1.45628e+02    1.47440e+02    1.49372e+02    1.51338e+02    1.53357e+02    1.55356e+02    1.57321e+02    1.59213e+02    1.60903e+02
+195 ||    1.51454e+02    1.49227e+02    1.49099e+02    1.51451e+02    1.53609e+02    1.53712e+02    1.52381e+02    1.50341e+02    1.48033e+02    1.45637e+02    1.43284e+02    1.41175e+02    1.39326e+02    1.37686e+02    1.36236e+02    1.34986e+02    1.33953e+02    1.33181e+02    1.32721e+02    1.32633e+02    1.32952e+02    1.33673e+02    1.34760e+02    1.36244e+02    1.37934e+02    1.39787e+02    1.41796e+02    1.43975e+02    1.46224e+02    1.48581e+02    1.50948e+02    1.53324e+02    1.55582e+02    1.57688e+02    1.59761e+02
+210 ||    1.50319e+02    1.49169e+02    1.49080e+02    1.50024e+02    1.50470e+02    1.49693e+02    1.48020e+02    1.46025e+02    1.43980e+02    1.42005e+02    1.40156e+02    1.38489e+02    1.36992e+02    1.35613e+02    1.34358e+02    1.33224e+02    1.32220e+02    1.31378e+02    1.30735e+02    1.30344e+02    1.30258e+02    1.30613e+02    1.31531e+02    1.33277e+02    1.35576e+02    1.38070e+02    1.40677e+02    1.43335e+02    1.46059e+02    1.48840e+02    1.51593e+02    1.54337e+02    1.56878e+02    1.59334e+02    1.61614e+02
+225 ||    1.49185e+02    1.49112e+02    1.49072e+02    1.48647e+02    1.47325e+02    1.45640e+02    1.43651e+02    1.41759e+02    1.40029e+02    1.38524e+02    1.37190e+02    1.35958e+02    1.34771e+02    1.33636e+02    1.32554e+02    1.31508e+02    1.30503e+02    1.29549e+02    1.28671e+02    1.27921e+02    1.27379e+02    1.27409e+02    1.28356e+02    1.30411e+02    1.33399e+02    1.36546e+02    1.39731e+02    1.42851e+02    1.46039e+02    1.49251e+02    1.52363e+02    1.55475e+02    1.58294e+02    1.61099e+02    1.63562e+02
+240 ||    1.49246e+02    1.48877e+02    1.48390e+02    1.47634e+02    1.46344e+02    1.44868e+02    1.43237e+02    1.41647e+02    1.40141e+02    1.38746e+02    1.37442e+02    1.36196e+02    1.34982e+02    1.33800e+02    1.32659e+02    1.31552e+02    1.30489e+02    1.29486e+02    1.28564e+02    1.27765e+02    1.27153e+02    1.26879e+02    1.27104e+02    1.28344e+02    1.30538e+02    1.33375e+02    1.36653e+02    1.39865e+02    1.43160e+02    1.46514e+02    1.49855e+02    1.53194e+02    1.56143e+02    1.59024e+02    1.61633e+02
+255 ||    1.49308e+02    1.48646e+02    1.47675e+02    1.46493e+02    1.45208e+02    1.43924e+02    1.42644e+02    1.41366e+02    1.40091e+02    1.38819e+02    1.37550e+02    1.36296e+02    1.35058e+02    1.33833e+02    1.32637e+02    1.31473e+02    1.30359e+02    1.29314e+02    1.28354e+02    1.27522e+02    1.26869e+02    1.26428e+02    1.26235e+02    1.26726e+02    1.28161e+02    1.30583e+02    1.33943e+02    1.37248e+02    1.40660e+02    1.44159e+02    1.47720e+02    1.51292e+02    1.54331e+02    1.57289e+02    1.59981e+02
+270 ||    1.48888e+02    1.48551e+02    1.47647e+02    1.46508e+02    1.45232e+02    1.43944e+02    1.42652e+02    1.41360e+02    1.40072e+02    1.38790e+02    1.37511e+02    1.36248e+02    1.35005e+02    1.33780e+02    1.32586e+02    1.31425e+02    1.30305e+02    1.29248e+02    1.28270e+02    1.27417e+02    1.26736e+02    1.26266e+02    1.26035e+02    1.26363e+02    1.27414e+02    1.29283e+02    1.31959e+02    1.35019e+02    1.38348e+02    1.41847e+02    1.45451e+02    1.49060e+02    1.52045e+02    1.55030e+02    1.57667e+02
+285 ||    1.48468e+02    1.48454e+02    1.47576e+02    1.46433e+02    1.45166e+02    1.43872e+02    1.42568e+02    1.41261e+02    1.39961e+02    1.38670e+02    1.37381e+02    1.36109e+02    1.34862e+02    1.33639e+02    1.32450e+02    1.31293e+02    1.30170e+02    1.29105e+02    1.28115e+02    1.27250e+02    1.26559e+02    1.26082e+02    1.25847e+02    1.26009e+02    1.26712e+02    1.28086e+02    1.30158e+02    1.32964e+02    1.36285e+02    1.39797e+02    1.43444e+02    1.46964e+02    1.49974e+02    1.52985e+02    1.55535e+02
+300 ||    1.48595e+02    1.48354e+02    1.47433e+02    1.46214e+02    1.44930e+02    1.43677e+02    1.42401e+02    1.41117e+02    1.39837e+02    1.38562e+02    1.37296e+02    1.36048e+02    1.34820e+02    1.33623e+02    1.32460e+02    1.31338e+02    1.30261e+02    1.29239e+02    1.28294e+02    1.27488e+02    1.26880e+02    1.26564e+02    1.26606e+02    1.27097e+02    1.28362e+02    1.30359e+02    1.32938e+02    1.35976e+02    1.39389e+02    1.42861e+02    1.46340e+02    1.49646e+02    1.52456e+02    1.55266e+02    1.57635e+02
+315 ||    1.48722e+02    1.48252e+02    1.47303e+02    1.46019e+02    1.44721e+02    1.43510e+02    1.42262e+02    1.41001e+02    1.39741e+02    1.38481e+02    1.37238e+02    1.36012e+02    1.34804e+02    1.33634e+02    1.32496e+02    1.31412e+02    1.30378e+02    1.29400e+02    1.28505e+02    1.27749e+02    1.27226e+02    1.27090e+02    1.27456e+02    1.28395e+02    1.30133e+02    1.32723e+02    1.35727e+02    1.38987e+02    1.42424e+02    1.45832e+02    1.49148e+02    1.52254e+02    1.54868e+02    1.57483e+02    1.59686e+02
+330 ||    1.48963e+02    1.48611e+02    1.47633e+02    1.46363e+02    1.45263e+02    1.44385e+02    1.43409e+02    1.42207e+02    1.40812e+02    1.39325e+02    1.37851e+02    1.36439e+02    1.35107e+02    1.33861e+02    1.32692e+02    1.31612e+02    1.30624e+02    1.29744e+02    1.29018e+02    1.28547e+02    1.28448e+02    1.28853e+02    1.29788e+02    1.31247e+02    1.33325e+02    1.35897e+02    1.38779e+02    1.41915e+02    1.45154e+02    1.48398e+02    1.51439e+02    1.54450e+02    1.56985e+02    1.59520e+02    1.61599e+02
+345 ||    1.49204e+02    1.48972e+02    1.47994e+02    1.46767e+02    1.45856e+02    1.45307e+02    1.44608e+02    1.43473e+02    1.41949e+02    1.40243e+02    1.38538e+02    1.36932e+02    1.35472e+02    1.34145e+02    1.32940e+02    1.31856e+02    1.30905e+02    1.30112e+02    1.29541e+02    1.29351e+02    1.29646e+02    1.30544e+02    1.31998e+02    1.33961e+02    1.36355e+02    1.38942e+02    1.41704e+02    1.44718e+02    1.47776e+02    1.50862e+02    1.53691e+02    1.56466e+02    1.58998e+02    1.61455e+02    1.63598e+02
+360 ||    1.49472e+02    1.49099e+02    1.48796e+02    1.50758e+02    1.53241e+02    1.53549e+02    1.52295e+02    1.50262e+02    1.48013e+02    1.45768e+02    1.43693e+02    1.41806e+02    1.40126e+02    1.38659e+02    1.37381e+02    1.36300e+02    1.35438e+02    1.34815e+02    1.34458e+02    1.34405e+02    1.34687e+02    1.35327e+02    1.36541e+02    1.38096e+02    1.39926e+02    1.42035e+02    1.44306e+02    1.46678e+02    1.49179e+02    1.51685e+02    1.54194e+02    1.56513e+02    1.58782e+02    1.60825e+02    1.62765e+02
##########################################################################################
### MCD_v6.1 with Martian Year 33 scenario.
### Latitude 83.8N. Longitude 235.0E. Local time 12.0h
### --------------------------------------------------------------------------------------
### Column 1 is Areocentric longitude (degrees)
### Columns 2+ are Dust mass mixing ratio (kg/kg)
### Line 1 is height above surface (m)
### --------------------------------------------------------------------------------------
### Retrieved on: 2024-06-07T22:17:01.552963
### Mars Climate Database (c) LMD/OU/IAA/ESA/CNES
##########################################################################################
---- ||    0.00000e+00    1.47059e+03    2.94118e+03    4.41176e+03    5.88235e+03    7.35294e+03    8.82353e+03    1.02941e+04    1.17647e+04    1.32353e+04    1.47059e+04    1.61765e+04    1.76471e+04    1.91176e+04    2.05882e+04    2.20588e+04    2.35294e+04    2.50000e+04    2.64706e+04    2.79412e+04    2.94118e+04    3.08824e+04    3.23529e+04    3.38235e+04    3.52941e+04    3.67647e+04    3.82353e+04    3.97059e+04    4.11765e+04    4.26471e+04    4.41176e+04    4.55882e+04    4.70588e+04    4.85294e+04    5.00000e+04
-----------------------------------
+000 ||    1.91025e-06    1.78843e-06    1.78773e-06    1.84112e-06    1.77372e-06    1.50709e-06    1.14390e-06    7.87561e-07    4.88193e-07    2.70389e-07    1.41626e-07    6.66491e-08    2.87042e-08    1.16746e-08    4.94626e-09    2.54316e-09    1.54184e-09    9.75269e-10    5.74054e-10    2.84822e-10    1.04054e-10    2.00492e-11    4.95646e-12    1.08647e-13    3.20938e-16    2.73113e-16    2.86494e-15    3.02205e-14    9.66446e-14    3.06105e-13    5.56764e-13    4.41274e-13    3.11625e-13    2.48522e-13    1.94514e-13
+015 ||    1.44862e-06    1.29984e-06    1.23205e-06    1.27306e-06    1.13387e-06    7.87130e-07    4.38625e-07    2.18400e-07    9.50196e-08    3.87799e-08    1.39186e-08    5.05578e-09    1.62372e-09    4.42916e-10    1.37669e-10    4.98513e-11    1.77373e-11    5.75277e-12    1.09809e-12    1.42388e-13    1.49015e-14    4.62374e-18    6.01894e-18    1.04082e-17    3.43381e-16    5.70192e-16    5.13141e-16    6.66358e-16    9.43486e-16    1.41618e-15    1.30577e-15    8.45271e-16    5.12247e-16    2.25643e-16    8.48117e-17
+030 ||    1.00138e-06    1.10079e-06    1.05528e-06    1.03271e-06    9.57429e-07    7.62171e-07    4.79925e-07    2.65158e-07    1.47896e-07    8.19525e-08    4.93350e-08    3.08026e-08    1.96553e-08    1.26176e-08    8.07672e-09    4.99071e-09    2.90074e-09    1.53532e-09    7.06299e-10    3.11138e-10    1.28674e-10    5.06798e-11    2.29311e-11    1.55070e-11    1.05641e-11    6.52199e-12    3.43436e-12    1.68234e-12    6.74815e-13    3.93325e-13    2.05234e-13    1.03301e-13    5.68774e-14    2.44964e-14    1.38441e-14
+045 ||    5.54145e-07    8.99272e-07    8.79994e-07    7.95236e-07    7.54163e-07    6.97221e-07    4.93861e-07    3.07112e-07    1.88023e-07    1.26282e-07    8.92311e-08    6.40869e-08    4.58688e-08    3.26667e-08    2.27475e-08    1.52989e-08    9.82588e-09    5.93794e-09    3.31746e-09    1.74423e-09    8.36599e-10    3.53195e-10    1.29883e-10    6.49037e-11    3.90638e-11    2.64590e-11    1.82310e-11    1.13708e-11    5.53921e-12    2.98524e-12    1.27250e-12    7.24782e-13    3.92043e-13    1.92021e-13    1.09399e-13
+060 ||    1.27622e-06    1.75827e-06    1.67213e-06    1.38722e-06    1.14229e-06    1.08232e-06    9.29370e-07    6.95270e-07    4.94385e-07    3.49256e-07    2.50011e-07    1.81245e-07    1.29347e-07    9.05314e-08    6.18186e-08    4.06211e-08    2.53378e-08    1.49329e-08    8.30316e-09    4.30638e-09    2.07573e-09    1.09069e-09    5.84307e-10    2.98816e-10    1.37579e-10    7.78865e-11    3.73841e-11    1.80828e-11    9.37667e-12    3.60271e-12    1.92729e-12    9.02023e-13    4.93851e-13    3.07903e-13    1.63132e-13
+075 ||    1.99829e-06    2.61653e-06    2.49622e-06    2.05456e-06    1.60757e-06    1.45665e-06    1.34258e-06    1.11223e-06    8.43444e-07    6.19117e-07    4.54219e-07    3.33448e-07    2.40338e-07    1.69416e-07    1.16856e-07    7.80432e-08    4.95846e-08    2.96601e-08    1.68891e-08    9.14979e-09    4.73611e-09    2.38773e-09    1.23992e-09    7.27527e-10    4.06515e-10    1.94763e-10    8.94611e-11    4.15097e-11    1.38056e-11    6.79181e-12    2.28804e-12    1.04101e-12    5.94752e-13    3.57473e-13    2.42365e-13
+090 ||    9.41182e-06    3.84162e-06    3.22609e-06    2.62305e-06    1.97562e-06    1.58296e-06    1.37947e-06    1.16823e-06    9.25131e-07    7.02507e-07    5.19024e-07    3.83820e-07    2.81434e-07    2.02080e-07    1.40950e-07    9.45729e-08    6.06235e-08    3.74607e-08    2.27069e-08    1.34566e-08    7.58591e-09    3.92601e-09    1.84110e-09    9.36836e-10    4.28524e-10    1.67512e-10    6.95905e-11    2.92158e-11    1.01270e-11    5.36839e-12    2.50360e-12    1.37737e-12    8.85807e-13    5.17502e-13    3.08086e-13
+105 ||    1.68253e-05    5.20310e-06    4.09830e-06    3.25120e-06    2.43065e-06    1.86284e-06    1.49344e-06    1.22219e-06    9.95002e-07    7.84511e-07    5.99828e-07    4.47933e-07    3.29381e-07    2.38940e-07    1.69557e-07    1.14893e-07    7.39325e-08    4.60329e-08    2.88703e-08    1.82730e-08    1.10187e-08    5.85411e-09    2.86494e-09    1.26839e-09    4.71480e-10    1.42239e-10    5.21543e-11    1.75513e-11    6.73167e-12    4.35538e-12    2.77246e-12    1.77219e-12    1.15660e-12    6.65053e-13    3.61159e-13
+120 ||    2.18514e-05    4.77718e-06    3.45350e-06    2.60906e-06    1.96897e-06    1.53808e-06    1.25032e-06    1.02392e-06    8.29347e-07    6.56195e-07    5.01833e-07    3.67904e-07    2.62425e-07    1.83017e-07    1.22274e-07    7.60891e-08    4.37691e-08    2.42203e-08    1.36810e-08    7.91305e-09    4.42552e-09    2.24074e-09    9.61291e-10    3.29909e-10    1.32068e-10    4.64785e-11    1.25802e-11    5.67469e-12    3.12900e-12    1.80106e-12    1.17936e-12    7.50763e-13    4.22384e-13    2.56376e-13    1.30094e-13
+135 ||    2.68775e-05    4.33812e-06    2.82675e-06    2.06650e-06    1.59013e-06    1.28080e-06    1.04752e-06    8.57564e-07    6.95576e-07    5.57315e-07    4.27927e-07    3.07676e-07    2.09153e-07    1.36754e-07    8.33759e-08    4.41974e-08    1.93190e-08    6.98561e-09    2.00432e-09    5.28944e-10    2.03635e-10    8.65234e-11    3.53867e-11    1.29889e-11    5.17409e-12    3.44820e-12    2.33298e-12    1.43305e-12    6.95718e-13    3.76403e-13    1.87278e-13    1.13223e-13    7.03308e-14    4.20233e-14    2.98579e-14
+150 ||    1.52090e-05    3.73898e-06    2.81289e-06    2.35321e-06    2.02109e-06    1.72668e-06    1.38101e-06    1.01966e-06    7.08366e-07    4.71244e-07    2.95907e-07    1.80812e-07    1.06161e-07    5.72629e-08    2.75250e-08    1.14111e-08    3.85652e-09    1.08831e-09    3.14688e-10    1.16679e-10    4.49368e-11    1.68502e-11    7.49176e-12    3.73897e-12    2.29642e-12    1.43332e-12    8.48047e-13    4.40468e-13    2.44110e-13    2.21385e-13    2.03365e-13    1.46600e-13    9.78239e-14    5.47696e-14    3.13665e-14
+165 ||    3.54048e-06    3.26335e-06    2.98776e-06    2.79506e-06    2.53518e-06    2.14701e-06    1.58775e-06    1.02877e-06    6.10209e-07    3.38764e-07    1.77842e-07    9.24515e-08    4.30892e-08    1.70379e-08    6.47691e-09    2.03458e-09    5.82643e-10    2.06447e-10    8.18003e-11    3.01306e-11    1.11661e-11    5.19213e-12    2.78668e-12    1.60471e-12    9.35385e-13    5.76061e-13    3.59608e-13    2.51807e-13    3.25365e-13    2.96504e-13    2.10799e-13    1.34870e-13    6.11375e-14    3.93841e-14    1.76307e-14
+180 ||    3.17339e-06    2.78524e-06    2.55453e-06    2.27780e-06    1.84620e-06    1.37137e-06    9.02977e-07    5.27576e-07    2.80379e-07    1.41686e-07    6.83885e-08    3.19897e-08    1.33586e-08    4.90904e-09    1.46985e-09    3.70715e-10    1.27783e-10    4.94787e-11    1.72748e-11    6.40585e-12    2.83252e-12    1.42559e-12    7.99930e-13    4.59178e-13    2.72261e-13    1.69853e-13    1.47474e-13    2.27213e-13    2.14558e-13    1.78233e-13    1.10847e-13    5.90132e-14    3.35422e-14    1.35228e-14    8.69886e-15
+195 ||    2.80629e-06    2.32252e-06    2.14022e-06    1.74483e-06    1.16115e-06    6.92531e-07    3.71601e-07    1.75145e-07    6.68226e-08    2.11068e-08    7.01019e-09    1.68417e-09    2.15657e-10    9.12623e-11    3.77040e-11    1.78868e-11    8.09438e-12    2.61375e-12    4.79414e-13    2.15176e-14    8.03373e-15    4.62370e-18    4.62370e-18    4.62370e-18    1.81722e-16    2.65673e-14    1.12739e-13    1.54838e-13    1.64295e-13    1.05481e-13    6.09352e-14    3.15659e-14    1.25068e-14    6.75318e-15    1.35870e-15
+210 ||    3.08981e-06    2.64252e-06    2.67393e-06    2.39841e-06    1.90414e-06    1.35793e-06    8.61175e-07    4.89845e-07    2.49552e-07    1.04037e-07    4.03819e-08    1.22859e-08    4.92502e-09    2.23254e-09    1.12083e-09    6.13516e-10    3.42919e-10    1.89151e-10    8.96397e-11    3.26667e-11    9.08784e-12    1.80676e-12    1.25690e-13    1.51198e-14    1.10016e-13    2.77610e-13    5.43943e-13    1.39137e-12    2.22674e-12    3.05113e-12    2.43430e-12    1.33854e-12    7.47435e-13    3.66655e-13    9.91524e-14
+225 ||    3.37334e-06    2.96267e-06    3.20426e-06    3.04779e-06    2.64690e-06    2.01782e-06    1.33733e-06    7.80524e-07    4.08826e-07    1.73861e-07    6.41491e-08    2.11128e-08    8.59305e-09    3.87368e-09    1.95528e-09    1.07913e-09    6.10507e-10    3.34503e-10    1.48564e-10    4.95461e-11    1.42410e-11    2.93757e-12    2.15050e-13    1.41645e-14    2.65833e-13    5.75992e-13    1.31941e-12    2.99840e-12    4.70777e-12    6.42702e-12    4.28711e-12    2.12160e-12    1.30046e-12    5.47284e-13    1.80391e-13
+240 ||    2.60899e-06    2.18589e-06    2.37690e-06    2.34800e-06    2.09921e-06    1.65020e-06    1.11854e-06    6.68413e-07    3.62845e-07    1.72005e-07    7.98988e-08    3.71921e-08    2.07727e-08    1.24177e-08    7.75903e-09    4.88867e-09    2.95291e-09    1.66983e-09    8.54470e-10    3.80333e-10    1.41616e-10    3.80005e-11    4.44515e-12    7.05436e-13    1.11990e-13    2.53281e-13    5.11905e-13    1.46081e-12    2.42335e-12    3.39529e-12    2.56542e-12    1.44720e-12    8.92549e-13    4.36290e-13    1.76795e-13
+255 ||    1.84465e-06    1.41113e-06    1.55756e-06    1.62526e-06    1.51326e-06    1.22479e-06    8.46489e-07    5.11213e-07    2.88978e-07    1.57380e-07    8.78030e-08    5.11704e-08    3.18585e-08    2.03803e-08    1.32528e-08    8.53616e-09    5.22235e-09    2.97832e-09    1.55493e-09    7.18463e-10    2.79084e-10    7.73493e-11    9.27585e-12    2.10986e-12    1.70032e-14    4.53707e-16    9.64478e-15    1.99619e-13    3.93633e-13    5.90940e-13    5.87831e-13    5.49552e-13    4.12841e-13    2.61466e-13    1.65966e-13
+270 ||    1.49351e-06    1.15258e-06    1.26645e-06    1.35214e-06    1.33140e-06    1.14135e-06    8.23357e-07    5.10307e-07    2.88716e-07    1.56115e-07    8.73722e-08    5.05536e-08    3.15342e-08    2.02963e-08    1.33714e-08    8.79942e-09    5.56876e-09    3.30727e-09    1.80179e-09    8.70473e-10    3.53789e-10    1.03666e-10    1.45989e-11    3.34762e-12    9.27856e-14    1.50059e-14    5.56558e-14    1.53801e-13    2.68039e-13    3.92432e-13    3.87064e-13    3.74024e-13    2.67292e-13    1.60561e-13    1.05272e-13
+285 ||    1.14237e-06    8.94726e-07    9.80289e-07    1.07969e-06    1.14070e-06    1.03710e-06    7.75822e-07    4.87966e-07    2.75470e-07    1.48836e-07    8.30875e-08    4.83842e-08    3.02152e-08    1.95649e-08    1.30557e-08    8.75681e-09    5.69117e-09    3.47708e-09    1.94278e-09    9.59916e-10    3.99571e-10    1.21632e-10    1.87884e-11    3.39482e-12    1.43526e-13    3.64826e-14    9.48128e-14    9.78407e-14    1.34909e-13    1.79675e-13    1.92993e-13    1.91532e-13    1.31146e-13    7.07598e-14    4.84447e-14
+300 ||    1.65967e-06    1.38692e-06    1.57459e-06    1.66173e-06    1.55231e-06    1.23396e-06    8.13965e-07    4.59734e-07    2.43101e-07    1.23882e-07    6.31468e-08    3.44352e-08    2.06906e-08    1.32583e-08    8.93562e-09    6.13896e-09    4.11991e-09    2.57378e-09    1.43842e-09    7.05390e-10    2.89662e-10    8.81591e-11    1.28375e-11    5.73038e-13    1.02241e-13    1.48159e-13    6.14010e-13    1.75727e-12    2.94631e-12    3.87431e-12    3.73471e-12    3.42722e-12    2.63976e-12    1.85231e-12    1.28622e-12
+315 ||    2.17697e-06    1.88121e-06    2.16964e-06    2.23746e-06    1.95625e-06    1.42832e-06    8.54139e-07    4.37312e-07    2.14356e-07    1.00772e-07    4.44954e-08    2.12157e-08    1.17141e-08    7.35034e-09    5.11349e-09    3.74806e-09    2.69198e-09    1.78646e-09    1.03199e-09    5.01522e-10    2.01962e-10    6.05899e-11    8.01620e-12    5.89362e-14    1.17017e-13    2.73617e-13    1.41068e-12    3.65491e-12    5.95433e-12    7.54791e-12    7.26064e-12    6.61433e-12    5.12136e-12    3.62840e-12    2.53259e-12
+330 ||    2.54719e-06    2.21151e-06    2.41519e-06    2.49011e-06    2.32087e-06    1.89857e-06    1.36237e-06    8.78788e-07    5.16241e-07    2.71051e-07    1.25856e-07    5.54669e-08    2.42631e-08    1.14343e-08    6.47841e-09    4.20355e-09    2.72926e-09    1.62683e-09    8.23190e-10    3.46952e-10    1.25449e-10    3.38304e-11    4.26894e-12    3.20885e-14    5.73456e-14    1.36819e-13    1.02429e-12    3.36332e-12    4.44958e-12    5.15905e-12    4.65806e-12    4.13550e-12    3.26554e-12    2.39559e-12    1.69725e-12
+345 ||    2.91742e-06    2.54056e-06    2.65382e-06    2.74839e-06    2.70134e-06    2.39375e-06    1.89293e-06    1.33790e-06    8.35142e-07    4.52645e-07    2.15543e-07    9.27703e-08    3.83911e-08    1.62100e-08    8.13961e-09    4.74961e-09    2.82832e-09    1.50667e-09    6.35258e-10    2.11007e-10    5.28102e-11    6.23625e-12    2.87579e-13    1.14925e-14    2.34076e-15    1.36797e-14    4.89702e-13    2.91522e-12    3.47924e-12    2.87456e-12    2.18695e-12    1.48196e-12    1.10807e-12    8.37874e-13    6.01658e-13
+360 ||    2.10130e-06    1.84350e-06    1.94022e-06    2.03502e-06    1.88733e-06    1.54870e-06    1.16415e-06    8.02317e-07    5.03093e-07    2.74744e-07    1.38797e-07    6.19073e-08    2.54283e-08    1.10780e-08    5.45993e-09    3.09506e-09    1.85791e-09    1.07554e-09    5.50919e-10    2.27580e-10    6.24941e-11    7.60414e-12    1.89670e-12    1.13763e-13    4.98494e-15    1.87340e-15    8.55017e-15    3.14546e-13    1.48903e-12    1.74071e-12    1.44603e-12    1.11091e-12    7.65228e-13    5.65322e-13    4.31913e-13
##########################################################################################
### MCD_v6.1 with Martian Year 33 scenario.
### Latitude 83.8N. Longitude 235.0E. Local time 12.0h
### --------------------------------------------------------------------------------------
### Column 1 is Areocentric longitude (degrees)
### Columns 2+ are Water ice mixing ratio (mol/mol)
### Line 1 is height above surface (m)
### --------------------------------------------------------------------------------------
### Retrieved on: 2024-06-07T22:17:01.553766
### Mars Climate Database (c) LMD/OU/IAA/ESA/CNES
##########################################################################################
---- ||    0.00000e+00    1.47059e+03    2.94118e+03    4.41176e+03    5.88235e+03    7.35294e+03    8.82353e+03    1.02941e+04    1.17647e+04    1.32353e+04    1.47059e+04    1.61765e+04    1.76471e+04    1.91176e+04    2.05882e+04    2.20588e+04    2.35294e+04    2.50000e+04    2.64706e+04    2.79412e+04    2.94118e+04    3.08824e+04    3.23529e+04    3.38235e+04    3.52941e+04    3.67647e+04    3.82353e+04    3.97059e+04    4.11765e+04    4.26471e+04    4.41176e+04    4.55882e+04    4.70588e+04    4.85294e+04    5.00000e+04
-----------------------------------
+000 ||    7.51210e-05    7.56244e-05    6.97304e-05    4.65710e-05    2.98136e-05    1.83129e-05    1.12935e-05    6.56967e-06    3.55875e-06    1.87061e-06    1.19301e-06    9.34177e-07    8.31650e-07    7.57325e-07    6.70346e-07    5.68979e-07    4.63940e-07    3.61605e-07    2.71584e-07    1.97985e-07    1.41184e-07    1.01212e-07    8.03866e-08    6.36603e-08    4.92035e-08    3.58153e-08    2.43842e-08    1.48804e-08    7.91698e-09    4.08869e-09    1.16341e-09    5.85136e-10    9.76201e-11    2.47981e-11    8.65975e-12
+015 ||    8.53083e-05    8.78461e-05    7.46844e-05    3.43211e-05    1.21303e-05    3.48232e-06    9.48467e-07    3.49264e-07    1.66711e-07    1.25530e-07    1.20478e-07    1.30640e-07    1.44728e-07    1.50769e-07    1.35611e-07    1.05529e-07    7.37599e-08    4.88644e-08    2.51831e-08    1.56326e-08    1.28753e-08    1.07753e-08    8.44820e-09    5.66114e-09    3.58375e-09    1.96362e-09    9.70967e-10    4.78999e-10    1.62342e-10    4.61007e-11    1.66923e-12    3.51821e-13    1.07663e-16    3.20702e-17    0.00000e+00
+030 ||    1.22749e-04    1.52665e-04    1.30586e-04    7.61743e-05    3.00526e-05    7.24058e-06    1.16062e-06    2.68952e-07    1.35636e-07    8.21118e-08    6.94804e-08    6.78470e-08    7.12013e-08    7.66881e-08    7.86509e-08    7.28203e-08    6.12483e-08    4.70511e-08    3.44591e-08    2.16459e-08    1.48771e-08    1.08032e-08    7.89609e-09    5.35725e-09    3.71040e-09    2.39991e-09    1.46670e-09    8.39332e-10    3.92364e-10    1.94291e-10    6.96457e-11    1.27363e-11    7.28067e-13    7.88570e-14    4.85798e-17
+045 ||    1.60189e-04    2.17700e-04    1.87149e-04    1.20676e-04    5.17799e-05    1.34149e-05    1.56057e-06    1.52220e-07    6.52102e-08    3.86719e-08    2.27299e-08    1.59121e-08    1.06127e-08    6.98146e-09    5.93680e-09    7.80184e-09    1.18519e-08    1.64550e-08    1.84293e-08    1.67125e-08    1.44041e-08    1.21407e-08    9.68913e-09    5.82916e-09    2.70389e-09    3.96848e-10    1.28334e-10    8.82637e-12    1.36041e-12    2.09095e-13    1.22627e-16    3.38766e-17    0.00000e+00    0.00000e+00    0.00000e+00
+060 ||    3.44091e-04    3.43382e-04    3.05221e-04    2.80904e-04    2.16610e-04    1.44569e-04    8.32802e-05    3.95629e-05    1.47983e-05    6.79130e-06    3.20546e-06    1.63462e-06    7.26523e-07    3.26623e-07    1.56526e-07    5.50388e-08    1.71706e-08    1.34959e-08    1.32493e-08    1.11212e-08    8.44196e-09    6.93901e-09    5.79564e-09    4.34607e-09    2.43532e-09    9.88254e-10    1.64836e-10    3.03997e-11    3.46266e-12    2.07885e-13    6.81277e-14    4.95501e-17    5.00228e-18    0.00000e+00    0.00000e+00
+075 ||    5.27993e-04    4.81868e-04    4.15593e-04    4.24077e-04    3.83056e-04    2.90689e-04    1.90385e-04    1.05337e-04    4.06683e-05    1.77900e-05    8.83110e-06    4.53258e-06    2.14717e-06    9.16684e-07    4.58169e-07    1.90014e-07    4.36837e-08    1.73129e-08    1.24174e-08    7.39243e-09    2.97880e-09    5.49524e-10    2.47758e-11    7.21759e-12    1.43571e-12    2.49586e-14    4.99965e-15    1.73776e-16    0.00000e+00    0.00000e+00    0.00000e+00    0.00000e+00    0.00000e+00    0.00000e+00    0.00000e+00
+090 ||    2.83628e-04    2.67314e-04    2.20873e-04    2.17613e-04    2.02632e-04    1.64606e-04    1.18808e-04    7.17946e-05    3.44049e-05    1.49625e-05    8.03243e-06    4.86449e-06    3.27682e-06    2.18860e-06    1.55397e-06    1.13650e-06    7.88223e-07    4.89323e-07    2.52132e-07    9.85794e-08    2.59716e-08    4.44781e-09    3.78390e-10    8.08851e-11    4.15856e-12    9.29970e-14    1.84922e-14    1.47728e-16    0.00000e+00    0.00000e+00    0.00000e+00    0.00000e+00    0.00000e+00    0.00000e+00    0.00000e+00
+105 ||    3.92631e-05    3.99162e-05    2.65113e-05    1.67023e-05    4.58894e-06    2.56949e-06    2.64396e-06    2.39336e-06    3.67892e-06    4.55284e-06    4.55338e-06    4.16633e-06    3.79223e-06    3.31001e-06    2.73808e-06    2.17450e-06    1.66910e-06    1.12633e-06    6.12164e-07    2.41740e-07    5.98227e-08    9.79236e-09    2.03911e-09    2.12338e-10    7.71832e-12    1.70621e-13    3.79859e-14    1.26875e-16    0.00000e+00    0.00000e+00    0.00000e+00    0.00000e+00    0.00000e+00    0.00000e+00    0.00000e+00
+120 ||    2.97864e-05    3.12544e-05    2.35250e-05    1.71372e-05    9.80568e-06    7.05852e-06    5.78742e-06    5.55433e-06    5.73723e-06    5.46977e-06    5.06713e-06    4.32937e-06    3.53663e-06    2.68262e-06    1.96394e-06    1.39261e-06    9.17235e-07    5.21639e-07    2.38362e-07    8.15923e-08    2.01081e-08    3.51902e-09    3.11474e-10    1.66247e-11    3.49062e-12    6.19638e-14    9.24623e-17    1.42604e-17    0.00000e+00    0.00000e+00    0.00000e+00    0.00000e+00    0.00000e+00    0.00000e+00    0.00000e+00
+135 ||    2.03098e-05    2.28683e-05    2.16684e-05    1.92134e-05    1.56906e-05    1.11625e-05    8.97377e-06    8.43297e-06    7.24488e-06    6.25336e-06    5.52928e-06    4.46623e-06    3.16205e-06    2.03132e-06    1.22405e-06    6.53140e-07    2.69925e-07    9.29698e-08    3.06784e-08    8.70152e-09    2.43901e-09    6.18546e-10    1.23171e-10    1.37704e-11    5.72729e-14    8.24946e-15    0.00000e+00    0.00000e+00    0.00000e+00    0.00000e+00    0.00000e+00    0.00000e+00    0.00000e+00    0.00000e+00    0.00000e+00
+150 ||    2.07483e-04    2.13532e-04    2.06018e-04    1.89490e-04    1.64730e-04    1.33425e-04    9.92293e-05    6.03237e-05    2.66130e-05    1.06420e-05    4.64589e-06    2.53227e-06    1.52898e-06    9.21020e-07    5.21181e-07    2.68890e-07    1.40733e-07    7.86861e-08    4.61253e-08    3.24462e-08    3.05323e-08    3.18664e-08    2.85072e-08    2.26433e-08    1.61822e-08    1.06930e-08    7.13757e-09    4.16156e-09    1.70431e-09    6.55156e-10    3.86182e-11    1.13868e-11    1.60770e-14    4.04937e-15    0.00000e+00
+165 ||    3.94656e-04    4.03118e-04    3.88302e-04    3.53496e-04    2.99382e-04    2.32774e-04    1.53757e-04    7.24090e-05    2.32965e-05    7.01190e-06    2.24615e-06    1.21429e-06    7.63700e-07    4.82453e-07    3.12981e-07    2.06286e-07    1.32426e-07    8.45112e-08    6.31901e-08    6.11159e-08    6.34770e-08    5.57503e-08    4.25251e-08    2.98363e-08    1.92082e-08    1.23634e-08    6.81417e-09    2.49250e-09    7.24742e-10    5.84617e-11    3.52832e-12    2.35056e-14    0.00000e+00    0.00000e+00    0.00000e+00
+180 ||    2.41535e-04    2.43568e-04    2.22449e-04    1.82215e-04    1.42925e-04    1.04497e-04    6.17359e-05    2.37097e-05    6.85416e-06    2.10934e-06    8.81409e-07    5.68700e-07    4.06535e-07    2.96238e-07    2.10259e-07    1.39020e-07    9.44974e-08    7.87145e-08    7.59927e-08    7.54392e-08    7.14647e-08    6.31552e-08    5.11380e-08    3.70742e-08    2.38988e-08    1.44129e-08    7.53994e-09    3.59465e-09    1.85576e-09    6.92157e-10    3.06979e-10    5.33348e-11    2.26556e-11    6.84907e-14    3.67788e-14
+195 ||    8.84141e-05    8.38004e-05    5.82562e-05    2.02463e-05    4.89127e-06    1.75221e-06    8.04096e-07    3.71673e-07    2.31352e-07    2.01460e-07    2.02932e-07    2.17962e-07    2.32293e-07    2.09243e-07    1.56429e-07    1.10257e-07    9.50724e-08    9.22036e-08    8.84971e-08    8.66820e-08    8.43124e-08    7.59534e-08    5.84617e-08    3.84916e-08    2.37110e-08    1.31857e-08    6.89828e-09    3.59412e-09    1.33588e-09    5.39777e-10    9.88468e-11    3.57202e-11    1.25399e-13    6.05122e-14    0.00000e+00
+210 ||    5.76376e-05    5.27039e-05    3.68014e-05    1.61213e-05    6.64874e-06    3.45775e-06    2.17638e-06    1.65513e-06    1.54622e-06    1.59994e-06    1.71121e-06    1.82976e-06    1.86414e-06    1.76745e-06    1.57576e-06    1.34145e-06    1.09744e-06    8.41738e-07    6.03049e-07    4.29760e-07    3.18613e-07    2.33167e-07    1.55473e-07    9.10857e-08    5.29178e-08    2.81442e-08    1.32778e-08    6.95566e-09    2.92632e-09    9.84166e-10    3.18225e-10    7.63972e-11    3.69934e-12    1.48623e-12    2.10603e-16
+225 ||    2.68611e-05    2.16088e-05    1.49970e-05    1.16894e-05    8.41025e-06    5.16565e-06    3.54872e-06    2.93080e-06    2.87290e-06    3.02469e-06    3.24701e-06    3.45437e-06    3.48463e-06    3.29323e-06    2.94506e-06    2.50505e-06    2.01847e-06    1.50911e-06    1.04186e-06    7.21461e-07    5.25649e-07    3.70193e-07    2.38323e-07    1.31345e-07    7.42096e-08    3.94386e-08    1.86995e-08    8.77123e-09    3.99376e-09    8.90475e-10    4.51719e-10    3.06332e-11    6.23205e-12    1.88579e-12    3.81165e-16
+240 ||    2.04529e-05    1.66196e-05    1.23296e-05    8.91396e-06    6.47170e-06    4.37902e-06    3.34776e-06    2.97305e-06    2.94593e-06    3.08336e-06    3.28274e-06    3.47364e-06    3.57429e-06    3.56195e-06    3.43981e-06    3.20247e-06    2.80761e-06    2.26714e-06    1.68416e-06    1.17292e-06    7.95302e-07    5.18693e-07    3.09638e-07    1.65369e-07    8.59405e-08    4.23848e-08    2.26566e-08    1.39705e-08    7.96257e-09    3.79737e-09    2.02974e-09    6.45811e-10    2.85742e-10    1.04428e-10    1.08187e-11
+255 ||    1.40448e-05    1.15875e-05    9.32051e-06    5.84821e-06    4.24962e-06    3.42116e-06    3.09115e-06    2.98929e-06    3.02740e-06    3.16440e-06    3.34121e-06    3.50721e-06    3.66399e-06    3.81505e-06    3.90373e-06    3.85518e-06    3.54023e-06    2.96716e-06    2.27434e-06    1.59703e-06    1.05836e-06    6.59963e-07    3.73782e-07    1.95466e-07    9.22118e-08    4.14464e-08    2.52337e-08    1.78431e-08    1.16245e-08    6.36119e-09    3.55406e-09    1.17794e-09    5.53969e-10    1.91037e-10    2.11061e-11
+270 ||    1.08356e-05    8.81675e-06    7.69064e-06    5.32139e-06    3.31904e-06    2.55738e-06    2.37631e-06    2.35389e-06    2.40767e-06    2.50807e-06    2.64172e-06    2.78948e-06    2.94682e-06    3.10763e-06    3.22776e-06    3.23253e-06    3.01542e-06    2.58268e-06    2.01121e-06    1.42812e-06    9.55291e-07    6.04042e-07    3.51736e-07    1.88620e-07    8.91227e-08    3.75069e-08    2.01513e-08    1.40237e-08    9.10154e-09    4.93993e-09    2.82883e-09    8.39120e-10    4.86614e-10    1.34110e-10    2.56071e-11
+285 ||    7.62633e-06    6.03267e-06    5.96267e-06    4.63467e-06    2.28534e-06    1.66354e-06    1.65581e-06    1.71722e-06    1.79336e-06    1.86166e-06    1.95280e-06    2.08276e-06    2.24165e-06    2.41140e-06    2.55951e-06    2.60915e-06    2.47476e-06    2.16882e-06    1.70915e-06    1.22043e-06    8.25096e-07    5.31443e-07    3.18952e-07    1.71242e-07    8.03480e-08    3.20216e-08    1.48183e-08    1.00019e-08    6.53064e-09    3.67084e-09    2.08046e-09    7.40519e-10    3.99030e-10    5.75414e-11    2.77481e-11
+300 ||    1.76890e-05    1.68528e-05    1.49767e-05    1.20583e-05    7.35678e-06    4.46038e-06    2.85079e-06    2.02876e-06    1.74512e-06    1.70982e-06    1.79535e-06    1.93132e-06    2.07532e-06    2.18024e-06    2.20500e-06    2.10562e-06    1.87042e-06    1.55348e-06    1.18607e-06    8.31563e-07    5.58019e-07    3.62312e-07    2.23431e-07    1.22938e-07    6.70604e-08    3.45479e-08    1.73397e-08    8.80146e-09    4.89393e-09    2.13270e-09    1.14611e-09    3.70387e-10    1.97492e-10    2.45975e-11    1.38327e-11
+315 ||    2.77518e-05    2.76368e-05    2.39586e-05    1.94453e-05    1.23841e-05    7.18255e-06    3.99647e-06    2.31696e-06    1.68238e-06    1.55521e-06    1.63598e-06    1.77660e-06    1.90282e-06    1.93836e-06    1.83458e-06    1.58474e-06    1.26687e-06    9.53259e-07    6.90439e-07    4.77724e-07    3.18820e-07    2.14181e-07    1.43597e-07    9.38093e-08    6.16824e-08    3.69964e-08    1.90375e-08    6.90885e-09    3.27989e-09    7.06969e-10    3.04210e-10    1.86597e-11    9.49133e-12    3.23032e-13    1.38256e-13
+330 ||    4.45098e-05    4.30559e-05    4.32117e-05    3.76373e-05    2.73500e-05    1.74849e-05    9.85480e-06    5.48657e-06    3.41605e-06    2.52504e-06    2.19930e-06    2.10503e-06    2.06480e-06    1.97754e-06    1.80451e-06    1.54945e-06    1.24967e-06    9.36018e-07    6.48324e-07    4.29002e-07    2.97391e-07    2.15730e-07    1.61201e-07    1.21260e-07    9.25740e-08    6.43145e-08    3.90866e-08    1.91617e-08    9.39511e-09    2.35205e-09    1.20135e-09    1.15030e-10    6.50334e-11    1.50365e-11    1.77672e-13
+345 ||    6.12678e-05    5.85164e-05    6.25570e-05    5.61686e-05    4.26226e-05    2.80296e-05    1.59061e-05    8.76935e-06    5.24032e-06    3.53112e-06    2.78572e-06    2.44321e-06    2.23593e-06    2.02711e-06    1.78588e-06    1.52654e-06    1.24654e-06    9.33133e-07    6.16855e-07    3.90549e-07    2.79637e-07    2.18634e-07    1.79569e-07    1.49667e-07    1.24248e-07    9.42272e-08    6.23903e-08    3.51089e-08    1.75348e-08    6.05512e-09    2.52448e-09    6.59360e-10    1.46577e-10    5.73557e-11    2.26320e-13
+360 ||    7.51022e-05    7.49438e-05    6.68263e-05    4.36068e-05    2.53213e-05    1.53507e-05    8.62832e-06    4.88071e-06    2.92035e-06    1.90907e-06    1.50398e-06    1.31454e-06    1.21587e-06    1.12702e-06    1.01385e-06    8.80856e-07    7.35088e-07    5.69325e-07    4.01059e-07    2.62431e-07    1.69646e-07    1.25288e-07    1.03584e-07    8.65874e-08    7.26604e-08    6.04928e-08    4.56046e-08    3.04164e-08    1.72062e-08    8.78154e-09    3.19021e-09    1.30809e-09    3.93705e-10    7.70082e-11    3.29574e-11
