##########################################################################################
### MCD_v6.1 with Martian Year 29 scenario.
### Latitude 83.8N. Longitude 235.0E. Local time 12.0h
### --------------------------------------------------------------------------------------
### Column 1 is Areocentric longitude (degrees)
### Columns 2+ are Pressure (Pa)
### Line 1 is height above surface (m)
### --------------------------------------------------------------------------------------
### Retrieved on: 2024-06-07T22:15:52.122809
### Mars Climate Database (c) LMD/OU/IAA/ESA/CNES
##########################################################################################
---- ||    0.00000e+00    1.47059e+03    2.94118e+03    4.41176e+03    5.88235e+03    7.35294e+03    8.82353e+03    1.02941e+04    1.17647e+04    1.32353e+04    1.47059e+04    1.61765e+04    1.76471e+04    1.91176e+04    2.05882e+04    2.20588e+04    2.35294e+04    2.50000e+04    2.64706e+04    2.79412e+04    2.94118e+04    3.08824e+04    3.23529e+04    3.38235e+04    3.52941e+04    3.67647e+04    3.82353e+04    3.97059e+04    4.11765e+04    4.26471e+04    4.41176e+04    4.55882e+04    4.70588e+04    4.85294e+04    5.00000e+04
-----------------------------------
+000 ||    8.41042e+02    6.94137e+02    5.72263e+02    4.71598e+02    3.89191e+02    3.21873e+02    2.66202e+02    2.19757e+02    1.80954e+02    1.48644e+02    1.21791e+02    9.95888e+01    8.12593e+01    6.61801e+01    5.38083e+01    4.36808e+01    3.54100e+01    2.86720e+01    2.31962e+01    1.87570e+01    1.51661e+01    1.22657e+01    9.93305e+00    8.05690e+00    6.54560e+00    5.33098e+00    4.35588e+00    3.56791e+00    2.93058e+00    2.41812e+00    1.99793e+00    1.66023e+00    1.37991e+00    1.15366e+00    9.64503e-01
+015 ||    8.29354e+02    6.84106e+02    5.63785e+02    4.64817e+02    3.84932e+02    3.20704e+02    2.67724e+02    2.23146e+02    1.85479e+02    1.53681e+02    1.26958e+02    1.04580e+02    8.59455e+01    7.04819e+01    5.76833e+01    4.71380e+01    3.84772e+01    3.13851e+01    2.55928e+01    2.08732e+01    1.70388e+01    1.39266e+01    1.13996e+01    9.34639e+00    7.68720e+00    6.33438e+00    5.23141e+00    4.33673e+00    3.60206e+00    2.99998e+00    2.50634e+00    2.09693e+00    1.76087e+00    1.48010e+00    1.24759e+00
+030 ||    8.66711e+02    7.17650e+02    5.94287e+02    4.92565e+02    4.10585e+02    3.45305e+02    2.91891e+02    2.46886e+02    2.08425e+02    1.75560e+02    1.47437e+02    1.23506e+02    1.03203e+02    8.60285e+01    7.15354e+01    5.93629e+01    4.91737e+01    4.06719e+01    3.35995e+01    2.77296e+01    2.28747e+01    1.88685e+01    1.55668e+01    1.28492e+01    1.06187e+01    8.78305e+00    7.27584e+00    6.03852e+00    5.01769e+00    4.17993e+00    3.48816e+00    2.91492e+00    2.44270e+00    2.04808e+00    1.72262e+00
+045 ||    9.02446e+02    7.49863e+02    6.23727e+02    5.19423e+02    4.35442e+02    3.69125e+02    3.15433e+02    2.70271e+02    2.31443e+02    1.97809e+02    1.68703e+02    1.43551e+02    1.21854e+02    1.03167e+02    8.71282e+01    7.34124e+01    6.17212e+01    5.17889e+01    4.33725e+01    3.62641e+01    3.02825e+01    2.52630e+01    2.10602e+01    1.75452e+01    1.46142e+01    1.21729e+01    1.01425e+01    8.45560e+00    7.05243e+00    5.88983e+00    4.92204e+00    4.11875e+00    3.45086e+00    2.89340e+00    2.43052e+00
+060 ||    8.96538e+02    7.54612e+02    6.36584e+02    5.36909e+02    4.53387e+02    3.84956e+02    3.29148e+02    2.82601e+02    2.43033e+02    2.08873e+02    1.79223e+02    1.53408e+02    1.31007e+02    1.11603e+02    9.48380e+01    8.03941e+01    6.79891e+01    5.73704e+01    4.83109e+01    4.06069e+01    3.40759e+01    2.85439e+01    2.38813e+01    1.99627e+01    1.66751e+01    1.39188e+01    1.16170e+01    9.69503e+00    8.09391e+00    6.75851e+00    5.64796e+00    4.72262e+00    3.95130e+00    3.31001e+00    2.77388e+00
+075 ||    8.72542e+02    7.44189e+02    6.36992e+02    5.44682e+02    4.64733e+02    3.96402e+02    3.39350e+02    2.91878e+02    2.51838e+02    2.17521e+02    1.87677e+02    1.61633e+02    1.38896e+02    1.19069e+02    1.01815e+02    8.68400e+01    7.38815e+01    6.27046e+01    5.30963e+01    4.48640e+01    3.78338e+01    3.18491e+01    2.67696e+01    2.24585e+01    1.88194e+01    1.57571e+01    1.31806e+01    1.10200e+01    9.21154e+00    7.69902e+00    6.43558e+00    5.38048e+00    4.50037e+00    3.76522e+00    3.15252e+00
+090 ||    8.41169e+02    7.27471e+02    6.30077e+02    5.45082e+02    4.70572e+02    4.05466e+02    3.49370e+02    3.01389e+02    2.60273e+02    2.24797e+02    1.93950e+02    1.66997e+02    1.43477e+02    1.22983e+02    1.05159e+02    8.96978e+01    7.63221e+01    6.47856e+01    5.48671e+01    4.63678e+01    3.91091e+01    3.29302e+01    2.76746e+01    2.32297e+01    1.94808e+01    1.63245e+01    1.36685e+01    1.14424e+01    9.57695e+00    8.01614e+00    6.71013e+00    5.61867e+00    4.70613e+00    3.94293e+00    3.30573e+00
+105 ||    8.02420e+02    7.04517e+02    6.18058e+02    5.41444e+02    4.73363e+02    4.12765e+02    3.59013e+02    3.11611e+02    2.69906e+02    2.33382e+02    2.01350e+02    1.73368e+02    1.48960e+02    1.27697e+02    1.09190e+02    9.31389e+01    7.92582e+01    6.72878e+01    5.69952e+01    4.81725e+01    4.06236e+01    3.41985e+01    2.87496e+01    2.41431e+01    2.02582e+01    1.69851e+01    1.42371e+01    1.19318e+01    9.99964e+00    8.38146e+00    7.02605e+00    5.89196e+00    4.94187e+00    4.14677e+00    3.48098e+00
+120 ||    7.67363e+02    6.71994e+02    5.87934e+02    5.13510e+02    4.47491e+02    3.88951e+02    3.37096e+02    2.91383e+02    2.51341e+02    2.16235e+02    1.85581e+02    1.58859e+02    1.35581e+02    1.15402e+02    9.79565e+01    8.29216e+01    7.00086e+01    5.89587e+01    4.95388e+01    4.15396e+01    3.47726e+01    2.90684e+01    2.42750e+01    2.02563e+01    1.68944e+01    1.40895e+01    1.17507e+01    9.80408e+00    8.18435e+00    6.83480e+00    5.71490e+00    4.78151e+00    4.00411e+00    3.35775e+00    2.81696e+00
+135 ||    7.44616e+02    6.50261e+02    5.67268e+02    4.93952e+02    4.29099e+02    3.71756e+02    3.21066e+02    2.76371e+02    2.37312e+02    2.03152e+02    1.73380e+02    1.47436e+02    1.24988e+02    1.05624e+02    8.89765e+01    7.47060e+01    6.25528e+01    5.22494e+01    4.35526e+01    3.62417e+01    3.01179e+01    2.50032e+01    2.07440e+01    1.72070e+01    1.42744e+01    1.18443e+01    9.83755e+00    8.17797e+00    6.80356e+00    5.67179e+00    4.73379e+00    3.95613e+00    3.31431e+00    2.77873e+00    2.33635e+00
+150 ||    7.23330e+02    6.25306e+02    5.38993e+02    4.63077e+02    3.96333e+02    3.37894e+02    2.86987e+02    2.43042e+02    2.05483e+02    1.73522e+02    1.46265e+02    1.22988e+02    1.03138e+02    8.62303e+01    7.18863e+01    5.97815e+01    4.96084e+01    4.10927e+01    3.39910e+01    2.80885e+01    2.31969e+01    1.91525e+01    1.58161e+01    1.30695e+01    1.08092e+01    8.94770e+00    7.42220e+00    6.16571e+00    5.12843e+00    4.27821e+00    3.57403e+00    2.99146e+00    2.51017e+00    2.10868e+00    1.77657e+00
+165 ||    7.18003e+02    6.14136e+02    5.22668e+02    4.42789e+02    3.73205e+02    3.12978e+02    2.61417e+02    2.17941e+02    1.81818e+02    1.51809e+02    1.26625e+02    1.05389e+02    8.75042e+01    7.24674e+01    5.98731e+01    4.93748e+01    4.06548e+01    3.34363e+01    2.74793e+01    2.25770e+01    1.85513e+01    1.52514e+01    1.25539e+01    1.03479e+01    8.54182e+00    7.06521e+00    5.85908e+00    4.86713e+00    4.05303e+00    3.38448e+00    2.82922e+00    2.37468e+00    1.99383e+00    1.68063e+00    1.41664e+00
+180 ||    7.26192e+02    6.10841e+02    5.11853e+02    4.27768e+02    3.56703e+02    2.97020e+02    2.46998e+02    2.05212e+02    1.70417e+02    1.41331e+02    1.16974e+02    9.65451e+01    7.94836e+01    6.52875e+01    5.35158e+01    4.37837e+01    3.57699e+01    2.91927e+01    2.38100e+01    1.94164e+01    1.58409e+01    1.29376e+01    1.05821e+01    8.66969e+00    7.12088e+00    5.86547e+00    4.84167e+00    4.00747e+00    3.32868e+00    2.76903e+00    2.31327e+00    1.93501e+00    1.62495e+00    1.36529e+00    1.15260e+00
+195 ||    7.48253e+02    6.19217e+02    5.11350e+02    4.22099e+02    3.48953e+02    2.89072e+02    2.39578e+02    1.98292e+02    1.63748e+02    1.34874e+02    1.10754e+02    9.07157e+01    7.41154e+01    6.04054e+01    4.91368e+01    3.99025e+01    3.23577e+01    2.62119e+01    2.12214e+01    1.71819e+01    1.39211e+01    1.12935e+01    9.17948e+00    7.48481e+00    6.11846e+00    5.01398e+00    4.12501e+00    3.40481e+00    2.81571e+00    2.34121e+00    1.94910e+00    1.63062e+00    1.36505e+00    1.14927e+00    9.67605e-01
+210 ||    7.89653e+02    6.52674e+02    5.38861e+02    4.44727e+02    3.67036e+02    3.02925e+02    2.49791e+02    2.05583e+02    1.68805e+02    1.38288e+02    1.13008e+02    9.21621e+01    7.49870e+01    6.08994e+01    4.93720e+01    3.99607e+01    3.22949e+01    2.60662e+01    2.10183e+01    1.69389e+01    1.36529e+01    1.10138e+01    8.89771e+00    7.21150e+00    5.86669e+00    4.78794e+00    3.92082e+00    3.22736e+00    2.66339e+00    2.20745e+00    1.83642e+00    1.53284e+00    1.28359e+00    1.07909e+00    9.07377e-01
+225 ||    8.30813e+02    6.85922e+02    5.66193e+02    4.67219e+02    3.85039e+02    3.16732e+02    2.59972e+02    2.12872e+02    1.73889e+02    1.41757e+02    1.15343e+02    9.36867e+01    7.59618e+01    6.14931e+01    4.97000e+01    4.01031e+01    3.23062e+01    2.59855e+01    2.08707e+01    1.67425e+01    1.34234e+01    1.07670e+01    8.64872e+00    6.96550e+00    5.64035e+00    4.58518e+00    3.74090e+00    3.06831e+00    2.52748e+00    2.08804e+00    1.73646e+00    1.44607e+00    1.21173e+00    1.01716e+00    8.56096e-01
+240 ||    8.92960e+02    7.37723e+02    6.08588e+02    5.01673e+02    4.12930e+02    3.39310e+02    2.78292e+02    2.27782e+02    1.86069e+02    1.51718e+02    1.23479e+02    1.00332e+02    8.13719e+01    6.58898e+01    5.32669e+01    4.29920e+01    3.46435e+01    2.78743e+01    2.23990e+01    1.79822e+01    1.44308e+01    1.15841e+01    9.30585e+00    7.49929e+00    6.06149e+00    4.91572e+00    4.00510e+00    3.28151e+00    2.69749e+00    2.23035e+00    1.85165e+00    1.54404e+00    1.29200e+00    1.08639e+00    9.13496e-01
+255 ||    9.36061e+02    7.73802e+02    6.38017e+02    5.25364e+02    4.31892e+02    3.54477e+02    2.90454e+02    2.37607e+02    1.94043e+02    1.58209e+02    1.28771e+02    1.04637e+02    8.48710e+01    6.87280e+01    5.55646e+01    4.48489e+01    3.61421e+01    2.90836e+01    2.33771e+01    1.87772e+01    1.50801e+01    1.21151e+01    9.74269e+00    7.85268e+00    6.34238e+00    5.13535e+00    4.18224e+00    3.42150e+00    2.80852e+00    2.32405e+00    1.92767e+00    1.60954e+00    1.34604e+00    1.13374e+00    9.54925e-01
+270 ||    9.33072e+02    7.72364e+02    6.37098e+02    5.24721e+02    4.31405e+02    3.54105e+02    2.90170e+02    2.37377e+02    1.93859e+02    1.58060e+02    1.28642e+02    1.04529e+02    8.47743e+01    6.86391e+01    5.54813e+01    4.47694e+01    3.60643e+01    2.90047e+01    2.32929e+01    1.86838e+01    1.49748e+01    1.19975e+01    9.61240e+00    7.71042e+00    6.19385e+00    4.98561e+00    4.02803e+00    3.26953e+00    2.66281e+00    2.17928e+00    1.79383e+00    1.48168e+00    1.23160e+00    1.02705e+00    8.58944e-01
+285 ||    9.17227e+02    7.60297e+02    6.27403e+02    5.16779e+02    4.24871e+02    3.48726e+02    2.85741e+02    2.33731e+02    1.90857e+02    1.55587e+02    1.26609e+02    1.02854e+02    8.33968e+01    6.75054e+01    5.45470e+01    4.39976e+01    3.54243e+01    2.84697e+01    2.28397e+01    1.82925e+01    1.46294e+01    1.16870e+01    9.32915e+00    7.44649e+00    5.94895e+00    4.75971e+00    3.81621e+00    3.07208e+00    2.48177e+00    2.00963e+00    1.64195e+00    1.34393e+00    1.10956e+00    9.16063e-01    7.63067e-01
+300 ||    8.75927e+02    7.25495e+02    5.98540e+02    4.92924e+02    4.05219e+02    3.32516e+02    2.72369e+02    2.22723e+02    1.81799e+02    1.48145e+02    1.20513e+02    9.78630e+01    7.93252e+01    6.41906e+01    5.18540e+01    4.18145e+01    3.36587e+01    2.70452e+01    2.16930e+01    1.73710e+01    1.38898e+01    1.10938e+01    8.85456e+00    7.06583e+00    5.64452e+00    4.51790e+00    3.62565e+00    2.91971e+00    2.36470e+00    1.92142e+00    1.57205e+00    1.29100e+00    1.06661e+00    8.82643e-01    7.35601e-01
+315 ||    8.38602e+02    6.93995e+02    5.72409e+02    4.71349e+02    3.87454e+02    3.17866e+02    2.60292e+02    2.12779e+02    1.73622e+02    1.41429e+02    1.15013e+02    9.33634e+01    7.56559e+01    6.12046e+01    4.94292e+01    3.98475e+01    3.20667e+01    2.57621e+01    2.06636e+01    1.65446e+01    1.32268e+01    1.05619e+01    8.42842e+00    6.72470e+00    5.37083e+00    4.30056e+00    3.45517e+00    2.78515e+00    2.26095e+00    1.84323e+00    1.51016e+00    1.24379e+00    1.02833e+00    8.52848e-01    7.11014e-01
+330 ||    8.17016e+02    6.75110e+02    5.56466e+02    4.57968e+02    3.76335e+02    3.08827e+02    2.53082e+02    2.07061e+02    1.69086e+02    1.37801e+02    1.12102e+02    9.10148e+01    7.37630e+01    5.96788e+01    4.82004e+01    3.88569e+01    3.12728e+01    2.51291e+01    2.01632e+01    1.61578e+01    1.29364e+01    1.03556e+01    8.29367e+00    6.64886e+00    5.34198e+00    4.30639e+00    3.48357e+00    2.82647e+00    2.31002e+00    1.89329e+00    1.56039e+00    1.29022e+00    1.07212e+00    8.91752e-01    7.46515e-01
+345 ||    8.02382e+02    6.61986e+02    5.45287e+02    4.48551e+02    3.68507e+02    3.02533e+02    2.48140e+02    2.03216e+02    1.66086e+02    1.35438e+02    1.10226e+02    8.95181e+01    7.25653e+01    5.87196e+01    4.74328e+01    3.82439e+01    3.07854e+01    2.47447e+01    1.98642e+01    1.59323e+01    1.27766e+01    1.02550e+01    8.24428e+00    6.64125e+00    5.36814e+00    4.35612e+00    3.54696e+00    2.89817e+00    2.38273e+00    1.96281e+00    1.62726e+00    1.35060e+00    1.12794e+00    9.41995e-01    7.90911e-01
+360 ||    8.15234e+02    6.72462e+02    5.53969e+02    4.56375e+02    3.76894e+02    3.11835e+02    2.57907e+02    2.12913e+02    1.75327e+02    1.44030e+02    1.18020e+02    9.65123e+01    7.87500e+01    6.41401e+01    5.21562e+01    4.23504e+01    3.43462e+01    2.78283e+01    2.25335e+01    1.82430e+01    1.47738e+01    1.19725e+01    9.71920e+00    7.90788e+00    6.44739e+00    5.27114e+00    4.32674e+00    3.56103e+00    2.93968e+00    2.43802e+00    2.02423e+00    1.69078e+00    1.41234e+00    1.18593e+00    9.96364e-01
##########################################################################################
### MCD_v6.1 with Martian Year 29 scenario.
### Latitude 83.8N. Longitude 235.0E. Local time 12.0h
### --------------------------------------------------------------------------------------
### Column 1 is Areocentric longitude (degrees)
### Columns 2+ are Temperature (K)
### Line 1 is height above surface (m)
### --------------------------------------------------------------------------------------
### Retrieved on: 2024-06-07T22:15:52.124124
### Mars Climate Database (c) LMD/OU/IAA/ESA/CNES
##########################################################################################
---- ||    0.00000e+00    1.47059e+03    2.94118e+03    4.41176e+03    5.88235e+03    7.35294e+03    8.82353e+03    1.02941e+04    1.17647e+04    1.32353e+04    1.47059e+04    1.61765e+04    1.76471e+04    1.91176e+04    2.05882e+04    2.20588e+04    2.35294e+04    2.50000e+04    2.64706e+04    2.79412e+04    2.94118e+04    3.08824e+04    3.23529e+04    3.38235e+04    3.52941e+04    3.67647e+04    3.82353e+04    3.97059e+04    4.11765e+04    4.26471e+04    4.41176e+04    4.55882e+04    4.70588e+04    4.85294e+04    5.00000e+04
-----------------------------------
+000 ||    1.49693e+02    1.49196e+02    1.48340e+02    1.48499e+02    1.50554e+02    1.51600e+02    1.50579e+02    1.48553e+02    1.46404e+02    1.44368e+02    1.42574e+02    1.40960e+02    1.39512e+02    1.38186e+02    1.36976e+02    1.35902e+02    1.34992e+02    1.34271e+02    1.33769e+02    1.33517e+02    1.33544e+02    1.33862e+02    1.34685e+02    1.35784e+02    1.37111e+02    1.38708e+02    1.40591e+02    1.42601e+02    1.44715e+02    1.47081e+02    1.49492e+02    1.51776e+02    1.54051e+02    1.56053e+02    1.58054e+02
+015 ||    1.49713e+02    1.49075e+02    1.48348e+02    1.49814e+02    1.55158e+02    1.58739e+02    1.58372e+02    1.56069e+02    1.53313e+02    1.50642e+02    1.48234e+02    1.46127e+02    1.44280e+02    1.42686e+02    1.41369e+02    1.40313e+02    1.39536e+02    1.39059e+02    1.38902e+02    1.39083e+02    1.39644e+02    1.40501e+02    1.41610e+02    1.42953e+02    1.44588e+02    1.46346e+02    1.48242e+02    1.50254e+02    1.52293e+02    1.54359e+02    1.56389e+02    1.58402e+02    1.60276e+02    1.62113e+02    1.63722e+02
+030 ||    1.50072e+02    1.52907e+02    1.52541e+02    1.54520e+02    1.62066e+02    1.69675e+02    1.72048e+02    1.70932e+02    1.68457e+02    1.65734e+02    1.63032e+02    1.60444e+02    1.58011e+02    1.55765e+02    1.53753e+02    1.51977e+02    1.50452e+02    1.49188e+02    1.48189e+02    1.47506e+02    1.47117e+02    1.46996e+02    1.47116e+02    1.47499e+02    1.48181e+02    1.49011e+02    1.50061e+02    1.51287e+02    1.52610e+02    1.54054e+02    1.55521e+02    1.57008e+02    1.58464e+02    1.59915e+02    1.61246e+02
+045 ||    1.50430e+02    1.56720e+02    1.56690e+02    1.59019e+02    1.68178e+02    1.79561e+02    1.85199e+02    1.85301e+02    1.83515e+02    1.80946e+02    1.78180e+02    1.75356e+02    1.72550e+02    1.69831e+02    1.67254e+02    1.64861e+02    1.62686e+02    1.60746e+02    1.59067e+02    1.57652e+02    1.56479e+02    1.55536e+02    1.54803e+02    1.54339e+02    1.54120e+02    1.54057e+02    1.54262e+02    1.54632e+02    1.55132e+02    1.55851e+02    1.56638e+02    1.57528e+02    1.58442e+02    1.59370e+02    1.60275e+02
+060 ||    1.59852e+02    1.72061e+02    1.71574e+02    1.70841e+02    1.72834e+02    1.80078e+02    1.86483e+02    1.89800e+02    1.89892e+02    1.87998e+02    1.85372e+02    1.82446e+02    1.79457e+02    1.76504e+02    1.73657e+02    1.70964e+02    1.68458e+02    1.66156e+02    1.64067e+02    1.62193e+02    1.60528e+02    1.59132e+02    1.57969e+02    1.57013e+02    1.56247e+02    1.55806e+02    1.55529e+02    1.55454e+02    1.55601e+02    1.55830e+02    1.56254e+02    1.56752e+02    1.57328e+02    1.57970e+02    1.58628e+02
+075 ||    1.69274e+02    1.87219e+02    1.86775e+02    1.84322e+02    1.81333e+02    1.82584e+02    1.87714e+02    1.92570e+02    1.95524e+02    1.94685e+02    1.92347e+02    1.89474e+02    1.86374e+02    1.83227e+02    1.80144e+02    1.77188e+02    1.74399e+02    1.71790e+02    1.69366e+02    1.67133e+02    1.65093e+02    1.63244e+02    1.61578e+02    1.60194e+02    1.59035e+02    1.58055e+02    1.57325e+02    1.56859e+02    1.56519e+02    1.56431e+02    1.56413e+02    1.56510e+02    1.56731e+02    1.57007e+02    1.57381e+02
+090 ||    1.94373e+02    2.03767e+02    2.02425e+02    1.99865e+02    1.96216e+02    1.93767e+02    1.94053e+02    1.94986e+02    1.95494e+02    1.94479e+02    1.92160e+02    1.89351e+02    1.86331e+02    1.83262e+02    1.80245e+02    1.77333e+02    1.74558e+02    1.71941e+02    1.69504e+02    1.67274e+02    1.65274e+02    1.63518e+02    1.62083e+02    1.60893e+02    1.59911e+02    1.59119e+02    1.58609e+02    1.58233e+02    1.58021e+02    1.57950e+02    1.57932e+02    1.58023e+02    1.58182e+02    1.58405e+02    1.58684e+02
+105 ||    2.19472e+02    2.20732e+02    2.18350e+02    2.15555e+02    2.11632e+02    2.07564e+02    2.03859e+02    2.00752e+02    1.97875e+02    1.95149e+02    1.92179e+02    1.89299e+02    1.86342e+02    1.83328e+02    1.80365e+02    1.77501e+02    1.74750e+02    1.72131e+02    1.69668e+02    1.67401e+02    1.65438e+02    1.63799e+02    1.62479e+02    1.61439e+02    1.60635e+02    1.60120e+02    1.59766e+02    1.59530e+02    1.59465e+02    1.59442e+02    1.59461e+02    1.59536e+02    1.59646e+02    1.59833e+02    1.60028e+02
+120 ||    2.13957e+02    2.16306e+02    2.13695e+02    2.10549e+02    2.06590e+02    2.02494e+02    1.98406e+02    1.94961e+02    1.91781e+02    1.88464e+02    1.85042e+02    1.81721e+02    1.78443e+02    1.75217e+02    1.72131e+02    1.69229e+02    1.66549e+02    1.64124e+02    1.61979e+02    1.60141e+02    1.58626e+02    1.57429e+02    1.56525e+02    1.55895e+02    1.55561e+02    1.55417e+02    1.55432e+02    1.55673e+02    1.56023e+02    1.56448e+02    1.57031e+02    1.57676e+02    1.58406e+02    1.59192e+02    1.59995e+02
+135 ||    2.08441e+02    2.11872e+02    2.09088e+02    2.05948e+02    2.02033e+02    1.97846e+02    1.93186e+02    1.89448e+02    1.85888e+02    1.81950e+02    1.78016e+02    1.74303e+02    1.70737e+02    1.67316e+02    1.64129e+02    1.61266e+02    1.58759e+02    1.56632e+02    1.54876e+02    1.53470e+02    1.52387e+02    1.51626e+02    1.51176e+02    1.50984e+02    1.51025e+02    1.51273e+02    1.51849e+02    1.52581e+02    1.53448e+02    1.54553e+02    1.55742e+02    1.57029e+02    1.58420e+02    1.59833e+02    1.61287e+02
+150 ||    1.99974e+02    1.96688e+02    1.92489e+02    1.88152e+02    1.83550e+02    1.78796e+02    1.74731e+02    1.72064e+02    1.70208e+02    1.68512e+02    1.66126e+02    1.63329e+02    1.60458e+02    1.57745e+02    1.55314e+02    1.53209e+02    1.51447e+02    1.50026e+02    1.48937e+02    1.48169e+02    1.47706e+02    1.47528e+02    1.47678e+02    1.48114e+02    1.48782e+02    1.49648e+02    1.50802e+02    1.52084e+02    1.53473e+02    1.55013e+02    1.56593e+02    1.58227e+02    1.59871e+02    1.61518e+02    1.63098e+02
+165 ||    1.91507e+02    1.81277e+02    1.75918e+02    1.70800e+02    1.65481e+02    1.60827e+02    1.57868e+02    1.57237e+02    1.58285e+02    1.58123e+02    1.56433e+02    1.54207e+02    1.51958e+02    1.49911e+02    1.48157e+02    1.46697e+02    1.45540e+02    1.44694e+02    1.44165e+02    1.43956e+02    1.44056e+02    1.44465e+02    1.45229e+02    1.46250e+02    1.47482e+02    1.48943e+02    1.50578e+02    1.52291e+02    1.54089e+02    1.55934e+02    1.57798e+02    1.59640e+02    1.61473e+02    1.63197e+02    1.64921e+02
+180 ||    1.72742e+02    1.65770e+02    1.62265e+02    1.59408e+02    1.57537e+02    1.56053e+02    1.54847e+02    1.54289e+02    1.53746e+02    1.52105e+02    1.49980e+02    1.47788e+02    1.45754e+02    1.43953e+02    1.42408e+02    1.41139e+02    1.40140e+02    1.39425e+02    1.39018e+02    1.38947e+02    1.39283e+02    1.39990e+02    1.41028e+02    1.42340e+02    1.43940e+02    1.45732e+02    1.47628e+02    1.49628e+02    1.51719e+02    1.53839e+02    1.56012e+02    1.58168e+02    1.60274e+02    1.62356e+02    1.64228e+02
+195 ||    1.53977e+02    1.50738e+02    1.49488e+02    1.49770e+02    1.51593e+02    1.52703e+02    1.52160e+02    1.50494e+02    1.48350e+02    1.46087e+02    1.43892e+02    1.41858e+02    1.40017e+02    1.38434e+02    1.37053e+02    1.35882e+02    1.34947e+02    1.34294e+02    1.33979e+02    1.34066e+02    1.34586e+02    1.35520e+02    1.36863e+02    1.38572e+02    1.40468e+02    1.42518e+02    1.44730e+02    1.47048e+02    1.49426e+02    1.51944e+02    1.54459e+02    1.56961e+02    1.59440e+02    1.61704e+02    1.63968e+02
+210 ||    1.51678e+02    1.50084e+02    1.49484e+02    1.49241e+02    1.49459e+02    1.49213e+02    1.48013e+02    1.46218e+02    1.44262e+02    1.42376e+02    1.40601e+02    1.38952e+02    1.37459e+02    1.36096e+02    1.34849e+02    1.33726e+02    1.32750e+02    1.31958e+02    1.31384e+02    1.31114e+02    1.31272e+02    1.31939e+02    1.33141e+02    1.35154e+02    1.37498e+02    1.39954e+02    1.42410e+02    1.45049e+02    1.47771e+02    1.50630e+02    1.53488e+02    1.56344e+02    1.59040e+02    1.61544e+02    1.64023e+02
+225 ||    1.49380e+02    1.49440e+02    1.49475e+02    1.48746e+02    1.47346e+02    1.45699e+02    1.43839e+02    1.41965e+02    1.40251e+02    1.38781e+02    1.37435e+02    1.36180e+02    1.34995e+02    1.33832e+02    1.32693e+02    1.31592e+02    1.30542e+02    1.29567e+02    1.28680e+02    1.28000e+02    1.27788e+02    1.28247e+02    1.29507e+02    1.31792e+02    1.34649e+02    1.37441e+02    1.40186e+02    1.43133e+02    1.46238e+02    1.49448e+02    1.52666e+02    1.55884e+02    1.58735e+02    1.61482e+02    1.63937e+02
+240 ||    1.49497e+02    1.49144e+02    1.48700e+02    1.47780e+02    1.46432e+02    1.44962e+02    1.43396e+02    1.41820e+02    1.40324e+02    1.38950e+02    1.37648e+02    1.36397e+02    1.35201e+02    1.34031e+02    1.32890e+02    1.31791e+02    1.30758e+02    1.29844e+02    1.29089e+02    1.28578e+02    1.28447e+02    1.28790e+02    1.29644e+02    1.31483e+02    1.33729e+02    1.36351e+02    1.39354e+02    1.42572e+02    1.45896e+02    1.49382e+02    1.52831e+02    1.56238e+02    1.59428e+02    1.62313e+02    1.65199e+02
+255 ||    1.49614e+02    1.48851e+02    1.47894e+02    1.46678e+02    1.45357e+02    1.44054e+02    1.42774e+02    1.41505e+02    1.40234e+02    1.38970e+02    1.37716e+02    1.36478e+02    1.35272e+02    1.34095e+02    1.32955e+02    1.31863e+02    1.30851e+02    1.30002e+02    1.29379e+02    1.29050e+02    1.29065e+02    1.29445e+02    1.30290e+02    1.31626e+02    1.33337e+02    1.35482e+02    1.38779e+02    1.42252e+02    1.45847e+02    1.49607e+02    1.53324e+02    1.56916e+02    1.60405e+02    1.63427e+02    1.66449e+02
+270 ||    1.49068e+02    1.48592e+02    1.47786e+02    1.46656e+02    1.45350e+02    1.44051e+02    1.42766e+02    1.41489e+02    1.40207e+02    1.38930e+02    1.37663e+02    1.36406e+02    1.35175e+02    1.33968e+02    1.32787e+02    1.31638e+02    1.30543e+02    1.29545e+02    1.28688e+02    1.28022e+02    1.27597e+02    1.27454e+02    1.27679e+02    1.28446e+02    1.29612e+02    1.31274e+02    1.33809e+02    1.36529e+02    1.39426e+02    1.42618e+02    1.46211e+02    1.50046e+02    1.53378e+02    1.56450e+02    1.59265e+02
+285 ||    1.48522e+02    1.48328e+02    1.47636e+02    1.46540e+02    1.45250e+02    1.43956e+02    1.42668e+02    1.41382e+02    1.40089e+02    1.38799e+02    1.37520e+02    1.36246e+02    1.34992e+02    1.33754e+02    1.32533e+02    1.31331e+02    1.30156e+02    1.29013e+02    1.27926e+02    1.26929e+02    1.26063e+02    1.25398e+02    1.24982e+02    1.25184e+02    1.25802e+02    1.26948e+02    1.28661e+02    1.30513e+02    1.32792e+02    1.35369e+02    1.39452e+02    1.43369e+02    1.46479e+02    1.49589e+02    1.52250e+02
+300 ||    1.48510e+02    1.48298e+02    1.47507e+02    1.46467e+02    1.45115e+02    1.43750e+02    1.42455e+02    1.41161e+02    1.39872e+02    1.38595e+02    1.37330e+02    1.36072e+02    1.34831e+02    1.33609e+02    1.32406e+02    1.31225e+02    1.30072e+02    1.28953e+02    1.27884e+02    1.26889e+02    1.26017e+02    1.25351e+02    1.24973e+02    1.25094e+02    1.25863e+02    1.27270e+02    1.29199e+02    1.31480e+02    1.34321e+02    1.37462e+02    1.41224e+02    1.44682e+02    1.47649e+02    1.50536e+02    1.53078e+02
+315 ||    1.48498e+02    1.48266e+02    1.47389e+02    1.46422e+02    1.45003e+02    1.43570e+02    1.42268e+02    1.40965e+02    1.39682e+02    1.38417e+02    1.37166e+02    1.35923e+02    1.34696e+02    1.33489e+02    1.32303e+02    1.31145e+02    1.30015e+02    1.28919e+02    1.27862e+02    1.26860e+02    1.25972e+02    1.25282e+02    1.24931e+02    1.25042e+02    1.25923e+02    1.27606e+02    1.29902e+02    1.32662e+02    1.35985e+02    1.39365e+02    1.42811e+02    1.45897e+02    1.48720e+02    1.51397e+02    1.53827e+02
+330 ||    1.48847e+02    1.48362e+02    1.47340e+02    1.46207e+02    1.45104e+02    1.44130e+02    1.42970e+02    1.41627e+02    1.40174e+02    1.38747e+02    1.37386e+02    1.36080e+02    1.34814e+02    1.33587e+02    1.32401e+02    1.31260e+02    1.30168e+02    1.29150e+02    1.28242e+02    1.27528e+02    1.27111e+02    1.27084e+02    1.27495e+02    1.28359e+02    1.29786e+02    1.31796e+02    1.34228e+02    1.36985e+02    1.40147e+02    1.43311e+02    1.46479e+02    1.49427e+02    1.52041e+02    1.54590e+02    1.56713e+02
+345 ||    1.49197e+02    1.48455e+02    1.47317e+02    1.46043e+02    1.45276e+02    1.44752e+02    1.43729e+02    1.42344e+02    1.40722e+02    1.39132e+02    1.37661e+02    1.36292e+02    1.34986e+02    1.33738e+02    1.32550e+02    1.31425e+02    1.30370e+02    1.29430e+02    1.28676e+02    1.28252e+02    1.28310e+02    1.28943e+02    1.30078e+02    1.31637e+02    1.33582e+02    1.35867e+02    1.38408e+02    1.41194e+02    1.44173e+02    1.47162e+02    1.50063e+02    1.52889e+02    1.55301e+02    1.57712e+02    1.59641e+02
+360 ||    1.49479e+02    1.48651e+02    1.47726e+02    1.48703e+02    1.50896e+02    1.51368e+02    1.50205e+02    1.48297e+02    1.46218e+02    1.44239e+02    1.42467e+02    1.40859e+02    1.39419e+02    1.38129e+02    1.36992e+02    1.36022e+02    1.35234e+02    1.34654e+02    1.34319e+02    1.34284e+02    1.34580e+02    1.35210e+02    1.36333e+02    1.37816e+02    1.39536e+02    1.41489e+02    1.43668e+02    1.45964e+02    1.48385e+02    1.50855e+02    1.53338e+02    1.55664e+02    1.57989e+02    1.59916e+02    1.61802e+02
##########################################################################################
### MCD_v6.1 with Martian Year 29 scenario.
### Latitude 83.8N. Longitude 235.0E. Local time 12.0h
### --------------------------------------------------------------------------------------
### Column 1 is Areocentric longitude (degrees)
### Columns 2+ are Dust mass mixing ratio (kg/kg)
### Line 1 is height above surface (m)
### --------------------------------------------------------------------------------------
### Retrieved on: 2024-06-07T22:15:52.127685
### Mars Climate Database (c) LMD/OU/IAA/ESA/CNES
##########################################################################################
---- ||    0.00000e+00    1.47059e+03    2.94118e+03    4.41176e+03    5.88235e+03    7.35294e+03    8.82353e+03    1.02941e+04    1.17647e+04    1.32353e+04    1.47059e+04    1.61765e+04    1.76471e+04    1.91176e+04    2.05882e+04    2.20588e+04    2.35294e+04    2.50000e+04    2.64706e+04    2.79412e+04    2.94118e+04    3.08824e+04    3.23529e+04    3.38235e+04    3.52941e+04    3.67647e+04    3.82353e+04    3.97059e+04    4.11765e+04    4.26471e+04    4.41176e+04    4.55882e+04    4.70588e+04    4.85294e+04    5.00000e+04
-----------------------------------
+000 ||    2.63559e-06    2.50751e-06    2.47587e-06    2.47362e-06    2.40836e-06    2.21331e-06    1.96427e-06    1.72430e-06    1.49270e-06    1.25371e-06    1.01265e-06    7.85948e-07    5.89754e-07    4.28712e-07    3.01210e-07    2.03990e-07    1.32738e-07    8.29171e-08    4.99436e-08    2.89699e-08    1.58757e-08    7.78738e-09    3.68109e-09    1.33791e-09    2.13046e-10    3.08249e-11    6.32724e-14    9.98850e-14    1.51624e-13    1.11645e-13    5.49548e-14    3.66951e-14    1.89011e-14    1.40160e-14    9.13090e-15
+015 ||    1.72077e-06    1.60855e-06    1.45238e-06    1.39742e-06    1.24835e-06    8.91863e-07    5.11433e-07    2.49736e-07    1.08078e-07    4.36539e-08    1.63896e-08    6.33865e-09    2.38428e-09    8.50829e-10    3.26025e-10    1.38980e-10    6.70616e-11    2.82896e-11    6.44894e-12    1.02985e-12    2.00951e-13    1.13507e-14    4.29891e-15    4.95030e-15    4.45136e-14    6.60435e-14    5.80583e-14    1.17681e-13    1.94756e-13    2.90936e-13    2.45382e-13    1.34844e-13    8.10091e-14    4.20255e-14    2.25958e-14
+030 ||    1.22818e-06    1.37469e-06    1.25635e-06    1.17257e-06    1.09748e-06    9.24569e-07    6.39286e-07    3.76071e-07    2.19757e-07    1.29680e-07    8.32110e-08    5.39523e-08    3.42047e-08    2.04069e-08    1.12846e-08    5.61890e-09    2.48034e-09    9.58732e-10    3.19965e-10    1.16863e-10    4.86320e-11    2.60826e-11    1.84284e-11    1.37888e-11    9.42200e-12    5.55917e-12    2.78427e-12    1.27926e-12    4.30702e-13    2.71200e-13    1.99439e-13    1.97020e-13    1.39124e-13    7.06575e-14    4.45556e-14
+045 ||    7.35595e-07    1.13975e-06    1.05543e-06    9.51016e-07    9.13330e-07    9.02494e-07    7.32476e-07    5.05342e-07    3.30245e-07    2.30064e-07    1.66413e-07    1.20877e-07    8.56880e-08    5.81132e-08    3.68446e-08    2.13419e-08    1.11576e-08    5.16596e-09    2.20969e-09    9.11233e-10    3.45953e-10    1.26272e-10    5.94260e-11    4.35611e-11    3.29884e-11    2.44296e-11    1.63315e-11    9.79574e-12    4.50495e-12    2.22565e-12    7.54410e-13    3.80825e-13    1.81282e-13    8.38827e-14    4.80199e-14
+060 ||    1.19288e-06    1.67350e-06    1.56692e-06    1.42900e-06    1.13054e-06    1.01985e-06    9.43810e-07    8.21594e-07    6.23808e-07    4.35402e-07    3.03073e-07    2.18841e-07    1.58807e-07    1.14481e-07    8.14755e-08    5.69995e-08    3.95317e-08    2.74041e-08    1.86496e-08    1.22376e-08    7.94930e-09    4.99152e-09    3.04284e-09    1.73847e-09    8.97290e-10    4.71108e-10    1.84058e-10    6.49303e-11    2.80161e-11    1.45265e-11    9.62342e-12    5.56297e-12    2.39529e-12    1.72962e-12    1.41423e-12
+075 ||    1.65017e-06    2.20621e-06    2.07698e-06    1.94227e-06    1.46870e-06    1.13022e-06    1.06658e-06    1.08060e-06    9.42929e-07    6.82641e-07    4.84575e-07    3.42912e-07    2.47392e-07    1.80396e-07    1.32516e-07    9.78996e-08    7.23085e-08    5.43848e-08    4.05803e-08    2.90562e-08    2.01962e-08    1.35020e-08    8.18597e-09    5.04369e-09    2.94891e-09    1.50737e-09    6.89017e-10    2.83887e-10    6.48223e-11    4.11001e-11    2.32673e-11    1.53033e-11    8.84719e-12    3.62204e-12    3.17954e-12
+090 ||    8.19230e-06    3.67784e-06    3.01610e-06    2.50250e-06    1.93502e-06    1.49078e-06    1.26990e-06    1.11735e-06    9.82224e-07    7.98788e-07    6.10514e-07    4.64372e-07    3.57481e-07    2.76814e-07    2.15555e-07    1.67728e-07    1.29596e-07    9.88693e-08    7.40692e-08    5.47466e-08    4.07128e-08    3.13709e-08    2.68911e-08    2.34727e-08    2.09703e-08    1.93171e-08    1.70399e-08    1.45874e-08    1.19360e-08    8.68810e-09    5.49980e-09    3.73796e-09    2.30866e-09    1.20067e-09    6.80961e-10
+105 ||    1.47344e-05    5.27167e-06    4.12485e-06    3.20630e-06    2.39785e-06    1.92257e-06    1.57378e-06    1.25834e-06    1.02898e-06    8.71262e-07    7.28461e-07    5.90962e-07    4.75785e-07    3.80968e-07    3.06690e-07    2.46549e-07    1.95557e-07    1.52517e-07    1.14981e-07    8.44108e-08    6.43401e-08    5.15100e-08    4.52021e-08    4.19329e-08    3.90431e-08    3.73871e-08    3.43577e-08    3.03742e-08    2.52398e-08    1.92381e-08    1.23997e-08    8.41913e-09    5.21816e-09    3.02671e-09    1.61361e-09
+120 ||    1.73270e-05    4.70670e-06    3.54625e-06    2.73416e-06    2.12533e-06    1.73473e-06    1.43476e-06    1.16357e-06    9.28320e-07    7.31707e-07    5.57980e-07    4.18545e-07    3.15852e-07    2.36109e-07    1.75484e-07    1.29783e-07    9.54126e-08    6.89886e-08    4.91655e-08    3.57651e-08    2.74326e-08    2.30441e-08    2.12331e-08    1.96685e-08    1.87565e-08    1.72325e-08    1.51419e-08    1.24571e-08    9.25794e-09    5.71233e-09    3.91600e-09    2.40639e-09    1.29775e-09    7.20405e-10    2.95833e-10
+135 ||    1.99195e-05    4.13712e-06    3.00073e-06    2.36064e-06    1.92477e-06    1.59733e-06    1.33210e-06    1.09961e-06    8.39487e-07    5.92828e-07    3.96837e-07    2.65649e-07    1.72177e-07    1.04307e-07    5.77352e-08    3.00167e-08    1.38633e-08    5.51310e-09    1.92692e-09    6.42575e-10    2.23008e-10    7.75785e-11    2.56011e-11    8.39439e-12    6.95224e-12    1.16508e-11    1.02906e-11    8.54099e-12    6.50477e-12    6.32751e-12    6.17577e-12    6.05306e-12    5.01902e-12    3.85111e-12    2.82712e-12
+150 ||    1.18049e-05    3.74300e-06    3.00664e-06    2.61813e-06    2.40393e-06    2.17260e-06    1.90046e-06    1.56601e-06    1.16973e-06    7.54811e-07    4.28628e-07    2.24391e-07    1.07514e-07    4.84770e-08    2.16303e-08    9.75384e-09    4.69894e-09    2.52039e-09    1.65182e-09    1.28288e-09    1.08089e-09    9.45254e-10    8.09580e-10    6.71018e-10    5.21425e-10    3.60770e-10    2.19727e-10    1.16249e-10    4.51122e-11    2.68231e-11    1.47432e-11    1.09986e-11    9.18915e-12    8.23770e-12    6.68206e-12
+165 ||    3.69037e-06    3.42098e-06    3.14381e-06    3.04016e-06    3.00255e-06    2.80059e-06    2.45161e-06    1.96086e-06    1.33405e-06    7.29660e-07    3.40311e-07    1.43317e-07    5.09980e-08    1.68367e-08    7.44341e-09    4.79869e-09    3.47495e-09    2.77588e-09    2.37452e-09    2.09028e-09    1.85038e-09    1.57619e-09    1.28463e-09    9.67010e-10    6.47358e-10    3.60313e-10    1.86524e-10    7.34820e-11    3.66666e-11    2.20332e-11    1.57272e-11    1.48493e-11    1.37938e-11    1.06527e-11    7.51166e-12
+180 ||    3.67689e-06    3.30558e-06    3.05753e-06    2.79742e-06    2.47797e-06    2.03013e-06    1.55744e-06    1.08955e-06    6.39973e-07    3.17885e-07    1.32081e-07    5.05099e-08    1.69386e-08    5.56728e-09    2.80204e-09    1.90132e-09    1.46957e-09    1.23629e-09    1.07715e-09    9.54431e-10    8.11891e-10    6.61947e-10    4.99993e-10    3.33408e-10    1.85419e-10    9.35691e-11    3.62245e-11    1.72473e-11    1.12519e-11    8.94034e-12    9.16555e-12    8.88938e-12    7.09452e-12    5.31079e-12    3.62744e-12
+195 ||    3.66340e-06    3.21114e-06    2.97565e-06    2.48570e-06    1.88028e-06    1.24390e-06    7.26806e-07    3.85045e-07    1.87970e-07    8.27522e-08    3.36770e-08    1.08066e-08    2.42360e-09    5.07741e-10    9.82885e-11    3.38332e-11    2.14906e-11    1.33266e-11    7.80050e-12    4.05287e-12    1.64269e-12    4.27042e-13    1.06846e-13    2.64535e-14    5.37896e-18    1.08057e-14    9.05820e-14    9.14109e-13    2.13560e-12    3.52293e-12    4.55111e-12    4.16327e-12    3.71371e-12    2.70370e-12    1.69368e-12
+210 ||    3.49733e-06    3.17077e-06    3.08101e-06    2.73154e-06    2.21970e-06    1.63651e-06    1.10440e-06    6.84412e-07    3.79301e-07    1.82953e-07    8.58086e-08    3.71647e-08    1.95540e-08    1.14148e-08    6.87362e-09    4.04231e-09    2.29994e-09    1.22605e-09    5.99225e-10    2.56858e-10    8.89768e-11    1.95212e-11    7.21072e-13    6.56943e-13    2.20747e-12    5.80974e-12    1.20472e-11    1.30808e-11    1.32566e-11    1.26425e-11    1.22778e-11    1.21349e-11    1.18978e-11    1.15466e-11    1.11523e-11
+225 ||    3.33127e-06    3.13252e-06    3.18392e-06    2.97379e-06    2.55706e-06    2.03014e-06    1.48220e-06    9.74896e-07    5.53402e-07    2.73163e-07    1.29408e-07    6.13942e-08    3.46182e-08    2.08341e-08    1.25415e-08    7.27515e-09    4.09511e-09    2.12317e-09    1.01107e-09    4.20046e-10    1.42667e-10    3.16452e-11    1.35696e-12    1.28657e-12    5.23782e-12    1.42769e-11    2.49967e-11    2.48739e-11    2.32231e-11    2.05378e-11    2.01671e-11    2.02756e-11    2.05480e-11    2.08671e-11    2.00054e-11
+240 ||    3.05282e-06    2.55195e-06    2.54249e-06    2.37035e-06    2.00527e-06    1.54659e-06    1.09906e-06    7.25945e-07    4.41312e-07    2.50403e-07    1.46283e-07    8.74197e-08    5.80957e-08    3.94551e-08    2.64802e-08    1.71565e-08    1.06290e-08    6.21468e-09    3.36974e-09    1.68785e-09    7.72927e-10    3.19752e-10    1.34111e-10    6.73620e-11    2.92953e-11    1.51886e-11    1.93650e-11    1.87674e-11    1.73325e-11    1.66128e-11    1.59150e-11    1.52408e-11    1.45546e-11    1.38512e-11    1.31479e-11
+255 ||    2.77436e-06    1.97260e-06    1.89744e-06    1.72964e-06    1.40543e-06    1.01049e-06    6.70101e-07    4.38684e-07    3.01332e-07    2.13261e-07    1.53252e-07    1.09770e-07    7.92715e-08    5.65656e-08    3.93972e-08    2.63899e-08    1.68269e-08    1.01513e-08    5.70347e-09    2.98695e-09    1.44420e-09    6.36205e-10    3.16776e-10    1.57397e-10    6.35420e-11    2.13364e-11    1.69821e-11    1.33031e-11    1.02649e-11    1.14937e-11    1.20234e-11    1.05779e-11    9.08532e-12    7.37940e-12    5.67347e-12
+270 ||    1.80921e-06    1.19023e-06    1.11466e-06    1.01505e-06    8.33925e-07    6.12842e-07    4.15705e-07    2.77568e-07    1.91749e-07    1.36034e-07    9.84522e-08    7.10556e-08    5.19974e-08    3.77333e-08    2.68957e-08    1.86079e-08    1.23658e-08    7.81480e-09    4.59613e-09    2.47560e-09    1.18342e-09    4.68608e-10    1.80141e-10    7.94140e-11    2.94342e-11    1.03546e-11    8.09270e-12    6.27992e-12    5.32079e-12    6.01978e-12    5.80669e-12    5.04179e-12    4.17664e-12    3.25993e-12    2.50716e-12
+285 ||    8.44062e-07    4.08185e-07    3.28351e-07    2.85772e-07    2.42116e-07    1.94126e-07    1.45966e-07    1.05513e-07    7.60781e-08    5.52078e-08    4.08554e-08    3.06517e-08    2.34423e-08    1.79258e-08    1.36587e-08    1.02794e-08    7.51541e-09    5.21495e-09    3.31768e-09    1.86165e-09    8.69157e-10    2.84244e-10    3.14035e-11    8.04413e-12    2.25682e-14    4.62370e-18    3.23753e-17    6.11257e-16    6.51943e-14    1.65371e-13    1.67759e-13    1.64652e-13    1.34803e-13    1.04954e-13    8.01503e-14
+300 ||    1.18714e-06    8.67916e-07    9.30806e-07    9.79366e-07    9.45409e-07    8.24056e-07    6.26159e-07    4.07777e-07    2.43293e-07    1.35947e-07    7.68749e-08    4.57717e-08    2.98494e-08    2.03474e-08    1.41686e-08    9.94877e-09    6.86187e-09    4.50487e-09    2.72056e-09    1.44836e-09    6.38842e-10    2.00364e-10    2.23722e-11    2.43489e-12    1.68541e-14    4.61360e-13    1.00552e-12    9.79303e-13    6.52834e-13    3.44883e-13    2.38244e-13    1.58732e-13    1.23201e-13    8.96899e-14    6.50949e-14
+315 ||    1.53023e-06    1.32983e-06    1.53739e-06    1.67593e-06    1.64839e-06    1.44871e-06    1.09691e-06    7.01105e-07    4.02768e-07    2.12646e-07    1.10153e-07    6.00085e-08    3.57766e-08    2.25004e-08    1.45280e-08    9.61284e-09    6.27298e-09    3.86744e-09    2.17013e-09    1.08723e-09    4.45780e-10    1.32186e-10    1.49554e-11    3.46654e-14    1.49415e-14    1.26592e-12    1.99909e-12    1.88211e-12    1.03459e-12    4.79224e-13    2.65053e-13    1.51007e-13    1.09836e-13    7.49057e-14    5.04252e-14
+330 ||    2.26228e-06    2.01605e-06    2.18864e-06    2.26367e-06    2.12261e-06    1.75501e-06    1.29195e-06    8.28950e-07    4.66981e-07    2.35823e-07    1.11403e-07    5.56862e-08    3.00670e-08    1.74740e-08    1.06070e-08    6.68942e-09    4.16665e-09    2.46585e-09    1.33262e-09    6.25409e-10    2.45708e-10    7.19565e-11    8.96730e-12    8.51934e-14    1.70835e-14    6.30381e-13    1.02168e-12    1.02853e-12    6.72007e-13    3.97000e-13    2.82457e-13    1.91763e-13    1.37355e-13    8.67501e-14    6.12359e-14
+345 ||    2.99433e-06    2.70188e-06    2.83370e-06    2.84793e-06    2.59827e-06    2.07182e-06    1.50430e-06    9.70710e-07    5.42960e-07    2.64887e-07    1.16393e-07    5.26697e-08    2.51194e-08    1.29284e-08    7.00965e-09    3.92390e-09    2.18008e-09    1.15254e-09    5.55435e-10    2.26786e-10    8.09037e-11    2.29295e-11    3.88218e-12    1.36533e-13    2.23930e-14    4.09538e-15    3.60287e-14    1.06038e-13    2.05721e-13    2.89955e-13    2.69314e-13    2.41562e-13    1.74691e-13    1.07819e-13    7.42962e-14
+360 ||    2.52232e-06    2.34964e-06    2.33193e-06    2.23839e-06    1.88279e-06    1.38875e-06    9.38997e-07    5.81620e-07    3.26684e-07    1.60384e-07    7.55214e-08    3.35771e-08    1.63197e-08    8.52131e-09    4.67343e-09    2.58176e-09    1.43816e-09    7.96288e-10    4.22622e-10    2.04477e-10    8.23193e-11    2.22412e-11    7.11228e-12    1.49504e-12    6.26444e-14    8.42471e-15    7.65568e-15    2.87642e-14    7.07772e-14    1.13711e-13    1.56867e-13    1.43032e-13    1.28662e-13    9.77479e-14    6.51087e-14
##########################################################################################
### MCD_v6.1 with Martian Year 29 scenario.
### Latitude 83.8N. Longitude 235.0E. Local time 12.0h
### --------------------------------------------------------------------------------------
### Column 1 is Areocentric longitude (degrees)
### Columns 2+ are Water ice mixing ratio (mol/mol)
### Line 1 is height above surface (m)
### --------------------------------------------------------------------------------------
### Retrieved on: 2024-06-07T22:15:52.128471
### Mars Climate Database (c) LMD/OU/IAA/ESA/CNES
##########################################################################################
---- ||    0.00000e+00    1.47059e+03    2.94118e+03    4.41176e+03    5.88235e+03    7.35294e+03    8.82353e+03    1.02941e+04    1.17647e+04    1.32353e+04    1.47059e+04    1.61765e+04    1.76471e+04    1.91176e+04    2.05882e+04    2.20588e+04    2.35294e+04    2.50000e+04    2.64706e+04    2.79412e+04    2.94118e+04    3.08824e+04    3.23529e+04    3.38235e+04    3.52941e+04    3.67647e+04    3.82353e+04    3.97059e+04    4.11765e+04    4.26471e+04    4.41176e+04    4.55882e+04    4.70588e+04    4.85294e+04    5.00000e+04
-----------------------------------
+000 ||    7.86120e-05    8.02462e-05    7.71948e-05    5.99627e-05    4.07945e-05    3.21184e-05    2.94712e-05    2.74237e-05    2.50143e-05    2.23733e-05    1.95102e-05    1.65847e-05    1.37055e-05    1.10144e-05    8.59783e-06    6.48090e-06    4.75571e-06    3.44996e-06    2.47323e-06    1.73685e-06    1.17429e-06    7.35689e-07    4.75287e-07    2.96074e-07    1.69347e-07    7.41612e-08    2.71079e-08    3.42600e-09    5.78723e-10    5.60488e-11    2.21356e-11    1.27892e-11    3.71459e-12    2.17208e-12    6.29573e-13
+015 ||    9.52678e-05    1.00705e-04    9.27958e-05    5.77642e-05    2.07306e-05    4.16979e-06    5.70887e-07    1.86570e-07    1.47528e-07    1.48874e-07    1.74474e-07    2.11257e-07    2.43014e-07    2.55893e-07    2.31665e-07    1.79042e-07    1.32323e-07    1.07963e-07    9.89837e-08    8.57683e-08    8.11058e-08    8.18521e-08    8.13925e-08    7.56033e-08    5.37975e-08    3.23432e-08    1.31828e-08    5.49257e-09    1.02711e-09    2.47540e-10    1.57919e-12    2.71434e-13    9.40865e-18    2.52905e-18    0.00000e+00
+030 ||    1.33416e-04    1.70538e-04    1.58642e-04    1.12828e-04    5.05578e-05    1.40396e-05    2.59503e-06    2.98535e-07    1.77225e-07    1.34201e-07    1.51498e-07    1.72418e-07    1.64567e-07    1.47914e-07    1.33954e-07    1.17900e-07    9.29680e-08    7.00050e-08    5.70687e-08    5.32417e-08    4.71199e-08    4.29800e-08    4.13109e-08    4.20294e-08    3.97120e-08    3.44407e-08    2.34618e-08    1.37125e-08    5.33709e-09    2.09150e-09    4.45074e-10    6.24723e-11    6.95301e-13    4.92917e-14    4.26936e-18
+045 ||    1.71563e-04    2.40521e-04    2.24819e-04    1.71178e-04    8.55590e-05    2.78589e-05    5.68650e-06    1.02026e-06    2.42367e-07    1.53296e-07    1.30961e-07    1.59644e-07    1.53640e-07    9.66680e-08    4.34537e-08    1.32449e-08    5.33720e-09    4.24264e-09    4.16633e-09    4.46317e-09    4.67048e-09    4.40680e-09    3.64593e-09    2.61267e-09    1.56705e-09    6.57983e-10    3.04100e-10    9.97622e-11    1.45986e-11    1.78341e-12    6.11043e-15    1.64973e-15    0.00000e+00    0.00000e+00    0.00000e+00
+060 ||    3.20377e-04    4.10546e-04    3.65813e-04    3.22719e-04    2.52000e-04    1.85849e-04    1.25404e-04    5.89918e-05    1.89472e-05    8.00436e-06    2.98152e-06    1.27864e-06    7.20590e-07    4.41166e-07    2.30549e-07    1.03738e-07    4.85757e-08    3.50891e-08    4.45387e-08    5.54686e-08    3.79087e-08    1.93651e-08    1.38363e-08    1.39190e-08    1.61322e-08    7.75694e-09    2.12722e-09    4.36441e-10    4.04029e-11    1.80733e-12    6.16319e-13    2.53773e-15    3.05321e-16    0.00000e+00    0.00000e+00
+075 ||    4.69192e-04    5.93189e-04    5.09357e-04    4.63104e-04    4.07022e-04    3.47704e-04    2.72783e-04    1.54424e-04    4.99838e-05    2.15668e-05    9.11679e-06    3.61228e-06    1.65921e-06    9.73614e-07    5.41890e-07    2.53090e-07    1.18766e-07    6.74465e-08    6.81343e-08    9.90566e-08    9.46386e-08    5.92377e-08    2.49236e-08    2.28247e-08    2.59939e-08    2.59655e-08    9.80334e-09    2.86678e-09    1.15272e-12    4.44114e-13    2.63560e-16    5.18489e-17    0.00000e+00    0.00000e+00    0.00000e+00
+090 ||    2.94609e-04    3.56930e-04    2.93022e-04    2.78016e-04    2.70297e-04    2.63921e-04    2.25690e-04    1.57268e-04    8.60151e-05    3.96155e-05    1.61912e-05    6.50478e-06    3.60104e-06    2.83408e-06    2.32710e-06    1.95346e-06    1.65642e-06    1.33841e-06    1.08056e-06    9.93739e-07    1.00695e-06    9.84954e-07    7.37900e-07    4.83875e-07    3.18250e-07    2.93611e-07    5.62997e-07    9.53565e-07    1.49016e-06    1.68532e-06    1.72641e-06    1.32593e-06    9.24354e-07    5.21733e-07    2.58045e-07
+105 ||    1.20027e-04    1.13585e-04    6.95388e-05    7.85601e-05    9.93767e-05    1.46580e-04    1.58081e-04    1.26491e-04    9.21091e-05    6.26548e-05    3.26813e-05    1.24188e-05    5.70839e-06    4.73941e-06    4.12062e-06    3.71406e-06    3.31241e-06    2.87184e-06    2.22731e-06    1.90164e-06    1.90615e-06    1.90709e-06    1.60729e-06    1.12401e-06    6.30796e-07    5.75427e-07    9.27184e-07    1.57531e-06    2.66519e-06    3.31030e-06    3.52643e-06    2.87067e-06    2.07139e-06    1.27293e-06    6.59002e-07
+120 ||    9.28988e-05    9.97798e-05    8.91089e-05    1.04840e-04    1.26200e-04    1.48609e-04    1.48302e-04    1.07813e-04    7.54410e-05    5.12361e-05    2.90383e-05    1.40551e-05    8.04561e-06    4.98060e-06    3.20710e-06    2.37104e-06    1.87885e-06    1.42054e-06    1.12482e-06    1.02880e-06    1.00260e-06    8.82236e-07    6.25451e-07    3.52614e-07    3.06422e-07    4.69263e-07    8.07464e-07    1.37335e-06    1.66941e-06    1.77828e-06    1.36826e-06    9.60766e-07    5.56816e-07    2.79646e-07    4.35534e-08
+135 ||    6.57703e-05    8.75398e-05    1.10423e-04    1.29334e-04    1.44341e-04    1.44781e-04    1.42745e-04    9.27137e-05    6.20333e-05    4.63465e-05    3.09143e-05    1.74754e-05    9.16502e-06    4.08071e-06    1.75360e-06    9.31028e-07    5.05797e-07    2.94656e-07    1.82659e-07    1.15779e-07    6.99242e-08    4.68236e-08    3.90989e-08    3.42640e-08    2.80697e-08    1.88543e-08    1.07431e-08    5.49359e-09    2.62707e-09    9.90687e-10    8.52251e-11    1.13315e-11    4.00364e-13    1.03075e-16    4.69632e-17
+150 ||    2.70722e-04    2.89868e-04    2.93411e-04    2.87572e-04    2.66320e-04    2.43911e-04    1.98922e-04    1.30965e-04    6.99405e-05    3.14555e-05    1.38207e-05    6.37925e-06    2.65141e-06    1.24817e-06    7.80090e-07    5.55975e-07    4.39934e-07    3.57841e-07    2.63245e-07    1.74167e-07    1.28402e-07    1.18401e-07    1.13941e-07    9.56422e-08    7.34031e-08    5.07915e-08    3.63136e-08    2.10368e-08    5.36721e-09    2.18400e-09    2.90338e-10    1.27765e-10    5.01273e-11    1.01436e-11    2.43179e-13
+165 ||    4.75673e-04    4.89870e-04    4.69290e-04    4.31140e-04    3.78761e-04    3.23955e-04    2.46437e-04    1.36845e-04    4.79421e-05    1.38525e-05    4.45548e-06    1.69673e-06    8.67394e-07    6.89268e-07    6.46510e-07    6.11106e-07    5.52222e-07    4.22580e-07    2.81759e-07    2.12380e-07    1.99412e-07    1.94624e-07    1.61426e-07    1.24127e-07    8.86225e-08    6.19720e-08    3.20457e-08    8.80192e-09    2.44781e-09    4.80647e-10    1.55153e-10    7.47953e-11    7.14028e-13    3.76803e-13    3.95784e-14
+180 ||    2.95554e-04    3.02287e-04    2.82796e-04    2.42273e-04    1.94199e-04    1.54728e-04    1.04999e-04    4.76330e-05    1.40895e-05    4.57979e-06    1.80742e-06    1.07354e-06    8.79776e-07    7.78631e-07    6.94151e-07    6.03589e-07    4.77080e-07    3.84638e-07    3.50900e-07    3.44258e-07    3.19561e-07    2.73877e-07    2.25014e-07    1.80943e-07    1.49062e-07    1.12563e-07    7.79030e-08    4.98238e-08    2.90957e-08    1.18366e-08    5.63190e-09    8.55631e-10    4.06091e-10    1.33932e-12    7.75868e-13
+195 ||    1.15435e-04    1.15522e-04    9.94455e-05    5.98167e-05    2.27508e-05    6.07613e-06    1.77941e-06    9.65870e-07    8.98902e-07    9.56597e-07    1.02855e-06    1.05043e-06    9.75354e-07    8.36385e-07    6.97856e-07    5.42553e-07    4.67952e-07    4.77082e-07    4.87136e-07    4.60511e-07    4.04106e-07    3.38628e-07    2.83067e-07    2.44150e-07    2.02464e-07    1.56354e-07    1.05173e-07    6.23155e-08    2.46738e-08    1.20241e-08    1.74792e-09    8.29820e-10    2.67742e-12    1.53249e-12    3.87550e-13
+210 ||    7.68946e-05    7.40717e-05    6.28606e-05    4.12365e-05    1.94963e-05    9.00763e-06    5.70477e-06    4.29447e-06    3.35390e-06    2.82024e-06    2.59006e-06    2.47316e-06    2.39757e-06    2.32194e-06    2.18822e-06    1.94537e-06    1.67915e-06    1.36482e-06    1.02286e-06    7.17173e-07    5.05253e-07    3.73710e-07    2.90908e-07    2.32347e-07    1.70198e-07    1.13360e-07    6.79500e-08    3.85045e-08    1.65055e-08    6.81279e-09    1.69120e-09    6.34468e-10    4.57504e-11    2.24649e-11    1.85461e-14
+225 ||    3.83540e-05    3.26282e-05    2.60851e-05    2.20463e-05    1.60803e-05    1.20331e-05    9.65103e-06    7.52734e-06    5.68503e-06    4.61263e-06    4.10097e-06    3.88566e-06    3.84185e-06    3.82544e-06    3.67495e-06    3.31766e-06    2.81204e-06    2.13964e-06    1.44567e-06    8.94122e-07    5.76442e-07    3.99927e-07    2.93876e-07    2.13810e-07    1.31942e-07    7.41457e-08    3.82296e-08    2.11710e-08    1.03320e-08    3.70438e-09    1.57436e-09    3.75689e-10    7.41546e-11    2.83484e-11    3.24604e-14
+240 ||    3.00025e-05    2.45160e-05    2.06449e-05    1.78458e-05    1.38676e-05    1.06253e-05    8.31423e-06    6.48625e-06    5.15224e-06    4.42444e-06    4.14371e-06    4.10508e-06    4.23755e-06    4.43973e-06    4.63616e-06    4.76306e-06    4.77466e-06    4.56729e-06    4.08232e-06    3.41151e-06    2.74730e-06    2.14829e-06    1.60861e-06    1.16244e-06    7.73233e-07    4.57416e-07    2.63829e-07    1.63643e-07    9.52578e-08    5.75634e-08    3.06177e-08    1.52701e-08    5.22491e-09    2.63121e-09    3.75064e-11
+255 ||    2.16510e-05    1.63639e-05    1.49242e-05    1.31808e-05    1.12000e-05    8.90856e-06    6.75298e-06    5.25409e-06    4.50034e-06    4.19091e-06    4.16322e-06    4.33130e-06    4.64606e-06    5.06413e-06    5.58904e-06    6.17214e-06    6.67122e-06    6.89805e-06    6.62237e-06    5.88289e-06    4.94972e-06    3.98115e-06    3.04714e-06    2.23374e-06    1.51365e-06    9.01342e-07    5.52948e-07    3.30065e-07    1.92516e-07    1.24021e-07    6.57750e-08    3.64831e-08    1.15744e-08    6.48248e-09    1.39055e-09
+270 ||    1.56800e-05    1.10908e-05    1.01942e-05    9.17786e-06    7.82553e-06    6.23101e-06    4.74364e-06    3.69673e-06    3.14783e-06    2.92790e-06    2.89165e-06    2.95112e-06    3.09587e-06    3.31100e-06    3.61003e-06    3.99456e-06    4.38580e-06    4.60230e-06    4.42645e-06    3.89060e-06    3.20420e-06    2.50166e-06    1.84914e-06    1.29243e-06    8.20293e-07    4.52752e-07    2.55035e-07    1.54276e-07    9.02399e-08    5.26944e-08    2.84267e-08    1.21921e-08    4.78666e-09    1.92156e-09    5.44320e-11
+285 ||    9.70904e-06    5.80937e-06    5.41234e-06    5.06676e-06    4.32404e-06    3.41553e-06    2.62571e-06    2.06413e-06    1.76481e-06    1.65887e-06    1.62159e-06    1.58312e-06    1.56178e-06    1.57764e-06    1.65553e-06    1.84535e-06    2.12734e-06    2.31997e-06    2.21611e-06    1.86550e-06    1.43023e-06    1.01167e-06    6.55371e-07    3.71031e-07    1.65412e-07    4.70721e-08    1.38214e-08    9.61487e-09    6.32186e-09    3.60985e-09    2.10729e-09    7.99285e-10    4.38243e-10    7.72016e-11    4.41716e-11
+300 ||    1.74926e-05    1.40959e-05    1.28001e-05    1.15789e-05    9.43797e-06    7.03739e-06    4.33181e-06    2.66541e-06    1.96636e-06    1.70411e-06    1.64235e-06    1.63418e-06    1.64867e-06    1.67853e-06    1.73100e-06    1.81139e-06    1.88247e-06    1.84383e-06    1.60295e-06    1.24264e-06    8.91730e-07    6.01496e-07    3.74345e-07    1.96913e-07    8.43738e-08    2.75644e-08    9.11208e-09    5.56170e-09    3.47995e-09    1.88197e-09    1.01212e-09    3.98060e-10    1.98714e-10    3.36473e-11    1.98668e-11
+315 ||    2.52762e-05    2.23789e-05    2.01517e-05    1.80557e-05    1.45043e-05    1.05785e-05    5.97560e-06    3.23610e-06    2.15225e-06    1.74548e-06    1.66434e-06    1.68952e-06    1.73837e-06    1.77895e-06    1.79920e-06    1.74985e-06    1.58597e-06    1.31633e-06    9.70787e-07    6.35521e-07    3.91219e-07    2.35495e-07    1.37762e-07    7.38518e-08    3.22996e-08    1.31202e-08    4.75093e-09    2.01161e-09    1.06173e-09    4.36670e-10    1.90923e-10    6.49282e-11    2.60951e-11    1.52462e-12    8.40220e-13
+330 ||    3.80340e-05    3.55229e-05    3.51544e-05    3.10621e-05    2.23416e-05    1.48440e-05    8.41592e-06    4.20113e-06    2.17672e-06    1.45873e-06    1.27865e-06    1.26305e-06    1.28810e-06    1.29652e-06    1.26698e-06    1.17540e-06    1.02391e-06    8.23936e-07    6.03313e-07    4.05113e-07    2.72889e-07    1.89880e-07    1.32396e-07    8.77036e-08    5.36602e-08    3.34347e-08    1.98002e-08    1.02364e-08    5.65571e-09    2.21141e-09    1.00405e-09    2.27769e-10    1.07343e-10    2.62848e-12    1.58772e-12
+345 ||    5.07918e-05    4.87000e-05    5.02691e-05    4.40891e-05    3.02397e-05    1.92784e-05    1.09819e-05    5.22076e-06    2.23677e-06    1.17986e-06    8.94583e-07    8.34635e-07    8.35747e-07    8.12541e-07    7.33781e-07    6.07827e-07    4.74577e-07    3.49872e-07    2.55249e-07    1.95164e-07    1.69423e-07    1.51653e-07    1.30534e-07    1.03451e-07    7.66225e-08    5.48011e-08    3.61566e-08    2.02843e-08    1.14178e-08    4.35896e-09    2.24905e-09    4.33275e-10    2.35736e-10    3.81983e-11    2.61095e-12
+360 ||    7.11843e-05    7.38951e-05    6.56950e-05    4.11222e-05    2.13713e-05    1.13501e-05    6.06080e-06    2.97230e-06    1.35961e-06    6.98533e-07    5.42516e-07    5.01770e-07    5.02166e-07    4.88678e-07    4.41956e-07    3.74021e-07    3.04045e-07    2.35875e-07    1.79259e-07    1.40558e-07    1.18615e-07    1.08463e-07    9.79103e-08    7.95864e-08    5.92278e-08    4.09043e-08    2.85723e-08    1.85757e-08    1.07576e-08    6.17835e-09    2.37849e-09    1.34001e-09    3.27452e-10    1.45355e-10    4.98630e-11
