##########################################################################################
### MCD_v6.1 with Martian Year 31 scenario.
### Latitude 83.8N. Longitude 235.0E. Local time 12.0h
### --------------------------------------------------------------------------------------
### Column 1 is Areocentric longitude (degrees)
### Columns 2+ are Pressure (Pa)
### Line 1 is height above surface (m)
### --------------------------------------------------------------------------------------
### Retrieved on: 2024-06-07T22:16:38.320484
### Mars Climate Database (c) LMD/OU/IAA/ESA/CNES
##########################################################################################
---- ||    0.00000e+00    1.47059e+03    2.94118e+03    4.41176e+03    5.88235e+03    7.35294e+03    8.82353e+03    1.02941e+04    1.17647e+04    1.32353e+04    1.47059e+04    1.61765e+04    1.76471e+04    1.91176e+04    2.05882e+04    2.20588e+04    2.35294e+04    2.50000e+04    2.64706e+04    2.79412e+04    2.94118e+04    3.08824e+04    3.23529e+04    3.38235e+04    3.52941e+04    3.67647e+04    3.82353e+04    3.97059e+04    4.11765e+04    4.26471e+04    4.41176e+04    4.55882e+04    4.70588e+04    4.85294e+04    5.00000e+04
-----------------------------------
+000 ||    8.19144e+02    6.75772e+02    5.56856e+02    4.58774e+02    3.78676e+02    3.13217e+02    2.59087e+02    2.14012e+02    1.76377e+02    1.45019e+02    1.18914e+02    9.72937e+01    7.94162e+01    6.46960e+01    5.26138e+01    4.27219e+01    3.46441e+01    2.80646e+01    2.27199e+01    1.83898e+01    1.48895e+01    1.20635e+01    9.79140e+00    7.96439e+00    6.49152e+00    5.30657e+00    4.35518e+00    3.58402e+00    2.95898e+00    2.45388e+00    2.03770e+00    1.70181e+00    1.42168e+00    1.19363e+00    1.00292e+00
+015 ||    8.30434e+02    6.84894e+02    5.64251e+02    4.65243e+02    3.85455e+02    3.20962e+02    2.67589e+02    2.22751e+02    1.84957e+02    1.53138e+02    1.26441e+02    1.04126e+02    8.55619e+01    7.01653e+01    5.74287e+01    4.69381e+01    3.83227e+01    3.12674e+01    2.55045e+01    2.08071e+01    1.69893e+01    1.38895e+01    1.13718e+01    9.32515e+00    7.67136e+00    6.32266e+00    5.22263e+00    4.33038e+00    3.59758e+00    2.99682e+00    2.50429e+00    2.09567e+00    1.76025e+00    1.47992e+00    1.24771e+00
+030 ||    8.70445e+02    7.20375e+02    5.96189e+02    4.94175e+02    4.12320e+02    3.46775e+02    2.92890e+02    2.47501e+02    2.08790e+02    1.75767e+02    1.47552e+02    1.23571e+02    1.03243e+02    8.60561e+01    7.15609e+01    5.93910e+01    4.92055e+01    4.07072e+01    3.36373e+01    2.77692e+01    2.29146e+01    1.89074e+01    1.56040e+01    1.28841e+01    1.06511e+01    8.81260e+00    7.30294e+00    6.06293e+00    5.03951e+00    4.19964e+00    3.50556e+00    2.93048e+00    2.45631e+00    2.06015e+00    1.73305e+00
+045 ||    9.08872e+02    7.54557e+02    6.27084e+02    5.22197e+02    4.38363e+02    3.71810e+02    3.17577e+02    2.71933e+02    2.32741e+02    1.98840e+02    1.69533e+02    1.44225e+02    1.22407e+02    1.03624e+02    8.75122e+01    7.37385e+01    6.20009e+01    5.20307e+01    4.35829e+01    3.64481e+01    3.04442e+01    2.54056e+01    2.11863e+01    1.76571e+01    1.47138e+01    1.22613e+01    1.02213e+01    8.52542e+00    7.11456e+00    5.94464e+00    4.97016e+00    4.16130e+00    3.48792e+00    2.92593e+00    2.45859e+00
+060 ||    9.03538e+02    7.60094e+02    6.41153e+02    5.40836e+02    4.57183e+02    3.88856e+02    3.32965e+02    2.86128e+02    2.46074e+02    2.11423e+02    1.81332e+02    1.55140e+02    1.32405e+02    1.12718e+02    9.57133e+01    8.10677e+01    6.84954e+01    5.77404e+01    4.85728e+01    4.07850e+01    3.41909e+01    2.86138e+01    2.39187e+01    1.99775e+01    1.66751e+01    1.39098e+01    1.16031e+01    9.67902e+00    8.07827e+00    6.74399e+00    5.63550e+00    4.71237e+00    3.94312e+00    3.30394e+00    2.76953e+00
+075 ||    8.80056e+02    7.50421e+02    6.42804e+02    5.49973e+02    4.69642e+02    4.01438e+02    3.44823e+02    2.97354e+02    2.56867e+02    2.21877e+02    1.91352e+02    1.64680e+02    1.41384e+02    1.21067e+02    1.03387e+02    8.80437e+01    7.47719e+01    6.33338e+01    5.35140e+01    4.51161e+01    3.79605e+01    3.18843e+01    2.67406e+01    2.23889e+01    1.87236e+01    1.56471e+01    1.30664e+01    1.09078e+01    9.10532e+00    7.60230e+00    6.34928e+00    5.30472e+00    4.43545e+00    3.71015e+00    3.10632e+00
+090 ||    8.43461e+02    7.29283e+02    6.31923e+02    5.46866e+02    4.72323e+02    4.07443e+02    3.51722e+02    3.03969e+02    2.62762e+02    2.26970e+02    1.95737e+02    1.68389e+02    1.44477e+02    1.23632e+02    1.05507e+02    8.97910e+01    7.62070e+01    6.45068e+01    5.44673e+01    4.58863e+01    3.85800e+01    3.23813e+01    2.71329e+01    2.27037e+01    1.89808e+01    1.58577e+01    1.32395e+01    1.10522e+01    9.22572e+00    7.70432e+00    6.43573e+00    5.37883e+00    4.49905e+00    3.76479e+00    3.15386e+00
+105 ||    7.99523e+02    7.01955e+02    6.15987e+02    5.39737e+02    4.71996e+02    4.11803e+02    3.58440e+02    3.11257e+02    2.69643e+02    2.33134e+02    2.01037e+02    1.72918e+02    1.48330e+02    1.26886e+02    1.08210e+02    9.20269e+01    7.80504e+01    6.60205e+01    5.57035e+01    4.68899e+01    3.93906e+01    3.30241e+01    2.76474e+01    2.31215e+01    1.93213e+01    1.61354e+01    1.34689e+01    1.12429e+01    9.38505e+00    7.83831e+00    6.54863e+00    5.47512e+00    4.58108e+00    3.83472e+00    3.21429e+00
+120 ||    7.66929e+02    6.71482e+02    5.87519e+02    5.13210e+02    4.47339e+02    3.88969e+02    3.37309e+02    2.91734e+02    2.51724e+02    2.16582e+02    1.85860e+02    1.59050e+02    1.35654e+02    1.15359e+02    9.78092e+01    8.26844e+01    6.96991e+01    5.85955e+01    4.91413e+01    4.11259e+01    3.43577e+01    2.86637e+01    2.38884e+01    1.98937e+01    1.65576e+01    1.37800e+01    1.14693e+01    9.54933e+00    7.95680e+00    6.63321e+00    5.53635e+00    4.62556e+00    3.86723e+00    3.23955e+00    2.71532e+00
+135 ||    7.46625e+02    6.51780e+02    5.68504e+02    4.95063e+02    4.30147e+02    3.72729e+02    3.22074e+02    2.77466e+02    2.38378e+02    2.04141e+02    1.74325e+02    1.48340e+02    1.25840e+02    1.06414e+02    8.97004e+01    7.53583e+01    6.31284e+01    5.27511e+01    4.39852e+01    3.66110e+01    3.04306e+01    2.52648e+01    2.09624e+01    1.73883e+01    1.44239e+01    1.19672e+01    9.93768e+00    8.25857e+00    6.86824e+00    5.72241e+00    4.77251e+00    3.98544e+00    3.33520e+00    2.79304e+00    2.34534e+00
+150 ||    7.25790e+02    6.26656e+02    5.39661e+02    4.63366e+02    3.96421e+02    3.38045e+02    2.87484e+02    2.44002e+02    2.06862e+02    1.75138e+02    1.47947e+02    1.24624e+02    1.04681e+02    8.76739e+01    7.31962e+01    6.09504e+01    5.06374e+01    4.19881e+01    3.47623e+01    2.87468e+01    2.37539e+01    1.96198e+01    1.62054e+01    1.33906e+01    1.10714e+01    9.16113e+00    7.59288e+00    6.30009e+00    5.23415e+00    4.35885e+00    3.63429e+00    3.03615e+00    2.54154e+00    2.13019e+00    1.78981e+00
+165 ||    7.20941e+02    6.15290e+02    5.22716e+02    4.42217e+02    3.72374e+02    3.12438e+02    2.61608e+02    2.19096e+02    1.83707e+02    1.53985e+02    1.28842e+02    1.07516e+02    8.94913e+01    7.42973e+01    6.15233e+01    5.08325e+01    4.19259e+01    3.45324e+01    2.84152e+01    2.33683e+01    1.92141e+01    1.58033e+01    1.30069e+01    1.07153e+01    8.83621e+00    7.30099e+00    6.04251e+00    5.00791e+00    4.16095e+00    3.46395e+00    2.88760e+00    2.41489e+00    2.02035e+00    1.69664e+00    1.42480e+00
+180 ||    7.26929e+02    6.10372e+02    5.10940e+02    4.26951e+02    3.56396e+02    2.97258e+02    2.47705e+02    2.06315e+02    1.71708e+02    1.42613e+02    1.18160e+02    9.76247e+01    8.04344e+01    6.61112e+01    5.42176e+01    4.43760e+01    3.62590e+01    2.95900e+01    2.41275e+01    1.96651e+01    1.60313e+01    1.30790e+01    1.06827e+01    8.73718e+00    7.16199e+00    5.88486e+00    4.84490e+00    3.99868e+00    3.31126e+00    2.74626e+00    2.28633e+00    1.90648e+00    1.59502e+00    1.33591e+00    1.12319e+00
+195 ||    7.46798e+02    6.17159e+02    5.09499e+02    4.21095e+02    3.49044e+02    2.89702e+02    2.40256e+02    1.98848e+02    1.64151e+02    1.35128e+02    1.10893e+02    9.07605e+01    7.40918e+01    6.03287e+01    4.90216e+01    3.97609e+01    3.21994e+01    2.60441e+01    2.10493e+01    1.70101e+01    1.37538e+01    1.11338e+01    9.02653e+00    7.34039e+00    5.98385e+00    4.89002e+00    4.00895e+00    3.29965e+00    2.72164e+00    2.25471e+00    1.87262e+00    1.56079e+00    1.30376e+00    1.09339e+00    9.16968e-01
+210 ||    7.87668e+02    6.50554e+02    5.36686e+02    4.42710e+02    3.65389e+02    3.01508e+02    2.48472e+02    2.04358e+02    1.67692e+02    1.37298e+02    1.12142e+02    9.14100e+01    7.43348e+01    6.03352e+01    4.88836e+01    3.95378e+01    3.19285e+01    2.57477e+01    2.07396e+01    1.66932e+01    1.34341e+01    1.08172e+01    8.72062e+00    7.04756e+00    5.71934e+00    4.65833e+00    3.80710e+00    3.12971e+00    2.58133e+00    2.13634e+00    1.77725e+00    1.48172e+00    1.24122e+00    1.04250e+00    8.76981e-01
+225 ||    8.28281e+02    6.83731e+02    5.63698e+02    4.64218e+02    3.81676e+02    3.13275e+02    2.56675e+02    2.09916e+02    1.71333e+02    1.39598e+02    1.13552e+02    9.22078e+01    7.47494e+01    6.04999e+01    4.88874e+01    3.94375e+01    3.17615e+01    2.55399e+01    2.05059e+01    1.64386e+01    1.31645e+01    1.05418e+01    8.45116e+00    6.78901e+00    5.48470e+00    4.45463e+00    3.63445e+00    2.98124e+00    2.45981e+00    2.03374e+00    1.69556e+00    1.41403e+00    1.18844e+00    9.99708e-01    8.43945e-01
+240 ||    8.84538e+02    7.30771e+02    6.02564e+02    4.96257e+02    4.08004e+02    3.34895e+02    2.74420e+02    2.24468e+02    1.83284e+02    1.49408e+02    1.21582e+02    9.87796e+01    8.01060e+01    6.48563e+01    5.24216e+01    4.22988e+01    3.40726e+01    2.73996e+01    2.19974e+01    1.76343e+01    1.41205e+01    1.13006e+01    9.04416e+00    7.24969e+00    5.83082e+00    4.70766e+00    3.81644e+00    3.11508e+00    2.55299e+00    2.09985e+00    1.73951e+00    1.44352e+00    1.20640e+00    1.01011e+00    8.48621e-01
+255 ||    9.21897e+02    7.62208e+02    6.28550e+02    5.17590e+02    4.25462e+02    3.49162e+02    2.86070e+02    2.34001e+02    1.91091e+02    1.55804e+02    1.26816e+02    1.03052e+02    8.35855e+01    6.76824e+01    5.47099e+01    4.41457e+01    3.55581e+01    2.85905e+01    2.29496e+01    1.83941e+01    1.47253e+01    1.17788e+01    9.41740e+00    7.53456e+00    6.03893e+00    4.85310e+00    3.91542e+00    3.17861e+00    2.59022e+00    2.11945e+00    1.74630e+00    1.44196e+00    1.19954e+00    9.99703e-01    8.36577e-01
+270 ||    9.15352e+02    7.58045e+02    6.25515e+02    5.15291e+02    4.23640e+02    3.47681e+02    2.84851e+02    2.32976e+02    1.90224e+02    1.55066e+02    1.26181e+02    1.02511e+02    8.31224e+01    6.72876e+01    5.43750e+01    4.38630e+01    3.53206e+01    2.83920e+01    2.27837e+01    1.82546e+01    1.46064e+01    1.16762e+01    9.32795e+00    7.45425e+00    5.96537e+00    4.78447e+00    3.84847e+00    3.11374e+00    2.52964e+00    2.06193e+00    1.69509e+00    1.39482e+00    1.15858e+00    9.62562e-01    8.04569e-01
+285 ||    8.96185e+02    7.43443e+02    6.13857e+02    5.05810e+02    4.15865e+02    3.41274e+02    2.79555e+02    2.28589e+02    1.86584e+02    1.52041e+02    1.23673e+02    1.00429e+02    8.14003e+01    6.58659e+01    5.32037e+01    4.29000e+01    3.45308e+01    2.77457e+01    2.22554e+01    1.78221e+01    1.42514e+01    1.13838e+01    9.08683e+00    7.25287e+00    5.79548e+00    4.63949e+00    3.72342e+00    3.00101e+00    2.43188e+00    1.97676e+00    1.62092e+00    1.33206e+00    1.10323e+00    9.13711e-01    7.63405e-01
+300 ||    8.61137e+02    7.13256e+02    5.88607e+02    4.84778e+02    3.98438e+02    3.26878e+02    2.67692e+02    2.18851e+02    1.78602e+02    1.45509e+02    1.18344e+02    9.60836e+01    7.78710e+01    6.30065e+01    5.08935e+01    4.10392e+01    3.30360e+01    2.65510e+01    2.13046e+01    1.70706e+01    1.36625e+01    1.09269e+01    8.73682e+00    6.98767e+00    5.59983e+00    4.50005e+00    3.62842e+00    2.93841e+00    2.39544e+00    1.95853e+00    1.61411e+00    1.33298e+00    1.10876e+00    9.22253e-01    7.73047e-01
+315 ||    8.29910e+02    6.86256e+02    5.65999e+02    4.65953e+02    3.82845e+02    3.14000e+02    2.57091e+02    2.10152e+02    1.71478e+02    1.39685e+02    1.13595e+02    9.22157e+01    7.47320e+01    6.04657e+01    4.88429e+01    3.93871e+01    3.17108e+01    2.54929e+01    2.04666e+01    1.64107e+01    1.31479e+01    1.05300e+01    8.43491e+00    6.76130e+00    5.43434e+00    4.38491e+00    3.55282e+00    2.89112e+00    2.37097e+00    1.94944e+00    1.61471e+00    1.33972e+00    1.11915e+00    9.34899e-01    7.86076e-01
+330 ||    8.23295e+02    6.80061e+02    5.60697e+02    4.61591e+02    3.79395e+02    3.11373e+02    2.55196e+02    2.08824e+02    1.70567e+02    1.39057e+02    1.13159e+02    9.18977e+01    7.44915e+01    6.02772e+01    4.86907e+01    3.92598e+01    3.16027e+01    2.54002e+01    2.03873e+01    1.63447e+01    1.30956e+01    1.04931e+01    8.41357e+00    6.75409e+00    5.43842e+00    4.39503e+00    3.56487e+00    2.90291e+00    2.38005e+00    1.95599e+00    1.61864e+00    1.34151e+00    1.11902e+00    9.33438e-01    7.83563e-01
+345 ||    8.23580e+02    6.79576e+02    5.60119e+02    4.61168e+02    3.79208e+02    3.11458e+02    2.55541e+02    2.09346e+02    1.71175e+02    1.39684e+02    1.13750e+02    9.24265e+01    7.49429e+01    6.06530e+01    4.89978e+01    3.95086e+01    3.17997e+01    2.55546e+01    2.05077e+01    1.64388e+01    1.31722e+01    1.05595e+01    8.47445e+00    6.81198e+00    5.49504e+00    4.44682e+00    3.60997e+00    2.94166e+00    2.41060e+00    1.97956e+00    1.63666e+00    1.35453e+00    1.12827e+00    9.39799e-01    7.87368e-01
+360 ||    8.24852e+02    6.80598e+02    5.61173e+02    4.63029e+02    3.82972e+02    3.17241e+02    2.62634e+02    2.16977e+02    1.78805e+02    1.46991e+02    1.20505e+02    9.85752e+01    8.04503e+01    6.55222e+01    5.32705e+01    4.32414e+01    3.50526e+01    2.83835e+01    2.29660e+01    1.85761e+01    1.50268e+01    1.21613e+01    9.85803e+00    8.00636e+00    6.51488e+00    5.31620e+00    4.35403e+00    3.57537e+00    2.94488e+00    2.43677e+00    2.01873e+00    1.68262e+00    1.40248e+00    1.17553e+00    9.85628e-01
##########################################################################################
### MCD_v6.1 with Martian Year 31 scenario.
### Latitude 83.8N. Longitude 235.0E. Local time 12.0h
### --------------------------------------------------------------------------------------
### Column 1 is Areocentric longitude (degrees)
### Columns 2+ are Temperature (K)
### Line 1 is height above surface (m)
### --------------------------------------------------------------------------------------
### Retrieved on: 2024-06-07T22:16:38.321298
### Mars Climate Database (c) LMD/OU/IAA/ESA/CNES
##########################################################################################
---- ||    0.00000e+00    1.47059e+03    2.94118e+03    4.41176e+03    5.88235e+03    7.35294e+03    8.82353e+03    1.02941e+04    1.17647e+04    1.32353e+04    1.47059e+04    1.61765e+04    1.76471e+04    1.91176e+04    2.05882e+04    2.20588e+04    2.35294e+04    2.50000e+04    2.64706e+04    2.79412e+04    2.94118e+04    3.08824e+04    3.23529e+04    3.38235e+04    3.52941e+04    3.67647e+04    3.82353e+04    3.97059e+04    4.11765e+04    4.26471e+04    4.41176e+04    4.55882e+04    4.70588e+04    4.85294e+04    5.00000e+04
-----------------------------------
+000 ||    1.49516e+02    1.48783e+02    1.47936e+02    1.48451e+02    1.50554e+02    1.51359e+02    1.50585e+02    1.48923e+02    1.46926e+02    1.44880e+02    1.42967e+02    1.41198e+02    1.39652e+02    1.38281e+02    1.37070e+02    1.36028e+02    1.35175e+02    1.34544e+02    1.34188e+02    1.34144e+02    1.34429e+02    1.35038e+02    1.36125e+02    1.37559e+02    1.39253e+02    1.41237e+02    1.43469e+02    1.45808e+02    1.48249e+02    1.50740e+02    1.53245e+02    1.55544e+02    1.57834e+02    1.59812e+02    1.61742e+02
+015 ||    1.49718e+02    1.48817e+02    1.48106e+02    1.50228e+02    1.55137e+02    1.57653e+02    1.57099e+02    1.55017e+02    1.52533e+02    1.50105e+02    1.47897e+02    1.45940e+02    1.44208e+02    1.42701e+02    1.41448e+02    1.40439e+02    1.39696e+02    1.39248e+02    1.39106e+02    1.39273e+02    1.39820e+02    1.40668e+02    1.41774e+02    1.43117e+02    1.44763e+02    1.46529e+02    1.48431e+02    1.50453e+02    1.52502e+02    1.54578e+02    1.56619e+02    1.58645e+02    1.60524e+02    1.62365e+02    1.63964e+02
+030 ||    1.50092e+02    1.52325e+02    1.52131e+02    1.55222e+02    1.62825e+02    1.69075e+02    1.71016e+02    1.70016e+02    1.67764e+02    1.65231e+02    1.62676e+02    1.60210e+02    1.57881e+02    1.55724e+02    1.53783e+02    1.52064e+02    1.50583e+02    1.49355e+02    1.48389e+02    1.47732e+02    1.47360e+02    1.47251e+02    1.47380e+02    1.47773e+02    1.48467e+02    1.49308e+02    1.50370e+02    1.51598e+02    1.52918e+02    1.54357e+02    1.55816e+02    1.57294e+02    1.58738e+02    1.60174e+02    1.61481e+02
+045 ||    1.50465e+02    1.55811e+02    1.56090e+02    1.59905e+02    1.69736e+02    1.79485e+02    1.84396e+02    1.84562e+02    1.82953e+02    1.80534e+02    1.77872e+02    1.75130e+02    1.72396e+02    1.69749e+02    1.67241e+02    1.64910e+02    1.62786e+02    1.60888e+02    1.59245e+02    1.57867e+02    1.56732e+02    1.55825e+02    1.55126e+02    1.54699e+02    1.54510e+02    1.54472e+02    1.54707e+02    1.55091e+02    1.55612e+02    1.56323e+02    1.57098e+02    1.57972e+02    1.58862e+02    1.59764e+02    1.60632e+02
+060 ||    1.58872e+02    1.72149e+02    1.71589e+02    1.71270e+02    1.74617e+02    1.82279e+02    1.88096e+02    1.90258e+02    1.89638e+02    1.87489e+02    1.84727e+02    1.81724e+02    1.78670e+02    1.75646e+02    1.72723e+02    1.69960e+02    1.67405e+02    1.65085e+02    1.63012e+02    1.61184e+02    1.59588e+02    1.58270e+02    1.57182e+02    1.56301e+02    1.55603e+02    1.55260e+02    1.55089e+02    1.55121e+02    1.55381e+02    1.55722e+02    1.56243e+02    1.56831e+02    1.57487e+02    1.58197e+02    1.58919e+02
+075 ||    1.67279e+02    1.88199e+02    1.87536e+02    1.84899e+02    1.82736e+02    1.86153e+02    1.91965e+02    1.95029e+02    1.95873e+02    1.94357e+02    1.91598e+02    1.88435e+02    1.85126e+02    1.81779e+02    1.78479e+02    1.75305e+02    1.72324e+02    1.69583e+02    1.67105e+02    1.64889e+02    1.62918e+02    1.61170e+02    1.59624e+02    1.58336e+02    1.57288e+02    1.56439e+02    1.55853e+02    1.55585e+02    1.55447e+02    1.55557e+02    1.55748e+02    1.56037e+02    1.56450e+02    1.56907e+02    1.57438e+02
+090 ||    1.91826e+02    2.04462e+02    2.03023e+02    2.00359e+02    1.97047e+02    1.95720e+02    1.96487e+02    1.96835e+02    1.96092e+02    1.94139e+02    1.91200e+02    1.87864e+02    1.84462e+02    1.81099e+02    1.77813e+02    1.74658e+02    1.71678e+02    1.68913e+02    1.66407e+02    1.64187e+02    1.62246e+02    1.60567e+02    1.59172e+02    1.58049e+02    1.57130e+02    1.56391e+02    1.55941e+02    1.55722e+02    1.55650e+02    1.55852e+02    1.56110e+02    1.56469e+02    1.56918e+02    1.57412e+02    1.58000e+02
+105 ||    2.16372e+02    2.21222e+02    2.18785e+02    2.15888e+02    2.12229e+02    2.08544e+02    2.04681e+02    2.01002e+02    1.97883e+02    1.94678e+02    1.91208e+02    1.87566e+02    1.83974e+02    1.80519e+02    1.77211e+02    1.74054e+02    1.71077e+02    1.68287e+02    1.65735e+02    1.63481e+02    1.61544e+02    1.59964e+02    1.58692e+02    1.57690e+02    1.56909e+02    1.56324e+02    1.55991e+02    1.55830e+02    1.55860e+02    1.56121e+02    1.56451e+02    1.56880e+02    1.57369e+02    1.57893e+02    1.58539e+02
+120 ||    2.11800e+02    2.16412e+02    2.13895e+02    2.10860e+02    2.07071e+02    2.03172e+02    1.99216e+02    1.95515e+02    1.91982e+02    1.88400e+02    1.84761e+02    1.81088e+02    1.77506e+02    1.74051e+02    1.70759e+02    1.67679e+02    1.64857e+02    1.62331e+02    1.60140e+02    1.58296e+02    1.56785e+02    1.55587e+02    1.54675e+02    1.54017e+02    1.53656e+02    1.53504e+02    1.53531e+02    1.53798e+02    1.54258e+02    1.54814e+02    1.55514e+02    1.56293e+02    1.57125e+02    1.58079e+02    1.59046e+02
+135 ||    2.07228e+02    2.11594e+02    2.09086e+02    2.06218e+02    2.02331e+02    1.98188e+02    1.94233e+02    1.90292e+02    1.86339e+02    1.82451e+02    1.78715e+02    1.75027e+02    1.71415e+02    1.67932e+02    1.64653e+02    1.61690e+02    1.59101e+02    1.56895e+02    1.55066e+02    1.53590e+02    1.52442e+02    1.51638e+02    1.51135e+02    1.50895e+02    1.50890e+02    1.51099e+02    1.51609e+02    1.52254e+02    1.53024e+02    1.53995e+02    1.55046e+02    1.56195e+02    1.57441e+02    1.58714e+02    1.60045e+02
+150 ||    1.97780e+02    1.95544e+02    1.91884e+02    1.87823e+02    1.83366e+02    1.79530e+02    1.76550e+02    1.74504e+02    1.72892e+02    1.70724e+02    1.67929e+02    1.64918e+02    1.61914e+02    1.59050e+02    1.56465e+02    1.54207e+02    1.52301e+02    1.50748e+02    1.49533e+02    1.48638e+02    1.48043e+02    1.47744e+02    1.47758e+02    1.48015e+02    1.48481e+02    1.49153e+02    1.50066e+02    1.51095e+02    1.52249e+02    1.53550e+02    1.54899e+02    1.56317e+02    1.57755e+02    1.59207e+02    1.60612e+02
+165 ||    1.88331e+02    1.79304e+02    1.74676e+02    1.69847e+02    1.65282e+02    1.62221e+02    1.61234e+02    1.62035e+02    1.62510e+02    1.61108e+02    1.58919e+02    1.56457e+02    1.54028e+02    1.51765e+02    1.49775e+02    1.48108e+02    1.46763e+02    1.45737e+02    1.45022e+02    1.44606e+02    1.44479e+02    1.44674e+02    1.45119e+02    1.45786e+02    1.46641e+02    1.47751e+02    1.49005e+02    1.50363e+02    1.51849e+02    1.53385e+02    1.54954e+02    1.56528e+02    1.58102e+02    1.59572e+02    1.61042e+02
+180 ||    1.70104e+02    1.64408e+02    1.61742e+02    1.59804e+02    1.58820e+02    1.57706e+02    1.56991e+02    1.56611e+02    1.55323e+02    1.53202e+02    1.50873e+02    1.48556e+02    1.46402e+02    1.44471e+02    1.42788e+02    1.41372e+02    1.40245e+02    1.39395e+02    1.38827e+02    1.38597e+02    1.38742e+02    1.39222e+02    1.39992e+02    1.41009e+02    1.42320e+02    1.43831e+02    1.45474e+02    1.47255e+02    1.49153e+02    1.51088e+02    1.53076e+02    1.55046e+02    1.56982e+02    1.58855e+02    1.60515e+02
+195 ||    1.51878e+02    1.49943e+02    1.49694e+02    1.51591e+02    1.53665e+02    1.53623e+02    1.52250e+02    1.50209e+02    1.47903e+02    1.45554e+02    1.43337e+02    1.41255e+02    1.39389e+02    1.37744e+02    1.36292e+02    1.35045e+02    1.34023e+02    1.33255e+02    1.32802e+02    1.32776e+02    1.33184e+02    1.33969e+02    1.35078e+02    1.36597e+02    1.38320e+02    1.40222e+02    1.42315e+02    1.44574e+02    1.46899e+02    1.49320e+02    1.51740e+02    1.54159e+02    1.56469e+02    1.58582e+02    1.60695e+02
+210 ||    1.50558e+02    1.49418e+02    1.48868e+02    1.49228e+02    1.49603e+02    1.48893e+02    1.47460e+02    1.45660e+02    1.43777e+02    1.41940e+02    1.40214e+02    1.38575e+02    1.37075e+02    1.35681e+02    1.34400e+02    1.33243e+02    1.32216e+02    1.31337e+02    1.30647e+02    1.30244e+02    1.30192e+02    1.30608e+02    1.31569e+02    1.33286e+02    1.35698e+02    1.38378e+02    1.41212e+02    1.44021e+02    1.46911e+02    1.49885e+02    1.52849e+02    1.55810e+02    1.58525e+02    1.61105e+02    1.63526e+02
+225 ||    1.49238e+02    1.48893e+02    1.48052e+02    1.46890e+02    1.45504e+02    1.44135e+02    1.42697e+02    1.41206e+02    1.39810e+02    1.38509e+02    1.37279e+02    1.36076e+02    1.34888e+02    1.33720e+02    1.32582e+02    1.31482e+02    1.30413e+02    1.29376e+02    1.28384e+02    1.27525e+02    1.26979e+02    1.27100e+02    1.28094e+02    1.30068e+02    1.33309e+02    1.36805e+02    1.40327e+02    1.43657e+02    1.47137e+02    1.50670e+02    1.54171e+02    1.57671e+02    1.60754e+02    1.63791e+02    1.66429e+02
+240 ||    1.49346e+02    1.48919e+02    1.48022e+02    1.46834e+02    1.45471e+02    1.44147e+02    1.42805e+02    1.41445e+02    1.40127e+02    1.38854e+02    1.37617e+02    1.36394e+02    1.35180e+02    1.33980e+02    1.32801e+02    1.31655e+02    1.30542e+02    1.29467e+02    1.28465e+02    1.27585e+02    1.26933e+02    1.26667e+02    1.26910e+02    1.28183e+02    1.30418e+02    1.33279e+02    1.36563e+02    1.39665e+02    1.42925e+02    1.46323e+02    1.49870e+02    1.53453e+02    1.56583e+02    1.59593e+02    1.62302e+02
+255 ||    1.49454e+02    1.48942e+02    1.47928e+02    1.46623e+02    1.45282e+02    1.44004e+02    1.42753e+02    1.41520e+02    1.40291e+02    1.39056e+02    1.37814e+02    1.36572e+02    1.35334e+02    1.34103e+02    1.32886e+02    1.31698e+02    1.30545e+02    1.29437e+02    1.28424e+02    1.27538e+02    1.26834e+02    1.26362e+02    1.26163e+02    1.26795e+02    1.28155e+02    1.30298e+02    1.33268e+02    1.36134e+02    1.39167e+02    1.42421e+02    1.45988e+02    1.49654e+02    1.52768e+02    1.55747e+02    1.58447e+02
+270 ||    1.48787e+02    1.48510e+02    1.47670e+02    1.46525e+02    1.45229e+02    1.43952e+02    1.42682e+02    1.41414e+02    1.40147e+02    1.38884e+02    1.37625e+02    1.36374e+02    1.35133e+02    1.33901e+02    1.32684e+02    1.31498e+02    1.30350e+02    1.29243e+02    1.28203e+02    1.27259e+02    1.26470e+02    1.25899e+02    1.25586e+02    1.26018e+02    1.27074e+02    1.28810e+02    1.31215e+02    1.33869e+02    1.36888e+02    1.40200e+02    1.43938e+02    1.47724e+02    1.50773e+02    1.53805e+02    1.56456e+02
+285 ||    1.48120e+02    1.48074e+02    1.47368e+02    1.46333e+02    1.45083e+02    1.43810e+02    1.42521e+02    1.41217e+02    1.39912e+02    1.38622e+02    1.37347e+02    1.36086e+02    1.34842e+02    1.33609e+02    1.32394e+02    1.31213e+02    1.30073e+02    1.28969e+02    1.27904e+02    1.26908e+02    1.26046e+02    1.25400e+02    1.25032e+02    1.25237e+02    1.26016e+02    1.27377e+02    1.29297e+02    1.31740e+02    1.34862e+02    1.38292e+02    1.42200e+02    1.45926e+02    1.49011e+02    1.52096e+02    1.54676e+02
+300 ||    1.48430e+02    1.48325e+02    1.47410e+02    1.46197e+02    1.44908e+02    1.43637e+02    1.42380e+02    1.41112e+02    1.39830e+02    1.38550e+02    1.37288e+02    1.36048e+02    1.34830e+02    1.33631e+02    1.32456e+02    1.31323e+02    1.30238e+02    1.29204e+02    1.28245e+02    1.27415e+02    1.26763e+02    1.26354e+02    1.26277e+02    1.26719e+02    1.28061e+02    1.30048e+02    1.32566e+02    1.35536e+02    1.38986e+02    1.42553e+02    1.46197e+02    1.49683e+02    1.52615e+02    1.55547e+02    1.57969e+02
+315 ||    1.48741e+02    1.48573e+02    1.47455e+02    1.46085e+02    1.44759e+02    1.43492e+02    1.42267e+02    1.41036e+02    1.39775e+02    1.38505e+02    1.37256e+02    1.36037e+02    1.34845e+02    1.33680e+02    1.32545e+02    1.31463e+02    1.30435e+02    1.29476e+02    1.28624e+02    1.27970e+02    1.27537e+02    1.27360e+02    1.27581e+02    1.28340e+02    1.30214e+02    1.32811e+02    1.35897e+02    1.39366e+02    1.43059e+02    1.46715e+02    1.50104e+02    1.53373e+02    1.56156e+02    1.58939e+02    1.61227e+02
+330 ||    1.49066e+02    1.48675e+02    1.47649e+02    1.46429e+02    1.45232e+02    1.44240e+02    1.43107e+02    1.41812e+02    1.40441e+02    1.39028e+02    1.37623e+02    1.36265e+02    1.34971e+02    1.33734e+02    1.32546e+02    1.31411e+02    1.30343e+02    1.29368e+02    1.28528e+02    1.27931e+02    1.27652e+02    1.27746e+02    1.28281e+02    1.29312e+02    1.31137e+02    1.33475e+02    1.36183e+02    1.39209e+02    1.42548e+02    1.45883e+02    1.48994e+02    1.52015e+02    1.54652e+02    1.57290e+02    1.59452e+02
+345 ||    1.49391e+02    1.48778e+02    1.47882e+02    1.46832e+02    1.45764e+02    1.45041e+02    1.44000e+02    1.42644e+02    1.41167e+02    1.39613e+02    1.38052e+02    1.36552e+02    1.35154e+02    1.33843e+02    1.32599e+02    1.31407e+02    1.30295e+02    1.29297e+02    1.28458e+02    1.27919e+02    1.27778e+02    1.28117e+02    1.28931e+02    1.30205e+02    1.31980e+02    1.34047e+02    1.36367e+02    1.38954e+02    1.41913e+02    1.44934e+02    1.47762e+02    1.50545e+02    1.53034e+02    1.55524e+02    1.57581e+02
+360 ||    1.49566e+02    1.49089e+02    1.48669e+02    1.50146e+02    1.52144e+02    1.52392e+02    1.51007e+02    1.48939e+02    1.46792e+02    1.44724e+02    1.42819e+02    1.41065e+02    1.39495e+02    1.38103e+02    1.36871e+02    1.35805e+02    1.34924e+02    1.34253e+02    1.33821e+02    1.33667e+02    1.33822e+02    1.34295e+02    1.35261e+02    1.36567e+02    1.38137e+02    1.39988e+02    1.42064e+02    1.44262e+02    1.46586e+02    1.49057e+02    1.51564e+02    1.53875e+02    1.56186e+02    1.58161e+02    1.60116e+02
##########################################################################################
### MCD_v6.1 with Martian Year 31 scenario.
### Latitude 83.8N. Longitude 235.0E. Local time 12.0h
### --------------------------------------------------------------------------------------
### Column 1 is Areocentric longitude (degrees)
### Columns 2+ are Dust mass mixing ratio (kg/kg)
### Line 1 is height above surface (m)
### --------------------------------------------------------------------------------------
### Retrieved on: 2024-06-07T22:16:38.322106
### Mars Climate Database (c) LMD/OU/IAA/ESA/CNES
##########################################################################################
---- ||    0.00000e+00    1.47059e+03    2.94118e+03    4.41176e+03    5.88235e+03    7.35294e+03    8.82353e+03    1.02941e+04    1.17647e+04    1.32353e+04    1.47059e+04    1.61765e+04    1.76471e+04    1.91176e+04    2.05882e+04    2.20588e+04    2.35294e+04    2.50000e+04    2.64706e+04    2.79412e+04    2.94118e+04    3.08824e+04    3.23529e+04    3.38235e+04    3.52941e+04    3.67647e+04    3.82353e+04    3.97059e+04    4.11765e+04    4.26471e+04    4.41176e+04    4.55882e+04    4.70588e+04    4.85294e+04    5.00000e+04
-----------------------------------
+000 ||    1.80610e-06    1.74833e-06    1.78426e-06    1.87251e-06    1.77324e-06    1.46069e-06    1.10484e-06    7.45902e-07    4.40278e-07    2.19794e-07    9.58037e-08    3.24484e-08    1.02240e-08    3.64585e-09    1.82663e-09    1.15073e-09    7.30381e-10    4.20932e-10    2.07048e-10    7.95813e-11    1.81856e-11    5.80699e-13    1.35578e-13    1.80011e-16    4.66600e-16    8.79880e-16    1.21701e-15    1.41980e-14    4.76728e-14    9.22175e-14    1.40036e-13    1.14415e-13    8.53350e-14    5.76084e-14    3.00859e-14
+015 ||    1.35405e-06    1.31813e-06    1.26761e-06    1.38011e-06    1.26206e-06    8.59650e-07    4.88552e-07    2.43218e-07    1.01978e-07    3.83959e-08    1.37617e-08    5.23705e-09    1.92511e-09    6.64717e-10    2.16747e-10    5.27437e-11    1.10465e-11    1.83912e-12    4.62370e-18    4.62370e-18    4.62370e-18    4.62513e-18    8.98323e-18    2.01264e-17    4.45386e-16    1.03884e-15    1.82057e-15    2.15075e-15    2.15183e-15    1.67454e-15    1.13541e-15    5.68633e-16    3.26901e-16    1.68691e-16    9.48008e-17
+030 ||    1.01962e-06    1.12686e-06    1.08662e-06    1.14115e-06    1.11046e-06    9.02128e-07    6.08344e-07    3.66598e-07    2.19199e-07    1.31248e-07    8.53610e-08    5.63209e-08    3.67909e-08    2.32704e-08    1.42214e-08    8.11793e-09    4.25332e-09    2.02423e-09    8.85620e-10    4.38933e-10    2.41051e-10    1.40504e-10    8.37685e-11    5.03237e-11    3.06526e-11    1.67031e-11    1.02825e-11    6.28914e-12    3.56589e-12    1.85990e-12    7.90289e-13    2.80785e-13    1.18796e-13    3.83671e-14    1.98908e-14
+045 ||    6.85194e-07    9.35306e-07    9.05119e-07    9.11810e-07    9.21035e-07    8.87282e-07    6.95897e-07    4.84692e-07    3.30403e-07    2.38356e-07    1.75600e-07    1.28854e-07    9.24436e-08    6.44238e-08    4.31636e-08    2.74907e-08    1.64141e-08    9.02223e-09    4.64944e-09    2.34447e-09    1.17409e-09    6.06410e-10    3.42372e-10    2.20169e-10    1.40862e-10    8.38071e-11    5.21819e-11    3.06991e-11    1.85715e-11    1.19304e-11    6.86929e-12    3.54556e-12    1.54981e-12    5.51113e-13    2.37366e-13
+060 ||    1.46662e-06    1.90662e-06    1.70331e-06    1.51250e-06    1.22742e-06    1.13668e-06    9.97480e-07    7.69313e-07    5.73956e-07    4.09587e-07    2.93550e-07    2.14236e-07    1.54926e-07    1.08841e-07    7.34979e-08    4.73665e-08    2.90848e-08    1.71225e-08    9.85931e-09    5.80558e-09    3.67725e-09    2.50241e-09    1.58801e-09    8.96736e-10    4.00406e-10    2.08322e-10    8.47028e-11    4.16580e-11    2.33128e-11    1.19474e-11    7.47550e-12    4.10913e-12    1.85674e-12    9.65304e-13    3.39431e-13
+075 ||    2.24804e-06    2.88458e-06    2.53637e-06    2.22117e-06    1.65522e-06    1.38380e-06    1.28284e-06    1.05195e-06    8.41768e-07    6.19400e-07    4.47405e-07    3.24126e-07    2.34343e-07    1.66158e-07    1.13700e-07    7.43157e-08    4.62260e-08    2.77484e-08    1.65387e-08    1.03266e-08    7.02540e-09    5.08656e-09    3.58699e-09    2.20653e-09    1.20961e-09    5.11271e-10    1.92743e-10    7.71077e-11    2.78160e-11    1.53443e-11    6.93608e-12    3.49558e-12    1.94786e-12    9.44163e-13    5.53022e-13
+090 ||    1.03082e-05    4.12210e-06    3.20517e-06    2.63992e-06    2.08450e-06    1.66229e-06    1.44104e-06    1.21882e-06    9.94955e-07    7.85108e-07    5.92165e-07    4.46399e-07    3.35364e-07    2.47656e-07    1.80202e-07    1.30897e-07    9.58555e-08    6.97584e-08    5.00989e-08    3.66667e-08    2.83650e-08    2.32117e-08    1.97973e-08    1.60720e-08    1.17184e-08    7.20060e-09    5.10509e-09    3.90005e-09    3.25320e-09    2.30094e-09    1.47390e-09    8.67566e-10    6.80303e-10    6.05779e-10    3.91682e-10
+105 ||    1.83683e-05    5.54789e-06    4.03312e-06    3.13144e-06    2.51225e-06    2.03553e-06    1.68659e-06    1.38973e-06    1.16422e-06    9.49761e-07    7.55228e-07    5.89331e-07    4.53824e-07    3.41601e-07    2.54522e-07    1.91740e-07    1.48306e-07    1.16319e-07    8.83466e-08    6.62095e-08    5.17242e-08    4.30255e-08    3.70906e-08    3.11789e-08    2.41032e-08    1.50967e-08    1.07016e-08    7.92215e-09    6.65916e-09    4.82034e-09    3.07159e-09    1.85487e-09    1.36915e-09    1.25505e-09    8.28631e-10
+120 ||    1.92165e-05    4.77849e-06    3.40108e-06    2.60842e-06    2.08337e-06    1.69134e-06    1.40414e-06    1.17373e-06    9.48605e-07    7.29060e-07    5.42555e-07    4.02427e-07    2.95263e-07    2.09033e-07    1.45064e-07    1.01646e-07    7.35972e-08    5.35324e-08    3.87915e-08    2.92204e-08    2.32990e-08    1.95125e-08    1.65394e-08    1.32432e-08    8.59281e-09    5.74530e-09    4.06731e-09    3.41526e-09    2.51274e-09    1.58522e-09    9.67168e-10    6.87562e-10    6.35156e-10    4.23823e-10    2.32196e-10
+135 ||    2.00647e-05    4.01692e-06    2.80480e-06    2.16567e-06    1.72137e-06    1.40251e-06    1.16404e-06    9.84994e-07    7.58007e-07    5.28281e-07    3.55512e-07    2.46074e-07    1.60852e-07    9.59626e-08    5.13368e-08    2.49937e-08    1.08850e-08    4.31797e-09    1.64372e-09    6.57460e-10    2.46792e-10    8.55825e-11    2.62267e-11    6.95546e-12    3.07760e-12    2.29680e-12    1.99275e-12    1.59728e-12    1.09362e-12    6.60250e-13    3.40675e-13    1.74577e-13    1.05248e-13    5.98117e-14    3.97636e-14
+150 ||    1.24818e-05    3.89194e-06    3.10805e-06    2.66415e-06    2.30412e-06    1.94027e-06    1.55794e-06    1.15143e-06    7.68496e-07    4.74141e-07    2.91674e-07    1.79494e-07    1.04689e-07    5.61133e-08    2.81012e-08    1.22993e-08    4.62956e-09    1.52562e-09    4.75917e-10    1.46489e-10    4.53740e-11    1.68197e-11    1.16074e-11    9.91878e-12    8.83831e-12    7.13174e-12    4.89635e-12    3.00074e-12    1.62850e-12    1.06980e-12    6.83620e-13    4.86108e-13    3.35353e-13    2.14041e-13    1.40849e-13
+165 ||    4.89904e-06    3.84536e-06    3.55667e-06    3.29696e-06    2.93380e-06    2.44789e-06    1.78291e-06    1.20204e-06    7.10927e-07    4.02012e-07    2.25220e-07    1.30651e-07    7.23420e-08    3.65700e-08    1.60920e-08    5.90704e-09    1.71701e-09    3.94156e-10    8.30049e-11    3.08467e-11    1.97367e-11    1.79059e-11    1.69576e-11    1.50757e-11    1.17819e-11    7.61411e-12    4.60168e-12    2.48210e-12    1.68185e-12    1.14638e-12    7.95426e-13    5.57350e-13    3.32818e-13    2.33412e-13    1.34006e-13
+180 ||    4.19646e-06    3.29054e-06    2.94822e-06    2.56523e-06    2.07610e-06    1.53863e-06    1.01363e-06    6.03306e-07    3.20730e-07    1.68968e-07    8.92899e-08    4.76264e-08    2.46367e-08    1.11710e-08    4.05014e-09    1.09358e-09    2.41935e-10    4.88386e-11    1.72469e-11    1.08971e-11    9.21678e-12    8.54867e-12    7.49402e-12    5.74747e-12    3.58804e-12    2.13408e-12    1.17421e-12    7.74032e-13    6.43288e-13    5.72928e-13    4.90394e-13    3.98793e-13    2.88468e-13    1.88895e-13    1.26819e-13
+195 ||    3.49388e-06    2.73566e-06    2.34849e-06    1.83851e-06    1.26955e-06    7.57968e-07    3.96974e-07    1.80271e-07    6.93322e-08    2.29228e-08    6.56706e-09    1.70711e-09    4.02286e-10    9.61124e-11    2.72099e-11    1.43752e-11    7.23548e-12    3.17565e-12    1.44849e-12    6.10498e-13    1.83307e-13    1.84023e-14    1.56345e-16    4.62370e-18    1.15296e-16    7.93881e-15    3.76595e-14    2.31368e-13    4.29794e-13    4.97335e-13    4.85826e-13    3.64202e-13    2.51725e-13    1.55651e-13    5.95758e-14
+210 ||    3.70525e-06    2.98564e-06    2.78844e-06    2.40036e-06    1.87624e-06    1.32879e-06    8.57734e-07    5.00520e-07    2.63750e-07    1.24406e-07    5.89148e-08    2.60334e-08    1.26845e-08    6.39195e-09    3.46606e-09    2.01928e-09    1.24536e-09    7.90809e-10    5.05424e-10    3.11544e-10    1.77177e-10    9.23983e-11    4.79197e-11    3.66292e-11    3.08855e-11    2.45286e-11    1.69868e-11    1.49572e-11    1.51089e-11    1.75266e-11    1.70186e-11    1.52920e-11    1.31392e-11    1.07497e-11    8.36600e-12
+225 ||    3.91663e-06    3.23669e-06    3.22529e-06    2.96040e-06    2.48432e-06    1.89722e-06    1.30604e-06    7.94881e-07    4.30296e-07    2.10996e-07    9.92430e-08    4.61104e-08    2.23418e-08    1.12535e-08    6.12314e-09    3.61701e-09    2.27194e-09    1.44572e-09    9.14698e-10    5.59927e-10    3.13799e-10    1.66121e-10    9.17517e-11    6.95941e-11    5.98016e-11    4.55265e-11    3.28972e-11    2.85538e-11    3.09841e-11    3.57768e-11    3.27242e-11    2.93978e-11    2.48870e-11    2.02444e-11    1.55998e-11
+240 ||    2.75380e-06    2.24540e-06    2.28462e-06    2.17302e-06    1.89687e-06    1.52560e-06    1.11823e-06    7.40410e-07    4.49254e-07    2.56577e-07    1.48534e-07    8.63254e-08    5.35418e-08    3.40870e-08    2.20499e-08    1.41657e-08    8.86100e-09    5.29104e-09    2.93027e-09    1.44689e-09    6.14730e-10    2.08898e-10    6.04526e-11    3.99733e-11    3.12917e-11    2.49377e-11    1.70496e-11    1.56273e-11    1.61296e-11    1.83287e-11    1.72283e-11    1.53207e-11    1.29763e-11    1.05171e-11    8.06794e-12
+255 ||    1.59097e-06    1.25418e-06    1.33997e-06    1.35222e-06    1.26446e-06    1.10044e-06    8.77905e-07    6.39102e-07    4.35713e-07    2.86611e-07    1.87585e-07    1.22918e-07    8.27638e-08    5.59346e-08    3.75424e-08    2.46087e-08    1.55133e-08    9.25097e-09    5.06003e-09    2.42359e-09    9.51194e-10    2.51705e-10    3.06226e-11    7.35429e-12    4.43702e-14    1.00643e-14    4.64307e-14    1.57830e-12    2.25095e-12    1.71169e-12    1.27191e-12    8.63155e-13    6.58108e-13    5.03070e-13    3.72038e-13
+270 ||    1.16884e-06    8.11727e-07    8.24730e-07    8.32723e-07    8.13999e-07    7.50042e-07    6.13392e-07    4.42311e-07    2.95224e-07    1.90354e-07    1.23830e-07    8.06701e-08    5.44833e-08    3.70456e-08    2.51191e-08    1.67077e-08    1.07050e-08    6.48350e-09    3.60766e-09    1.76907e-09    7.19898e-10    2.05137e-10    2.45958e-11    6.44936e-12    3.66297e-14    6.24072e-15    3.23648e-14    8.72372e-13    1.10433e-12    8.44593e-13    6.44934e-13    4.51855e-13    3.57832e-13    2.66155e-13    1.95305e-13
+285 ||    7.46706e-07    3.71642e-07    3.11045e-07    3.11060e-07    3.58701e-07    3.90689e-07    3.35583e-07    2.31801e-07    1.44538e-07    8.81410e-08    5.58304e-08    3.63197e-08    2.47778e-08    1.71925e-08    1.20345e-08    8.35307e-09    5.58781e-09    3.51320e-09    2.03136e-09    1.04849e-09    4.60376e-10    1.49658e-10    2.22199e-11    4.23580e-12    2.59355e-14    9.44088e-18    5.46162e-16    3.80010e-15    2.71404e-14    5.78238e-14    8.83711e-14    1.06436e-13    8.03368e-14    5.42373e-14    3.77940e-14
+300 ||    1.74242e-06    1.46720e-06    1.61673e-06    1.68038e-06    1.51495e-06    1.19972e-06    8.38053e-07    5.16700e-07    2.89632e-07    1.54356e-07    8.37045e-08    4.68630e-08    2.78191e-08    1.72627e-08    1.15620e-08    8.22224e-09    5.99110e-09    4.32298e-09    3.10937e-09    2.21753e-09    1.53672e-09    1.01311e-09    6.15144e-10    3.39801e-10    2.82236e-10    4.06254e-10    6.18515e-10    8.02220e-10    8.27637e-10    8.03715e-10    6.97193e-10    5.88957e-10    4.74707e-10    3.60457e-10    2.52766e-10
+315 ||    2.73814e-06    2.56860e-06    2.92731e-06    3.04425e-06    2.65643e-06    1.99197e-06    1.32941e-06    7.93101e-07    4.28855e-07    2.17913e-07    1.09898e-07    5.68798e-08    3.06025e-08    1.72600e-08    1.11498e-08    8.24204e-09    6.52496e-09    5.24676e-09    4.25031e-09    3.40574e-09    2.57864e-09    1.80642e-09    1.14035e-09    6.32414e-10    5.53906e-10    8.65908e-10    1.27371e-09    1.63270e-09    1.65443e-09    1.60225e-09    1.39471e-09    1.18406e-09    9.60906e-10    7.37752e-10    5.25869e-10
+330 ||    2.60526e-06    2.42724e-06    2.65033e-06    2.70317e-06    2.47293e-06    2.05231e-06    1.58228e-06    1.14722e-06    7.82782e-07    4.97246e-07    2.90274e-07    1.58221e-07    8.03236e-08    3.77495e-08    1.75808e-08    9.57847e-09    6.26623e-09    4.66352e-09    3.64021e-09    2.74906e-09    1.90625e-09    1.20320e-09    6.71755e-10    3.29097e-10    2.79726e-10    4.30578e-10    6.33908e-10    8.12817e-10    8.27378e-10    8.02980e-10    6.98709e-10    5.92877e-10    4.80397e-10    3.67916e-10    2.60989e-10
+345 ||    2.47239e-06    2.28350e-06    2.36303e-06    2.37153e-06    2.31479e-06    2.14233e-06    1.85926e-06    1.51867e-06    1.15125e-06    7.86825e-07    4.79196e-07    2.64178e-07    1.33087e-07    6.00335e-08    2.49346e-08    1.10909e-08    6.08487e-09    4.12589e-09    3.06985e-09    2.13210e-09    1.27099e-09    6.27145e-10    2.15760e-10    2.69892e-11    6.27559e-12    2.38045e-15    5.14553e-15    2.07616e-14    2.13328e-14    2.01004e-14    3.21414e-14    4.10953e-14    3.03907e-14    1.96861e-14    1.34664e-14
+360 ||    2.02226e-06    1.83160e-06    1.82585e-06    1.85973e-06    1.72880e-06    1.44141e-06    1.13100e-06    8.64202e-07    6.39360e-07    4.38634e-07    2.76405e-07    1.56564e-07    8.13217e-08    3.93628e-08    1.76749e-08    7.92256e-09    4.00815e-09    2.48455e-09    1.79125e-09    1.31289e-09    8.78690e-10    4.80716e-10    2.26992e-10    8.20623e-11    1.13319e-11    1.56100e-12    2.55549e-14    2.48160e-14    2.46261e-14    1.92316e-14    1.25903e-14    1.70846e-14    2.15789e-14    1.68198e-14    1.15239e-14
##########################################################################################
### MCD_v6.1 with Martian Year 31 scenario.
### Latitude 83.8N. Longitude 235.0E. Local time 12.0h
### --------------------------------------------------------------------------------------
### Column 1 is Areocentric longitude (degrees)
### Columns 2+ are Water ice mixing ratio (mol/mol)
### Line 1 is height above surface (m)
### --------------------------------------------------------------------------------------
### Retrieved on: 2024-06-07T22:16:38.322884
### Mars Climate Database (c) LMD/OU/IAA/ESA/CNES
##########################################################################################
---- ||    0.00000e+00    1.47059e+03    2.94118e+03    4.41176e+03    5.88235e+03    7.35294e+03    8.82353e+03    1.02941e+04    1.17647e+04    1.32353e+04    1.47059e+04    1.61765e+04    1.76471e+04    1.91176e+04    2.05882e+04    2.20588e+04    2.35294e+04    2.50000e+04    2.64706e+04    2.79412e+04    2.94118e+04    3.08824e+04    3.23529e+04    3.38235e+04    3.52941e+04    3.67647e+04    3.82353e+04    3.97059e+04    4.11765e+04    4.26471e+04    4.41176e+04    4.55882e+04    4.70588e+04    4.85294e+04    5.00000e+04
-----------------------------------
+000 ||    7.41181e-05    7.58147e-05    7.23594e-05    5.19180e-05    3.07168e-05    1.90090e-05    1.06421e-05    4.68412e-06    1.94191e-06    9.15429e-07    6.01800e-07    5.15713e-07    5.11198e-07    5.01235e-07    4.62084e-07    3.94657e-07    3.08283e-07    2.21506e-07    1.50214e-07    9.99689e-08    6.84511e-08    5.05592e-08    4.19553e-08    3.41375e-08    2.63000e-08    1.74874e-08    1.07337e-08    5.57685e-09    2.41932e-09    1.04076e-09    1.88259e-10    8.23098e-11    1.15230e-11    1.43539e-12    5.06267e-13
+015 ||    8.77507e-05    9.01869e-05    8.00919e-05    4.59390e-05    1.51456e-05    4.58592e-06    1.64803e-06    5.19946e-07    1.68894e-07    9.48912e-08    8.67863e-08    1.01378e-07    1.23093e-07    1.35682e-07    1.25991e-07    9.44393e-08    5.59513e-08    2.46108e-08    1.08397e-08    6.98955e-09    4.97664e-09    3.27255e-09    1.91509e-09    9.44142e-10    4.69009e-10    1.63436e-10    4.08302e-11    1.55040e-11    3.63528e-12    1.02943e-12    1.42703e-13    2.45097e-14    2.20252e-16    5.91775e-17    0.00000e+00
+030 ||    1.31672e-04    1.65158e-04    1.42298e-04    9.03420e-05    3.94286e-05    1.24694e-05    3.01185e-06    7.99628e-07    3.36136e-07    1.56279e-07    1.08235e-07    8.26448e-08    7.52395e-08    7.34987e-08    7.22637e-08    6.71948e-08    5.42606e-08    3.76710e-08    2.13440e-08    1.19174e-08    7.14279e-09    4.41901e-09    2.70352e-09    1.53103e-09    8.65871e-10    3.99315e-10    1.78907e-10    6.82477e-11    1.48614e-11    6.31383e-12    1.63287e-12    3.55078e-13    6.49324e-14    6.58306e-15    1.02897e-16
+045 ||    1.75594e-04    2.40510e-04    2.05879e-04    1.37801e-04    6.73123e-05    2.42741e-05    5.15250e-06    1.32677e-06    5.20649e-07    2.86276e-07    1.69247e-07    1.05305e-07    6.52629e-08    3.92270e-08    1.92833e-08    9.34031e-09    8.47559e-09    1.10842e-08    1.41078e-08    1.48135e-08    1.18415e-08    7.70639e-09    3.97283e-09    2.11405e-09    1.02324e-09    3.36979e-10    1.34738e-10    2.65888e-11    5.22700e-12    7.57445e-13    2.80321e-15    8.41325e-16    0.00000e+00    0.00000e+00    0.00000e+00
+060 ||    3.19412e-04    3.63343e-04    3.38650e-04    2.98639e-04    2.27779e-04    1.47941e-04    7.96730e-05    3.29421e-05    9.63512e-06    3.92785e-06    1.69129e-06    8.62905e-07    5.40926e-07    3.70568e-07    2.22055e-07    9.91929e-08    3.72683e-08    1.46841e-08    8.53725e-09    7.82532e-09    7.52016e-09    5.34606e-09    3.28311e-09    1.72715e-09    8.00475e-10    4.02394e-10    1.40324e-10    3.88145e-11    1.02255e-11    7.12332e-13    2.39106e-13    1.10757e-15    1.23264e-16    0.00000e+00    0.00000e+00
+075 ||    4.63230e-04    4.95456e-04    4.64947e-04    4.46543e-04    3.87676e-04    2.95808e-04    1.80422e-04    9.07053e-05    2.92510e-05    9.89458e-06    4.81100e-06    2.22036e-06    1.23854e-06    8.32006e-07    5.70001e-07    2.87331e-07    1.13370e-07    3.93772e-08    1.20238e-08    3.31015e-09    8.56769e-10    1.96681e-10    3.04178e-11    6.52379e-12    2.79872e-13    4.79671e-14    1.03909e-14    9.03143e-16    5.44747e-23    1.93310e-23    0.00000e+00    0.00000e+00    0.00000e+00    0.00000e+00    0.00000e+00
+090 ||    2.67179e-04    2.84557e-04    2.79639e-04    2.74219e-04    2.54001e-04    2.11560e-04    1.55626e-04    9.47894e-05    4.71133e-05    2.18097e-05    1.43431e-05    1.06669e-05    7.51128e-06    4.69413e-06    3.01172e-06    1.99247e-06    1.21673e-06    6.64854e-07    3.46097e-07    2.75234e-07    4.25598e-07    7.14395e-07    1.22165e-06    1.59303e-06    1.57519e-06    1.21889e-06    7.25509e-07    3.59619e-07    7.55352e-08    2.96171e-08    2.51771e-10    6.06207e-11    1.23508e-11    9.49943e-12    3.66539e-12
+105 ||    7.11279e-05    5.82674e-05    9.05132e-05    9.30960e-05    1.04287e-04    8.83035e-05    9.33326e-05    7.28822e-05    5.29976e-05    3.27441e-05    2.42010e-05    2.01521e-05    1.58393e-05    1.01143e-05    6.22608e-06    4.16580e-06    2.72616e-06    1.56223e-06    8.11478e-07    4.79113e-07    6.91003e-07    1.21887e-06    2.16854e-06    3.00970e-06    3.30714e-06    2.61923e-06    1.63889e-06    8.15028e-07    2.30153e-07    7.06443e-08    5.44965e-10    1.60288e-10    2.51858e-11    2.02118e-11    8.58144e-12
+120 ||    6.47609e-05    7.42460e-05    9.47199e-05    1.01333e-04    1.13563e-04    1.14151e-04    1.10206e-04    8.52074e-05    6.42696e-05    4.65806e-05    3.36339e-05    2.48293e-05    1.67328e-05    9.44861e-06    4.73248e-06    2.38781e-06    1.28873e-06    6.98192e-07    3.86935e-07    3.71304e-07    5.58222e-07    9.44629e-07    1.42279e-06    1.76451e-06    1.40460e-06    9.30176e-07    4.62019e-07    1.56852e-07    4.12738e-08    5.01951e-10    1.57971e-10    1.63262e-11    1.05106e-11    4.60437e-12    3.53191e-13
+135 ||    5.83938e-05    8.97947e-05    9.85056e-05    1.09215e-04    1.26533e-04    1.40557e-04    1.26166e-04    9.82256e-05    7.88084e-05    5.95015e-05    4.09506e-05    2.79991e-05    1.69278e-05    8.01395e-06    2.58339e-06    7.61209e-07    3.72025e-07    2.41557e-07    1.67401e-07    1.07121e-07    6.46534e-08    4.98822e-08    4.29889e-08    3.43416e-08    2.40771e-08    1.36624e-08    6.78976e-09    2.44237e-09    5.40308e-10    1.86209e-10    8.40363e-12    1.51662e-12    1.35519e-13    0.00000e+00    0.00000e+00
+150 ||    2.20134e-04    2.41488e-04    2.32155e-04    2.30227e-04    2.25587e-04    2.00723e-04    1.49487e-04    9.31319e-05    5.18851e-05    3.02512e-05    1.94850e-05    1.15736e-05    5.67048e-06    2.09477e-06    7.73463e-07    3.78194e-07    2.43251e-07    1.74995e-07    1.23227e-07    8.98825e-08    7.55296e-08    7.20172e-08    6.77690e-08    5.83593e-08    4.51537e-08    2.92571e-08    1.83393e-08    9.94888e-09    4.31916e-09    1.77820e-09    2.24361e-10    6.28841e-11    3.33523e-13    7.67233e-14    0.00000e+00
+165 ||    3.81874e-04    3.90111e-04    3.61393e-04    3.42060e-04    3.00983e-04    2.44368e-04    1.51986e-04    6.48207e-05    2.22847e-05    1.16856e-05    6.48992e-06    3.63236e-06    1.97737e-06    9.30448e-07    4.24678e-07    2.62664e-07    1.96856e-07    1.49385e-07    1.18768e-07    1.03742e-07    1.02643e-07    1.04557e-07    9.49197e-08    7.59156e-08    5.07942e-08    3.13201e-08    1.71263e-08    6.94640e-09    2.41558e-09    3.62342e-10    3.56640e-11    5.18360e-13    0.00000e+00    0.00000e+00    0.00000e+00
+180 ||    2.37045e-04    2.38643e-04    2.12171e-04    1.84727e-04    1.48861e-04    1.09869e-04    5.95188e-05    2.07656e-05    8.15549e-06    4.57834e-06    2.49803e-06    1.42348e-06    7.99917e-07    4.32611e-07    2.74036e-07    2.09234e-07    1.76856e-07    1.62045e-07    1.52936e-07    1.50774e-07    1.54672e-07    1.51856e-07    1.36457e-07    1.09318e-07    7.62526e-08    4.96071e-08    2.86024e-08    1.51661e-08    7.83182e-09    2.65965e-09    1.13565e-09    9.20213e-11    4.02553e-11    2.22706e-14    1.21267e-14
+195 ||    9.22168e-05    8.78275e-05    6.32999e-05    3.08682e-05    1.16300e-05    4.88789e-06    1.33728e-06    3.49366e-07    2.74895e-07    2.63021e-07    2.80314e-07    3.11064e-07    3.16701e-07    2.77676e-07    2.28007e-07    2.01347e-07    2.00689e-07    2.02161e-07    1.99766e-07    2.03007e-07    2.08129e-07    2.02666e-07    1.76064e-07    1.28697e-07    8.68044e-08    5.21372e-08    2.91858e-08    1.51674e-08    5.16869e-09    2.03940e-09    1.73642e-10    6.79206e-11    4.16924e-14    2.11088e-14    5.25049e-16
+210 ||    5.62537e-05    5.38913e-05    4.21014e-05    2.53032e-05    1.39622e-05    8.51527e-06    5.16076e-06    3.76016e-06    2.96196e-06    2.40805e-06    2.12150e-06    2.00744e-06    2.00324e-06    2.00446e-06    1.97221e-06    1.89377e-06    1.72279e-06    1.46461e-06    1.20122e-06    9.94652e-07    8.40213e-07    7.10478e-07    5.89425e-07    4.74753e-07    3.80727e-07    2.90692e-07    2.02058e-07    1.25424e-07    6.79041e-08    3.02416e-08    1.26394e-08    3.39278e-09    6.64325e-11    2.87348e-11    3.75156e-14
+225 ||    2.02906e-05    1.99954e-05    2.06315e-05    1.95678e-05    1.64102e-05    1.22355e-05    9.05176e-06    7.02290e-06    5.49488e-06    4.45517e-06    3.89209e-06    3.69515e-06    3.70549e-06    3.74845e-06    3.71694e-06    3.55242e-06    3.16397e-06    2.63160e-06    2.11011e-06    1.71490e-06    1.42314e-06    1.18490e-06    9.79547e-07    7.98558e-07    6.54507e-07    5.00425e-07    3.46735e-07    2.03865e-07    1.13124e-07    4.05633e-08    2.03778e-08    2.02017e-09    1.14058e-10    3.93446e-11    6.83591e-14
+240 ||    2.11082e-05    1.91177e-05    1.87234e-05    1.76501e-05    1.49932e-05    1.14608e-05    8.47822e-06    6.58504e-06    5.32523e-06    4.51320e-06    4.08961e-06    3.91333e-06    3.91511e-06    3.96927e-06    3.99009e-06    3.89986e-06    3.61872e-06    3.16609e-06    2.59592e-06    1.99917e-06    1.49105e-06    1.08808e-06    7.73870e-07    5.48247e-07    4.04145e-07    2.97761e-07    2.08100e-07    1.30501e-07    7.23885e-08    3.14565e-08    1.44305e-08    3.25300e-09    6.30924e-10    2.58012e-10    3.84099e-11
+255 ||    2.19258e-05    1.82514e-05    1.68131e-05    1.54363e-05    1.32058e-05    1.02627e-05    7.64659e-06    5.94793e-06    5.01629e-06    4.49739e-06    4.24129e-06    4.12917e-06    4.13094e-06    4.19445e-06    4.25682e-06    4.21968e-06    4.01298e-06    3.63145e-06    3.02420e-06    2.26333e-06    1.55795e-06    9.87587e-07    5.60586e-07    2.89374e-07    1.27521e-07    5.53794e-08    3.60499e-08    2.63387e-08    1.80124e-08    1.04934e-08    5.96895e-09    2.37876e-09    1.11982e-09    4.33163e-10    7.40068e-11
+270 ||    1.22810e-05    9.94598e-06    9.20798e-06    8.37405e-06    7.24153e-06    5.79761e-06    4.50303e-06    3.67178e-06    3.22389e-06    2.98187e-06    2.86504e-06    2.81543e-06    2.83073e-06    2.88744e-06    2.95531e-06    2.97736e-06    2.89561e-06    2.67221e-06    2.24043e-06    1.67315e-06    1.14741e-06    7.29974e-07    4.22441e-07    2.24968e-07    1.01378e-07    3.99616e-08    2.20418e-08    1.61087e-08    1.07944e-08    5.98039e-09    3.41079e-09    1.08706e-09    6.09371e-10    1.75413e-10    3.75935e-11
+285 ||    2.63621e-06    1.62598e-06    1.55648e-06    1.21530e-06    1.14224e-06    1.18472e-06    1.25272e-06    1.32921e-06    1.40078e-06    1.45363e-06    1.48171e-06    1.50188e-06    1.53378e-06    1.58531e-06    1.65889e-06    1.73750e-06    1.77577e-06    1.70268e-06    1.43272e-06    1.05338e-06    7.17099e-07    4.62925e-07    2.83078e-07    1.57191e-07    7.07185e-08    2.34999e-08    9.06875e-09    6.29410e-09    4.08491e-09    2.19287e-09    1.18288e-09    3.57460e-10    1.85068e-10    1.26770e-11    7.35446e-12
+300 ||    1.32485e-05    1.36239e-05    1.36035e-05    1.05963e-05    8.45984e-06    6.20615e-06    4.30863e-06    3.09153e-06    2.56806e-06    2.32545e-06    2.26130e-06    2.27510e-06    2.31603e-06    2.36864e-06    2.42554e-06    2.45188e-06    2.40800e-06    2.28046e-06    2.02493e-06    1.70012e-06    1.40869e-06    1.15234e-06    9.15057e-07    6.77335e-07    4.86283e-07    3.37525e-07    2.22724e-07    1.33816e-07    8.15367e-08    4.08133e-08    1.99237e-08    3.31216e-09    1.71604e-09    1.19925e-10    2.02537e-11
+315 ||    2.38608e-05    2.56484e-05    2.56223e-05    1.98852e-05    1.56852e-05    1.11211e-05    7.27927e-06    4.79654e-06    3.70439e-06    3.18688e-06    3.03684e-06    3.04864e-06    3.09782e-06    3.15051e-06    3.18819e-06    3.15420e-06    3.02774e-06    2.84935e-06    2.62770e-06    2.36700e-06    2.11057e-06    1.83248e-06    1.51950e-06    1.17148e-06    8.72960e-07    6.25920e-07    4.19232e-07    2.48137e-07    1.54723e-07    7.84997e-08    3.87645e-08    6.34896e-09    3.39560e-09    4.42249e-10    3.46265e-11
+330 ||    4.35416e-05    4.37333e-05    4.39619e-05    3.82330e-05    3.16292e-05    2.46761e-05    1.78239e-05    1.22820e-05    7.89101e-06    4.91082e-06    3.32473e-06    2.62079e-06    2.37288e-06    2.31005e-06    2.30318e-06    2.25453e-06    2.13791e-06    1.97131e-06    1.76733e-06    1.54531e-06    1.34285e-06    1.12770e-06    8.99407e-07    6.65584e-07    4.85186e-07    3.41947e-07    2.25728e-07    1.32898e-07    8.19383e-08    4.09126e-08    2.02805e-08    3.27854e-09    1.74670e-09    2.14852e-10    1.79807e-11
+345 ||    6.32223e-05    6.18187e-05    6.23749e-05    5.67731e-05    4.77282e-05    3.84133e-05    2.85346e-05    1.98976e-05    1.22231e-05    6.71959e-06    3.67413e-06    2.21136e-06    1.65564e-06    1.47184e-06    1.41877e-06    1.35963e-06    1.25512e-06    1.10209e-06    9.16465e-07    7.33193e-07    5.83560e-07    4.31957e-07    2.87518e-07    1.63716e-07    9.94857e-08    5.73026e-08    3.03391e-08    1.52570e-08    7.87381e-09    2.70277e-09    1.36172e-09    1.90838e-10    1.03599e-10    1.63613e-11    1.70289e-12
+360 ||    7.50529e-05    7.29051e-05    6.63493e-05    4.50067e-05    2.82415e-05    2.00165e-05    1.47719e-05    1.05255e-05    6.76174e-06    3.77816e-06    2.17777e-06    1.30999e-06    9.62590e-07    8.46933e-07    7.96184e-07    7.47789e-07    6.88446e-07    6.16276e-07    5.27466e-07    4.33778e-07    3.48873e-07    2.77528e-07    1.99766e-07    1.32097e-07    7.72558e-08    4.55869e-08    2.72810e-08    1.48360e-08    7.67265e-09    4.09097e-09    1.42046e-09    7.78499e-10    1.36534e-10    6.15939e-11    1.95436e-11
