##########################################################################################
### MCD_v6.1 with Martian Year 28 scenario.
### Latitude 83.8N. Longitude 235.0E. Altitude 0.0 m ALS.
### --------------------------------------------------------------------------------------
### Column 1 is Areocentric longitude (degrees)
### Columns 2+ are Daily mean dust column visible optical depth above surface
### Line 1 is Local time (Martian hour)
### --------------------------------------------------------------------------------------
### Retrieved on: 2024-06-07T23:21:43.153301
### Mars Climate Database (c) LMD/OU/IAA/ESA/CNES
##########################################################################################
---- ||    0.00000e+00    1.00000e+00    2.00000e+00    3.00000e+00    4.00000e+00    5.00000e+00    6.00000e+00    7.00000e+00    8.00000e+00    9.00000e+00    1.00000e+01    1.10000e+01    1.20000e+01    1.30000e+01    1.40000e+01    1.50000e+01    1.60000e+01    1.70000e+01    1.80000e+01    1.90000e+01    2.00000e+01    2.10000e+01    2.20000e+01    2.30000e+01    2.40000e+01
-----------------------------------
+000 ||    9.86159e-02    9.85181e-02    9.84467e-02    9.84286e-02    9.84182e-02    9.84235e-02    9.84349e-02    9.84588e-02    9.85015e-02    9.85820e-02    9.86601e-02    9.87335e-02    9.87947e-02    9.88313e-02    9.88788e-02    9.89484e-02    9.89879e-02    9.89675e-02    9.89509e-02    9.89421e-02    9.89200e-02    9.88711e-02    9.88068e-02    9.87119e-02    9.86159e-02
+015 ||    1.38998e-01    1.38866e-01    1.38749e-01    1.38660e-01    1.38596e-01    1.38581e-01    1.38576e-01    1.38588e-01    1.38645e-01    1.38790e-01    1.38924e-01    1.39033e-01    1.39135e-01    1.39223e-01    1.39308e-01    1.39387e-01    1.39432e-01    1.39407e-01    1.39393e-01    1.39400e-01    1.39390e-01    1.39345e-01    1.39269e-01    1.39133e-01    1.38998e-01
+030 ||    3.12290e-01    3.12077e-01    3.11887e-01    3.11745e-01    3.11660e-01    3.11690e-01    3.11723e-01    3.11761e-01    3.11881e-01    3.12162e-01    3.12400e-01    3.12551e-01    3.12682e-01    3.12771e-01    3.12857e-01    3.12937e-01    3.12969e-01    3.12909e-01    3.12875e-01    3.12896e-01    3.12893e-01    3.12840e-01    3.12731e-01    3.12509e-01    3.12290e-01
+045 ||    3.09405e-01    3.09269e-01    3.09148e-01    3.09060e-01    3.09030e-01    3.09116e-01    3.09189e-01    3.09238e-01    3.09350e-01    3.09585e-01    3.09764e-01    3.09830e-01    3.09870e-01    3.09858e-01    3.09847e-01    3.09837e-01    3.09809e-01    3.09745e-01    3.09710e-01    3.09734e-01    3.09748e-01    3.09740e-01    3.09688e-01    3.09546e-01    3.09405e-01
+060 ||    2.77987e-01    2.77863e-01    2.77758e-01    2.77694e-01    2.77687e-01    2.77793e-01    2.77884e-01    2.77942e-01    2.78029e-01    2.78173e-01    2.78270e-01    2.78275e-01    2.78251e-01    2.78168e-01    2.78084e-01    2.77999e-01    2.78011e-01    2.78218e-01    2.78354e-01    2.78352e-01    2.78334e-01    2.78283e-01    2.78213e-01    2.78103e-01    2.77987e-01
+075 ||    2.74263e-01    2.74131e-01    2.74027e-01    2.73974e-01    2.73984e-01    2.74119e-01    2.74233e-01    2.74310e-01    2.74387e-01    2.74467e-01    2.74507e-01    2.74467e-01    2.74390e-01    2.74241e-01    2.74090e-01    2.73932e-01    2.73982e-01    2.74448e-01    2.74749e-01    2.74719e-01    2.74666e-01    2.74568e-01    2.74469e-01    2.74372e-01    2.74263e-01
+090 ||    5.65188e-01    5.65012e-01    5.64884e-01    5.64853e-01    5.64889e-01    5.65060e-01    5.65211e-01    5.65323e-01    5.65518e-01    5.65877e-01    5.66171e-01    5.66333e-01    5.66380e-01    5.66197e-01    5.65986e-01    5.65717e-01    5.65753e-01    5.66397e-01    5.66764e-01    5.66577e-01    5.66329e-01    5.65962e-01    5.65639e-01    5.65403e-01    5.65188e-01
+105 ||    1.63015e-01    1.62999e-01    1.62994e-01    1.63011e-01    1.63028e-01    1.63043e-01    1.63059e-01    1.63074e-01    1.63137e-01    1.63298e-01    1.63445e-01    1.63564e-01    1.63637e-01    1.63618e-01    1.63585e-01    1.63524e-01    1.63512e-01    1.63598e-01    1.63626e-01    1.63535e-01    1.63423e-01    1.63269e-01    1.63142e-01    1.63069e-01    1.63015e-01
+120 ||    3.99909e-01    3.99873e-01    3.99848e-01    3.99845e-01    3.99869e-01    3.99946e-01    4.00024e-01    4.00105e-01    4.00288e-01    4.00678e-01    4.01003e-01    4.01199e-01    4.01293e-01    4.01183e-01    4.01078e-01    4.00987e-01    4.00959e-01    4.01058e-01    4.01077e-01    4.00933e-01    4.00738e-01    4.00440e-01    4.00188e-01    4.00028e-01    3.99909e-01
+135 ||    3.11135e-01    3.11110e-01    3.11080e-01    3.11039e-01    3.11043e-01    3.11136e-01    3.11231e-01    3.11330e-01    3.11496e-01    3.11795e-01    3.12018e-01    3.12092e-01    3.12094e-01    3.11954e-01    3.11853e-01    3.11831e-01    3.11811e-01    3.11794e-01    3.11768e-01    3.11722e-01    3.11637e-01    3.11471e-01    3.11324e-01    3.11216e-01    3.11135e-01
+150 ||    3.92874e-01    3.92493e-01    3.92228e-01    3.92196e-01    3.92233e-01    3.92408e-01    3.92578e-01    3.92738e-01    3.92949e-01    3.93266e-01    3.93504e-01    3.93583e-01    3.93600e-01    3.93489e-01    3.93465e-01    3.93613e-01    3.93748e-01    3.93857e-01    3.93924e-01    3.93906e-01    3.93846e-01    3.93700e-01    3.93502e-01    3.93202e-01    3.92874e-01
+165 ||    2.18350e-01    2.17938e-01    2.17661e-01    2.17654e-01    2.17693e-01    2.17825e-01    2.17949e-01    2.18057e-01    2.18177e-01    2.18318e-01    2.18424e-01    2.18460e-01    2.18476e-01    2.18451e-01    2.18496e-01    2.18678e-01    2.18844e-01    2.18976e-01    2.19070e-01    2.19085e-01    2.19081e-01    2.19037e-01    2.18921e-01    2.18661e-01    2.18350e-01
+180 ||    1.06302e-01    1.06094e-01    1.05955e-01    1.05954e-01    1.05969e-01    1.06018e-01    1.06077e-01    1.06154e-01    1.06239e-01    1.06340e-01    1.06440e-01    1.06535e-01    1.06602e-01    1.06614e-01    1.06651e-01    1.06737e-01    1.06782e-01    1.06748e-01    1.06723e-01    1.06718e-01    1.06699e-01    1.06655e-01    1.06583e-01    1.06456e-01    1.06302e-01
+195 ||    7.08738e-02    7.07299e-02    7.06339e-02    7.06337e-02    7.06412e-02    7.06640e-02    7.07018e-02    7.07697e-02    7.08447e-02    7.09340e-02    7.10318e-02    7.11466e-02    7.12311e-02    7.12546e-02    7.12889e-02    7.13446e-02    7.13527e-02    7.12657e-02    7.12036e-02    7.11914e-02    7.11682e-02    7.11233e-02    7.10647e-02    7.09789e-02    7.08738e-02
+210 ||    1.05658e-01    1.05543e-01    1.05483e-01    1.05533e-01    1.05571e-01    1.05585e-01    1.05611e-01    1.05661e-01    1.05727e-01    1.05821e-01    1.05939e-01    1.06101e-01    1.06216e-01    1.06237e-01    1.06265e-01    1.06308e-01    1.06267e-01    1.06060e-01    1.05907e-01    1.05860e-01    1.05818e-01    1.05787e-01    1.05754e-01    1.05719e-01    1.05658e-01
+225 ||    7.41436e-02    7.41262e-02    7.41369e-02    7.42036e-02    7.42471e-02    7.42441e-02    7.42430e-02    7.42459e-02    7.42618e-02    7.43040e-02    7.43683e-02    7.44769e-02    7.45512e-02    7.45569e-02    7.45623e-02    7.45671e-02    7.45056e-02    7.43117e-02    7.41655e-02    7.41146e-02    7.40808e-02    7.40811e-02    7.40926e-02    7.41267e-02    7.41436e-02
+240 ||    7.48930e-02    7.48672e-02    7.48668e-02    7.49172e-02    7.49502e-02    7.49486e-02    7.49554e-02    7.49790e-02    7.50005e-02    7.50180e-02    7.50550e-02    7.51313e-02    7.51832e-02    7.51863e-02    7.51948e-02    7.52141e-02    7.51876e-02    7.50695e-02    7.49744e-02    7.49253e-02    7.48867e-02    7.48687e-02    7.48643e-02    7.48867e-02    7.48930e-02
+255 ||    8.49256e-02    8.48879e-02    8.48761e-02    8.49159e-02    8.49422e-02    8.49418e-02    8.49575e-02    8.50053e-02    8.50353e-02    8.50295e-02    8.50432e-02    8.50957e-02    8.51310e-02    8.51318e-02    8.51446e-02    8.51812e-02    8.51873e-02    8.51324e-02    8.50781e-02    8.50247e-02    8.49763e-02    8.49376e-02    8.49162e-02    8.49294e-02    8.49256e-02
+270 ||    1.06915e-01    1.06780e-01    1.06717e-01    1.06801e-01    1.06874e-01    1.06927e-01    1.06974e-01    1.07007e-01    1.07016e-01    1.06973e-01    1.06973e-01    1.07060e-01    1.07142e-01    1.07217e-01    1.07277e-01    1.07310e-01    1.07284e-01    1.07141e-01    1.07023e-01    1.06955e-01    1.06903e-01    1.06880e-01    1.06881e-01    1.06929e-01    1.06915e-01
+285 ||    1.40217e-01    1.39929e-01    1.39787e-01    1.39939e-01    1.40086e-01    1.40222e-01    1.40317e-01    1.40328e-01    1.40302e-01    1.40201e-01    1.40180e-01    1.40320e-01    1.40476e-01    1.40666e-01    1.40801e-01    1.40827e-01    1.40750e-01    1.40469e-01    1.40252e-01    1.40163e-01    1.40106e-01    1.40109e-01    1.40145e-01    1.40246e-01    1.40217e-01
+300 ||    8.93446e-02    8.91910e-02    8.91131e-02    8.91867e-02    8.92609e-02    8.93361e-02    8.93921e-02    8.94093e-02    8.94093e-02    8.93751e-02    8.93772e-02    8.94523e-02    8.95243e-02    8.95905e-02    8.96468e-02    8.96835e-02    8.96740e-02    8.95720e-02    8.94902e-02    8.94489e-02    8.94233e-02    8.94289e-02    8.94265e-02    8.94081e-02    8.93446e-02
+315 ||    1.27296e-01    1.27125e-01    1.27033e-01    1.27101e-01    1.27177e-01    1.27266e-01    1.27339e-01    1.27380e-01    1.27406e-01    1.27404e-01    1.27431e-01    1.27516e-01    1.27576e-01    1.27585e-01    1.27619e-01    1.27702e-01    1.27749e-01    1.27724e-01    1.27696e-01    1.27661e-01    1.27641e-01    1.27655e-01    1.27612e-01    1.27457e-01    1.27296e-01
+330 ||    1.23610e-01    1.23451e-01    1.23356e-01    1.23388e-01    1.23434e-01    1.23505e-01    1.23569e-01    1.23618e-01    1.23658e-01    1.23683e-01    1.23720e-01    1.23780e-01    1.23826e-01    1.23842e-01    1.23887e-01    1.23987e-01    1.24057e-01    1.24065e-01    1.24056e-01    1.24012e-01    1.23977e-01    1.23962e-01    1.23903e-01    1.23759e-01    1.23610e-01
+345 ||    2.54355e-01    2.54044e-01    2.53834e-01    2.53829e-01    2.53864e-01    2.53980e-01    2.54097e-01    2.54216e-01    2.54332e-01    2.54438e-01    2.54535e-01    2.54613e-01    2.54681e-01    2.54732e-01    2.54848e-01    2.55096e-01    2.55289e-01    2.55375e-01    2.55395e-01    2.55283e-01    2.55178e-01    2.55087e-01    2.54931e-01    2.54648e-01    2.54355e-01
+360 ||    1.04143e-01    1.04012e-01    1.03916e-01    1.03889e-01    1.03882e-01    1.03915e-01    1.03953e-01    1.03999e-01    1.04061e-01    1.04154e-01    1.04244e-01    1.04330e-01    1.04407e-01    1.04469e-01    1.04539e-01    1.04625e-01    1.04668e-01    1.04624e-01    1.04586e-01    1.04560e-01    1.04526e-01    1.04477e-01    1.04401e-01    1.04273e-01    1.04143e-01
##########################################################################################
### MCD_v6.1 with Martian Year 28 scenario.
### Latitude 83.8N. Longitude 235.0E. Altitude 0.0 m ALS.
### --------------------------------------------------------------------------------------
### Column 1 is Areocentric longitude (degrees)
### Columns 2+ are Water ice column (kg/m2)
### Line 1 is Local time (Martian hour)
### --------------------------------------------------------------------------------------
### Retrieved on: 2024-06-07T23:21:43.153979
### Mars Climate Database (c) LMD/OU/IAA/ESA/CNES
##########################################################################################
---- ||    0.00000e+00    1.00000e+00    2.00000e+00    3.00000e+00    4.00000e+00    5.00000e+00    6.00000e+00    7.00000e+00    8.00000e+00    9.00000e+00    1.00000e+01    1.10000e+01    1.20000e+01    1.30000e+01    1.40000e+01    1.50000e+01    1.60000e+01    1.70000e+01    1.80000e+01    1.90000e+01    2.00000e+01    2.10000e+01    2.20000e+01    2.30000e+01    2.40000e+01
-----------------------------------
+000 ||    4.50987e-03    4.50695e-03    4.50444e-03    4.50274e-03    4.50086e-03    4.49858e-03    4.49913e-03    4.50535e-03    4.51403e-03    4.52764e-03    4.54372e-03    4.56474e-03    4.58986e-03    4.62319e-03    4.64527e-03    4.64488e-03    4.63290e-03    4.59775e-03    4.56812e-03    4.54953e-03    4.53412e-03    4.52507e-03    4.51767e-03    4.51358e-03    4.50987e-03
+015 ||    4.96639e-03    4.96554e-03    4.96468e-03    4.96381e-03    4.96092e-03    4.95397e-03    4.94880e-03    4.94723e-03    4.95104e-03    4.96560e-03    4.98612e-03    5.01856e-03    5.05798e-03    5.11136e-03    5.14544e-03    5.14092e-03    5.12061e-03    5.06874e-03    5.02753e-03    5.00760e-03    4.99189e-03    4.98460e-03    4.97756e-03    4.97103e-03    4.96639e-03
+030 ||    4.86496e-03    4.87396e-03    4.88569e-03    4.90284e-03    4.92276e-03    4.94820e-03    4.97669e-03    5.01127e-03    5.04489e-03    5.07658e-03    5.10112e-03    5.11135e-03    5.11571e-03    5.10834e-03    5.08782e-03    5.04100e-03    4.99299e-03    4.94261e-03    4.90151e-03    4.87897e-03    4.86175e-03    4.85517e-03    4.85264e-03    4.85823e-03    4.86496e-03
+045 ||    4.74308e-03    4.76199e-03    4.78632e-03    4.82149e-03    4.86431e-03    4.92239e-03    4.98487e-03    5.05611e-03    5.11990e-03    5.16875e-03    5.19709e-03    5.18441e-03    5.15297e-03    5.08399e-03    5.00823e-03    4.91891e-03    4.84330e-03    4.79506e-03    4.75461e-03    4.72973e-03    4.71117e-03    4.70525e-03    4.70722e-03    4.72495e-03    4.74308e-03
+060 ||    1.48295e-02    1.51662e-02    1.54713e-02    1.57127e-02    1.58959e-02    1.59626e-02    1.59931e-02    1.59511e-02    1.58550e-02    1.56506e-02    1.54123e-02    1.51063e-02    1.47794e-02    1.44107e-02    1.40915e-02    1.38706e-02    1.37085e-02    1.36635e-02    1.36719e-02    1.37872e-02    1.39215e-02    1.40941e-02    1.42938e-02    1.45478e-02    1.48295e-02
+075 ||    2.42643e-02    2.49013e-02    2.54724e-02    2.59108e-02    2.62277e-02    2.63012e-02    2.62984e-02    2.61431e-02    2.58888e-02    2.54366e-02    2.49393e-02    2.43515e-02    2.37446e-02    2.30987e-02    2.25554e-02    2.22155e-02    2.19760e-02    2.19367e-02    2.19944e-02    2.22460e-02    2.25278e-02    2.28699e-02    2.32570e-02    2.37339e-02    2.42643e-02
+090 ||    1.43071e-02    1.48637e-02    1.53625e-02    1.57452e-02    1.60074e-02    1.60284e-02    1.60249e-02    1.59725e-02    1.58127e-02    1.54382e-02    1.49992e-02    1.44310e-02    1.39078e-02    1.34741e-02    1.30888e-02    1.27998e-02    1.26128e-02    1.26298e-02    1.26923e-02    1.28461e-02    1.30183e-02    1.32277e-02    1.34930e-02    1.38701e-02    1.43071e-02
+105 ||    4.44666e-03    4.92575e-03    5.35424e-03    5.68148e-03    5.89238e-03    5.87051e-03    5.86883e-03    5.90747e-03    5.83363e-03    5.53478e-03    5.15315e-03    4.60603e-03    4.16434e-03    3.93332e-03    3.69904e-03    3.45825e-03    3.32238e-03    3.39633e-03    3.46418e-03    3.51984e-03    3.58413e-03    3.66567e-03    3.81453e-03    4.09800e-03    4.44666e-03
+120 ||    2.24927e-03    2.51867e-03    2.75634e-03    2.93053e-03    3.04257e-03    3.03025e-03    3.02220e-03    3.02269e-03    2.97074e-03    2.81389e-03    2.61787e-03    2.34354e-03    2.11956e-03    1.99620e-03    1.87195e-03    1.74596e-03    1.67329e-03    1.70723e-03    1.73748e-03    1.76033e-03    1.78910e-03    1.82971e-03    1.90723e-03    2.05858e-03    2.24927e-03
+135 ||    1.06894e-04    1.72590e-04    2.24865e-04    2.50296e-04    2.64313e-04    2.55499e-04    2.39172e-04    2.07815e-04    1.80649e-04    1.61869e-04    1.45890e-04    1.35518e-04    1.22955e-04    1.05996e-04    9.00820e-05    7.62744e-05    6.53447e-05    6.01641e-05    5.41145e-05    4.63269e-05    4.12527e-05    4.16037e-05    4.90299e-05    7.06098e-05    1.06894e-04
+150 ||    8.55501e-03    8.60761e-03    8.63455e-03    8.61015e-03    8.59294e-03    8.59014e-03    8.58318e-03    8.56791e-03    8.53235e-03    8.45627e-03    8.36077e-03    8.22644e-03    8.09992e-03    7.98900e-03    7.89201e-03    7.82291e-03    7.76166e-03    7.71610e-03    7.72188e-03    7.83027e-03    7.95499e-03    8.11242e-03    8.27071e-03    8.43076e-03    8.55501e-03
+165 ||    1.74954e-02    1.75367e-02    1.75389e-02    1.74627e-02    1.74129e-02    1.74159e-02    1.74177e-02    1.74173e-02    1.73717e-02    1.72357e-02    1.70579e-02    1.67966e-02    1.65531e-02    1.63455e-02    1.61648e-02    1.60382e-02    1.59227e-02    1.58295e-02    1.58433e-02    1.60709e-02    1.63299e-02    1.66516e-02    1.69687e-02    1.72764e-02    1.74954e-02
+180 ||    1.06590e-02    1.06753e-02    1.06767e-02    1.06484e-02    1.06325e-02    1.06412e-02    1.06500e-02    1.06587e-02    1.06493e-02    1.06036e-02    1.05372e-02    1.04294e-02    1.03296e-02    1.02460e-02    1.01652e-02    1.00897e-02    1.00180e-02    9.95389e-03    9.94137e-03    1.00319e-02    1.01405e-02    1.02852e-02    1.04270e-02    1.05630e-02    1.06590e-02
+195 ||    4.02111e-03    4.01198e-03    4.01212e-03    4.03078e-03    4.04787e-03    4.06181e-03    4.07717e-03    4.09537e-03    4.12275e-03    4.16846e-03    4.21468e-03    4.26193e-03    4.30726e-03    4.34875e-03    4.36813e-03    4.34331e-03    4.31471e-03    4.27853e-03    4.23875e-03    4.19179e-03    4.14961e-03    4.11699e-03    4.08340e-03    4.04785e-03    4.02111e-03
+210 ||    3.45067e-03    3.46372e-03    3.47684e-03    3.49009e-03    3.49391e-03    3.47888e-03    3.46802e-03    3.46549e-03    3.47146e-03    3.49442e-03    3.51775e-03    3.54183e-03    3.56276e-03    3.57742e-03    3.57485e-03    3.53783e-03    3.50304e-03    3.47271e-03    3.44709e-03    3.43089e-03    3.42100e-03    3.42373e-03    3.42901e-03    3.43939e-03    3.45067e-03
+225 ||    2.86723e-03    2.90234e-03    2.92840e-03    2.93635e-03    2.92705e-03    2.88322e-03    2.84630e-03    2.82323e-03    2.80796e-03    2.80831e-03    2.80880e-03    2.80955e-03    2.80586e-03    2.79330e-03    2.76840e-03    2.71880e-03    2.67753e-03    2.65291e-03    2.64141e-03    2.65616e-03    2.67878e-03    2.71712e-03    2.76149e-03    2.81791e-03    2.86723e-03
+240 ||    2.07192e-03    2.08660e-03    2.09705e-03    2.09906e-03    2.09230e-03    2.06799e-03    2.04772e-03    2.03555e-03    2.02795e-03    2.02951e-03    2.03164e-03    2.03491e-03    2.03531e-03    2.03000e-03    2.01823e-03    1.99351e-03    1.97604e-03    1.97306e-03    1.97254e-03    1.97698e-03    1.98553e-03    2.00231e-03    2.02242e-03    2.04918e-03    2.07192e-03
+255 ||    1.19579e-03    1.19025e-03    1.18548e-03    1.18222e-03    1.17886e-03    1.17526e-03    1.17244e-03    1.17118e-03    1.17094e-03    1.17275e-03    1.17565e-03    1.18075e-03    1.18493e-03    1.18728e-03    1.18942e-03    1.19113e-03    1.19840e-03    1.21676e-03    1.22690e-03    1.22056e-03    1.21452e-03    1.20905e-03    1.20411e-03    1.20022e-03    1.19579e-03
+270 ||    1.72955e-03    1.72948e-03    1.73325e-03    1.74471e-03    1.75402e-03    1.75908e-03    1.76025e-03    1.75364e-03    1.74707e-03    1.74056e-03    1.73803e-03    1.74347e-03    1.75057e-03    1.76100e-03    1.76929e-03    1.77331e-03    1.77536e-03    1.77348e-03    1.76815e-03    1.75593e-03    1.74524e-03    1.73762e-03    1.73205e-03    1.73056e-03    1.72955e-03
+285 ||    2.24247e-03    2.24789e-03    2.26016e-03    2.28615e-03    2.30804e-03    2.32172e-03    2.32689e-03    2.31506e-03    2.30226e-03    2.28748e-03    2.27948e-03    2.28505e-03    2.29484e-03    2.31308e-03    2.32735e-03    2.33369e-03    2.33059e-03    2.30861e-03    2.28801e-03    2.27014e-03    2.25501e-03    2.24535e-03    2.23921e-03    2.24008e-03    2.24247e-03
+300 ||    1.72826e-03    1.72840e-03    1.73368e-03    1.74922e-03    1.76324e-03    1.77423e-03    1.78126e-03    1.78036e-03    1.77919e-03    1.77750e-03    1.77988e-03    1.79044e-03    1.80297e-03    1.81942e-03    1.83292e-03    1.84053e-03    1.83360e-03    1.79763e-03    1.76967e-03    1.75775e-03    1.74728e-03    1.73971e-03    1.73359e-03    1.73036e-03    1.72826e-03
+315 ||    1.21676e-03    1.21172e-03    1.21007e-03    1.21518e-03    1.22135e-03    1.22960e-03    1.23843e-03    1.24842e-03    1.25888e-03    1.27027e-03    1.28306e-03    1.29864e-03    1.31392e-03    1.32859e-03    1.34133e-03    1.35020e-03    1.33946e-03    1.28949e-03    1.25416e-03    1.24814e-03    1.24229e-03    1.23679e-03    1.23068e-03    1.22334e-03    1.21676e-03
+330 ||    3.14191e-03    3.13135e-03    3.12589e-03    3.13064e-03    3.13696e-03    3.14642e-03    3.15697e-03    3.16970e-03    3.18346e-03    3.19931e-03    3.21758e-03    3.24071e-03    3.26312e-03    3.28410e-03    3.30190e-03    3.31338e-03    3.31153e-03    3.28306e-03    3.25857e-03    3.24203e-03    3.22400e-03    3.20299e-03    3.18173e-03    3.15995e-03    3.14191e-03
+345 ||    5.10935e-03    5.09317e-03    5.08383e-03    5.08816e-03    5.09461e-03    5.10528e-03    5.11758e-03    5.13315e-03    5.15036e-03    5.17085e-03    5.19485e-03    5.22585e-03    5.25570e-03    5.28323e-03    5.30630e-03    5.32048e-03    5.32758e-03    5.32050e-03    5.30671e-03    5.27949e-03    5.24907e-03    5.21227e-03    5.17558e-03    5.13908e-03    5.10935e-03
+360 ||    4.67712e-03    4.65635e-03    4.64304e-03    4.64464e-03    4.64968e-03    4.66164e-03    4.67637e-03    4.69664e-03    4.72309e-03    4.76191e-03    4.80492e-03    4.85633e-03    4.89896e-03    4.92404e-03    4.93958e-03    4.93605e-03    4.92124e-03    4.88391e-03    4.84754e-03    4.81309e-03    4.78149e-03    4.75559e-03    4.72927e-03    4.70214e-03    4.67712e-03
##########################################################################################
### MCD_v6.1 with Martian Year 28 scenario.
### Latitude 83.8N. Longitude 235.0E. Altitude 0.0 m ALS.
### --------------------------------------------------------------------------------------
### Column 1 is Areocentric longitude (degrees)
### Columns 2+ are Surface pressure (Pa)
### Line 1 is Local time (Martian hour)
### --------------------------------------------------------------------------------------
### Retrieved on: 2024-06-07T23:21:43.154536
### Mars Climate Database (c) LMD/OU/IAA/ESA/CNES
##########################################################################################
---- ||    0.00000e+00    1.00000e+00    2.00000e+00    3.00000e+00    4.00000e+00    5.00000e+00    6.00000e+00    7.00000e+00    8.00000e+00    9.00000e+00    1.00000e+01    1.10000e+01    1.20000e+01    1.30000e+01    1.40000e+01    1.50000e+01    1.60000e+01    1.70000e+01    1.80000e+01    1.90000e+01    2.00000e+01    2.10000e+01    2.20000e+01    2.30000e+01    2.40000e+01
-----------------------------------
+000 ||    8.29168e+02    8.28345e+02    8.27745e+02    8.27593e+02    8.27505e+02    8.27550e+02    8.27646e+02    8.27847e+02    8.28206e+02    8.28883e+02    8.29539e+02    8.30157e+02    8.30671e+02    8.30978e+02    8.31378e+02    8.31963e+02    8.32295e+02    8.32124e+02    8.31985e+02    8.31911e+02    8.31724e+02    8.31313e+02    8.30773e+02    8.29975e+02    8.29168e+02
+015 ||    8.46053e+02    8.45252e+02    8.44537e+02    8.43996e+02    8.43606e+02    8.43519e+02    8.43485e+02    8.43559e+02    8.43905e+02    8.44792e+02    8.45605e+02    8.46267e+02    8.46888e+02    8.47426e+02    8.47945e+02    8.48426e+02    8.48695e+02    8.48544e+02    8.48458e+02    8.48504e+02    8.48443e+02    8.48168e+02    8.47707e+02    8.46875e+02    8.46053e+02
+030 ||    8.86774e+02    8.86168e+02    8.85629e+02    8.85226e+02    8.84985e+02    8.85069e+02    8.85162e+02    8.85272e+02    8.85612e+02    8.86409e+02    8.87084e+02    8.87515e+02    8.87887e+02    8.88140e+02    8.88383e+02    8.88609e+02    8.88702e+02    8.88530e+02    8.88435e+02    8.88495e+02    8.88484e+02    8.88335e+02    8.88026e+02    8.87396e+02    8.86774e+02
+045 ||    9.25901e+02    9.25493e+02    9.25133e+02    9.24868e+02    9.24778e+02    9.25035e+02    9.25256e+02    9.25402e+02    9.25735e+02    9.26440e+02    9.26975e+02    9.27172e+02    9.27292e+02    9.27257e+02    9.27223e+02    9.27193e+02    9.27109e+02    9.26917e+02    9.26814e+02    9.26886e+02    9.26927e+02    9.26905e+02    9.26748e+02    9.26322e+02    9.25901e+02
+060 ||    9.23084e+02    9.22670e+02    9.22324e+02    9.22111e+02    9.22086e+02    9.22440e+02    9.22740e+02    9.22935e+02    9.23223e+02    9.23699e+02    9.24023e+02    9.24041e+02    9.23961e+02    9.23683e+02    9.23405e+02    9.23123e+02    9.23164e+02    9.23849e+02    9.24303e+02    9.24295e+02    9.24234e+02    9.24067e+02    9.23834e+02    9.23467e+02    9.23084e+02
+075 ||    9.01487e+02    9.01055e+02    9.00710e+02    9.00539e+02    9.00571e+02    9.01012e+02    9.01390e+02    9.01641e+02    9.01896e+02    9.02158e+02    9.02289e+02    9.02157e+02    9.01906e+02    9.01416e+02    9.00917e+02    9.00398e+02    9.00563e+02    9.02096e+02    9.03084e+02    9.02986e+02    9.02812e+02    9.02488e+02    9.02165e+02    9.01844e+02    9.01487e+02
+090 ||    8.56022e+02    8.55756e+02    8.55562e+02    8.55515e+02    8.55569e+02    8.55828e+02    8.56058e+02    8.56227e+02    8.56522e+02    8.57067e+02    8.57512e+02    8.57757e+02    8.57828e+02    8.57551e+02    8.57231e+02    8.56824e+02    8.56878e+02    8.57853e+02    8.58409e+02    8.58125e+02    8.57751e+02    8.57195e+02    8.56705e+02    8.56348e+02    8.56022e+02
+105 ||    8.03271e+02    8.03194e+02    8.03171e+02    8.03256e+02    8.03338e+02    8.03413e+02    8.03488e+02    8.03562e+02    8.03876e+02    8.04668e+02    8.05391e+02    8.05977e+02    8.06338e+02    8.06247e+02    8.06085e+02    8.05780e+02    8.05720e+02    8.06148e+02    8.06284e+02    8.05835e+02    8.05283e+02    8.04527e+02    8.03901e+02    8.03539e+02    8.03271e+02
+120 ||    7.68836e+02    7.68768e+02    7.68720e+02    7.68714e+02    7.68760e+02    7.68907e+02    7.69058e+02    7.69213e+02    7.69566e+02    7.70315e+02    7.70940e+02    7.71317e+02    7.71498e+02    7.71286e+02    7.71085e+02    7.70909e+02    7.70855e+02    7.71046e+02    7.71082e+02    7.70805e+02    7.70430e+02    7.69858e+02    7.69374e+02    7.69065e+02    7.68836e+02
+135 ||    7.46724e+02    7.46664e+02    7.46591e+02    7.46494e+02    7.46503e+02    7.46726e+02    7.46954e+02    7.47192e+02    7.47590e+02    7.48308e+02    7.48845e+02    7.49021e+02    7.49026e+02    7.48690e+02    7.48448e+02    7.48396e+02    7.48347e+02    7.48307e+02    7.48243e+02    7.48134e+02    7.47928e+02    7.47531e+02    7.47179e+02    7.46918e+02    7.46724e+02
+150 ||    7.30133e+02    7.29425e+02    7.28932e+02    7.28872e+02    7.28941e+02    7.29267e+02    7.29583e+02    7.29879e+02    7.30273e+02    7.30861e+02    7.31303e+02    7.31451e+02    7.31482e+02    7.31276e+02    7.31231e+02    7.31506e+02    7.31756e+02    7.31959e+02    7.32084e+02    7.32052e+02    7.31940e+02    7.31668e+02    7.31300e+02    7.30742e+02    7.30133e+02
+165 ||    7.29767e+02    7.28390e+02    7.27464e+02    7.27440e+02    7.27571e+02    7.28010e+02    7.28424e+02    7.28788e+02    7.29187e+02    7.29659e+02    7.30014e+02    7.30133e+02    7.30186e+02    7.30104e+02    7.30252e+02    7.30861e+02    7.31415e+02    7.31859e+02    7.32173e+02    7.32223e+02    7.32208e+02    7.32061e+02    7.31674e+02    7.30805e+02    7.29767e+02
+180 ||    7.34318e+02    7.32882e+02    7.31922e+02    7.31913e+02    7.32019e+02    7.32357e+02    7.32760e+02    7.33295e+02    7.33884e+02    7.34583e+02    7.35269e+02    7.35927e+02    7.36393e+02    7.36474e+02    7.36726e+02    7.37320e+02    7.37637e+02    7.37399e+02    7.37228e+02    7.37190e+02    7.37063e+02    7.36758e+02    7.36261e+02    7.35382e+02    7.34318e+02
+195 ||    7.52752e+02    7.51223e+02    7.50204e+02    7.50202e+02    7.50282e+02    7.50524e+02    7.50926e+02    7.51646e+02    7.52443e+02    7.53391e+02    7.54430e+02    7.55650e+02    7.56547e+02    7.56797e+02    7.57160e+02    7.57752e+02    7.57839e+02    7.56914e+02    7.56255e+02    7.56125e+02    7.55879e+02    7.55401e+02    7.54779e+02    7.53869e+02    7.52752e+02
+210 ||    7.93455e+02    7.92593e+02    7.92143e+02    7.92519e+02    7.92804e+02    7.92910e+02    7.93106e+02    7.93483e+02    7.93972e+02    7.94684e+02    7.95565e+02    7.96784e+02    7.97649e+02    7.97805e+02    7.98016e+02    7.98337e+02    7.98033e+02    7.96478e+02    7.95324e+02    7.94974e+02    7.94662e+02    7.94425e+02    7.94180e+02    7.93917e+02    7.93455e+02
+225 ||    8.33925e+02    8.33729e+02    8.33849e+02    8.34599e+02    8.35088e+02    8.35055e+02    8.35043e+02    8.35075e+02    8.35254e+02    8.35729e+02    8.36452e+02    8.37673e+02    8.38509e+02    8.38574e+02    8.38634e+02    8.38688e+02    8.37997e+02    8.35815e+02    8.34171e+02    8.33599e+02    8.33219e+02    8.33221e+02    8.33351e+02    8.33734e+02    8.33925e+02
+240 ||    8.92605e+02    8.92297e+02    8.92292e+02    8.92892e+02    8.93286e+02    8.93267e+02    8.93348e+02    8.93629e+02    8.93886e+02    8.94094e+02    8.94535e+02    8.95445e+02    8.96063e+02    8.96100e+02    8.96201e+02    8.96431e+02    8.96115e+02    8.94708e+02    8.93575e+02    8.92990e+02    8.92529e+02    8.92315e+02    8.92262e+02    8.92529e+02    8.92605e+02
+255 ||    9.32214e+02    9.31800e+02    9.31670e+02    9.32107e+02    9.32396e+02    9.32392e+02    9.32564e+02    9.33089e+02    9.33418e+02    9.33354e+02    9.33504e+02    9.34081e+02    9.34468e+02    9.34478e+02    9.34618e+02    9.35019e+02    9.35086e+02    9.34484e+02    9.33888e+02    9.33302e+02    9.32770e+02    9.32345e+02    9.32110e+02    9.32255e+02    9.32214e+02
+270 ||    9.55975e+02    9.54762e+02    9.54203e+02    9.54953e+02    9.55610e+02    9.56082e+02    9.56497e+02    9.56799e+02    9.56872e+02    9.56489e+02    9.56492e+02    9.57268e+02    9.58008e+02    9.58672e+02    9.59213e+02    9.59505e+02    9.59273e+02    9.57990e+02    9.56935e+02    9.56334e+02    9.55866e+02    9.55665e+02    9.55672e+02    9.56097e+02    9.55975e+02
+285 ||    9.66336e+02    9.64347e+02    9.63370e+02    9.64420e+02    9.65433e+02    9.66371e+02    9.67021e+02    9.67097e+02    9.66916e+02    9.66222e+02    9.66080e+02    9.67043e+02    9.68120e+02    9.69426e+02    9.70357e+02    9.70535e+02    9.70008e+02    9.68067e+02    9.66571e+02    9.65964e+02    9.65566e+02    9.65591e+02    9.65839e+02    9.66535e+02    9.66336e+02
+300 ||    9.21195e+02    9.19611e+02    9.18808e+02    9.19567e+02    9.20332e+02    9.21108e+02    9.21684e+02    9.21862e+02    9.21862e+02    9.21509e+02    9.21531e+02    9.22305e+02    9.23048e+02    9.23730e+02    9.24311e+02    9.24690e+02    9.24591e+02    9.23539e+02    9.22696e+02    9.22271e+02    9.22006e+02    9.22064e+02    9.22040e+02    9.21850e+02    9.21195e+02
+315 ||    8.80146e+02    8.78960e+02    8.78326e+02    8.78799e+02    8.79321e+02    8.79938e+02    8.80443e+02    8.80722e+02    8.80904e+02    8.80890e+02    8.81077e+02    8.81664e+02    8.82077e+02    8.82141e+02    8.82375e+02    8.82953e+02    8.83280e+02    8.83107e+02    8.82909e+02    8.82665e+02    8.82533e+02    8.82625e+02    8.82330e+02    8.81257e+02    8.80146e+02
+330 ||    8.68110e+02    8.66993e+02    8.66324e+02    8.66552e+02    8.66871e+02    8.67374e+02    8.67823e+02    8.68165e+02    8.68450e+02    8.68623e+02    8.68879e+02    8.69304e+02    8.69625e+02    8.69741e+02    8.70053e+02    8.70760e+02    8.71250e+02    8.71307e+02    8.71242e+02    8.70933e+02    8.70690e+02    8.70581e+02    8.70171e+02    8.69158e+02    8.68110e+02
+345 ||    8.63411e+02    8.62354e+02    8.61644e+02    8.61627e+02    8.61746e+02    8.62137e+02    8.62534e+02    8.62941e+02    8.63333e+02    8.63694e+02    8.64023e+02    8.64287e+02    8.64519e+02    8.64689e+02    8.65083e+02    8.65925e+02    8.66583e+02    8.66873e+02    8.66941e+02    8.66562e+02    8.66206e+02    8.65894e+02    8.65366e+02    8.64404e+02    8.63411e+02
+360 ||    8.43251e+02    8.42190e+02    8.41409e+02    8.41189e+02    8.41132e+02    8.41402e+02    8.41708e+02    8.42086e+02    8.42588e+02    8.43338e+02    8.44068e+02    8.44759e+02    8.45387e+02    8.45887e+02    8.46453e+02    8.47149e+02    8.47496e+02    8.47143e+02    8.46837e+02    8.46626e+02    8.46352e+02    8.45953e+02    8.45340e+02    8.44299e+02    8.43251e+02
##########################################################################################
### MCD_v6.1 with Martian Year 28 scenario.
### Latitude 83.8N. Longitude 235.0E. Altitude 0.0 m ALS.
### --------------------------------------------------------------------------------------
### Column 1 is Areocentric longitude (degrees)
### Columns 2+ are Surface temperature (K)
### Line 1 is Local time (Martian hour)
### --------------------------------------------------------------------------------------
### Retrieved on: 2024-06-07T23:21:43.155086
### Mars Climate Database (c) LMD/OU/IAA/ESA/CNES
##########################################################################################
---- ||    0.00000e+00    1.00000e+00    2.00000e+00    3.00000e+00    4.00000e+00    5.00000e+00    6.00000e+00    7.00000e+00    8.00000e+00    9.00000e+00    1.00000e+01    1.10000e+01    1.20000e+01    1.30000e+01    1.40000e+01    1.50000e+01    1.60000e+01    1.70000e+01    1.80000e+01    1.90000e+01    2.00000e+01    2.10000e+01    2.20000e+01    2.30000e+01    2.40000e+01
-----------------------------------
+000 ||    1.49609e+02    1.49600e+02    1.49592e+02    1.49590e+02    1.49589e+02    1.49590e+02    1.49592e+02    1.49597e+02    1.49604e+02    1.49615e+02    1.49625e+02    1.49636e+02    1.49645e+02    1.49651e+02    1.49657e+02    1.49662e+02    1.49664e+02    1.49656e+02    1.49650e+02    1.49647e+02    1.49643e+02    1.49637e+02    1.49629e+02    1.49619e+02    1.49609e+02
+015 ||    1.49859e+02    1.49847e+02    1.49837e+02    1.49829e+02    1.49824e+02    1.49824e+02    1.49825e+02    1.49830e+02    1.49838e+02    1.49853e+02    1.49868e+02    1.49882e+02    1.49895e+02    1.49905e+02    1.49914e+02    1.49920e+02    1.49921e+02    1.49915e+02    1.49910e+02    1.49906e+02    1.49900e+02    1.49892e+02    1.49883e+02    1.49871e+02    1.49859e+02
+030 ||    1.50245e+02    1.50236e+02    1.50227e+02    1.50221e+02    1.50218e+02    1.50218e+02    1.50220e+02    1.50225e+02    1.50232e+02    1.50244e+02    1.50256e+02    1.50266e+02    1.50275e+02    1.50282e+02    1.50288e+02    1.50292e+02    1.50293e+02    1.50289e+02    1.50285e+02    1.50282e+02    1.50278e+02    1.50272e+02    1.50265e+02    1.50255e+02    1.50245e+02
+045 ||    1.50631e+02    1.50624e+02    1.50618e+02    1.50613e+02    1.50611e+02    1.50613e+02    1.50615e+02    1.50619e+02    1.50625e+02    1.50635e+02    1.50644e+02    1.50650e+02    1.50656e+02    1.50660e+02    1.50663e+02    1.50664e+02    1.50665e+02    1.50662e+02    1.50660e+02    1.50658e+02    1.50656e+02    1.50652e+02    1.50647e+02    1.50639e+02    1.50631e+02
+060 ||    1.59116e+02    1.59073e+02    1.59051e+02    1.59070e+02    1.59108e+02    1.59183e+02    1.59273e+02    1.59392e+02    1.59520e+02    1.59669e+02    1.59814e+02    1.59954e+02    1.60085e+02    1.60198e+02    1.60279e+02    1.60297e+02    1.60205e+02    1.59893e+02    1.59654e+02    1.59563e+02    1.59469e+02    1.59368e+02    1.59272e+02    1.59187e+02    1.59116e+02
+075 ||    1.67600e+02    1.67522e+02    1.67485e+02    1.67527e+02    1.67605e+02    1.67753e+02    1.67930e+02    1.68164e+02    1.68416e+02    1.68702e+02    1.68984e+02    1.69257e+02    1.69514e+02    1.69736e+02    1.69896e+02    1.69929e+02    1.69744e+02    1.69123e+02    1.68648e+02    1.68468e+02    1.68282e+02    1.68084e+02    1.67897e+02    1.67735e+02    1.67600e+02
+090 ||    1.92673e+02    1.92447e+02    1.92324e+02    1.92406e+02    1.92581e+02    1.92943e+02    1.93373e+02    1.93938e+02    1.94526e+02    1.95158e+02    1.95754e+02    1.96275e+02    1.96724e+02    1.97028e+02    1.97218e+02    1.97178e+02    1.96950e+02    1.96344e+02    1.95760e+02    1.95220e+02    1.94665e+02    1.94082e+02    1.93535e+02    1.93063e+02    1.92673e+02
+105 ||    2.17745e+02    2.17372e+02    2.17164e+02    2.17285e+02    2.17558e+02    2.18134e+02    2.18816e+02    2.19713e+02    2.20636e+02    2.21615e+02    2.22524e+02    2.23293e+02    2.23935e+02    2.24321e+02    2.24540e+02    2.24427e+02    2.24155e+02    2.23565e+02    2.22872e+02    2.21971e+02    2.21049e+02    2.20080e+02    2.19174e+02    2.18391e+02    2.17745e+02
+120 ||    2.10303e+02    2.09859e+02    2.09586e+02    2.09655e+02    2.09893e+02    2.10467e+02    2.11165e+02    2.12109e+02    2.13091e+02    2.14147e+02    2.15137e+02    2.15994e+02    2.16711e+02    2.17147e+02    2.17402e+02    2.17294e+02    2.17047e+02    2.16520e+02    2.15848e+02    2.14885e+02    2.13895e+02    2.12852e+02    2.11873e+02    2.11020e+02    2.10303e+02
+135 ||    2.02861e+02    2.02345e+02    2.02008e+02    2.02025e+02    2.02228e+02    2.02801e+02    2.03513e+02    2.04505e+02    2.05545e+02    2.06679e+02    2.07751e+02    2.08695e+02    2.09487e+02    2.09973e+02    2.10263e+02    2.10161e+02    2.09938e+02    2.09475e+02    2.08824e+02    2.07798e+02    2.06742e+02    2.05625e+02    2.04572e+02    2.03649e+02    2.02861e+02
+150 ||    1.94586e+02    1.94177e+02    1.93887e+02    1.93834e+02    1.93922e+02    1.94291e+02    1.94786e+02    1.95535e+02    1.96337e+02    1.97250e+02    1.98120e+02    1.98907e+02    1.99569e+02    1.99980e+02    2.00224e+02    2.00135e+02    1.99969e+02    1.99650e+02    1.99163e+02    1.98337e+02    1.97503e+02    1.96655e+02    1.95862e+02    1.95179e+02    1.94586e+02
+165 ||    1.86312e+02    1.86009e+02    1.85766e+02    1.85643e+02    1.85617e+02    1.85782e+02    1.86060e+02    1.86564e+02    1.87130e+02    1.87820e+02    1.88490e+02    1.89119e+02    1.89650e+02    1.89987e+02    1.90185e+02    1.90108e+02    1.89999e+02    1.89825e+02    1.89501e+02    1.88875e+02    1.88265e+02    1.87686e+02    1.87152e+02    1.86709e+02    1.86312e+02
+180 ||    1.69556e+02    1.69374e+02    1.69225e+02    1.69142e+02    1.69107e+02    1.69170e+02    1.69297e+02    1.69550e+02    1.69853e+02    1.70257e+02    1.70661e+02    1.71063e+02    1.71400e+02    1.71608e+02    1.71724e+02    1.71655e+02    1.71588e+02    1.71527e+02    1.71367e+02    1.71011e+02    1.70667e+02    1.70344e+02    1.70044e+02    1.69788e+02    1.69556e+02
+195 ||    1.52800e+02    1.52739e+02    1.52683e+02    1.52640e+02    1.52597e+02    1.52559e+02    1.52534e+02    1.52535e+02    1.52576e+02    1.52695e+02    1.52832e+02    1.53007e+02    1.53150e+02    1.53230e+02    1.53262e+02    1.53201e+02    1.53178e+02    1.53228e+02    1.53233e+02    1.53147e+02    1.53068e+02    1.53003e+02    1.52936e+02    1.52867e+02    1.52800e+02
+210 ||    1.51144e+02    1.51113e+02    1.51086e+02    1.51068e+02    1.51049e+02    1.51030e+02    1.51017e+02    1.51017e+02    1.51037e+02    1.51097e+02    1.51168e+02    1.51260e+02    1.51335e+02    1.51375e+02    1.51391e+02    1.51362e+02    1.51347e+02    1.51363e+02    1.51359e+02    1.51313e+02    1.51272e+02    1.51240e+02    1.51208e+02    1.51176e+02    1.51144e+02
+225 ||    1.49488e+02    1.49487e+02    1.49489e+02    1.49497e+02    1.49501e+02    1.49501e+02    1.49499e+02    1.49498e+02    1.49498e+02    1.49499e+02    1.49504e+02    1.49513e+02    1.49519e+02    1.49519e+02    1.49520e+02    1.49522e+02    1.49517e+02    1.49499e+02    1.49485e+02    1.49480e+02    1.49477e+02    1.49478e+02    1.49480e+02    1.49485e+02    1.49488e+02
+240 ||    1.49559e+02    1.49557e+02    1.49558e+02    1.49565e+02    1.49570e+02    1.49569e+02    1.49569e+02    1.49570e+02    1.49572e+02    1.49576e+02    1.49581e+02    1.49588e+02    1.49593e+02    1.49592e+02    1.49591e+02    1.49591e+02    1.49589e+02    1.49583e+02    1.49577e+02    1.49570e+02    1.49564e+02    1.49561e+02    1.49558e+02    1.49559e+02    1.49559e+02
+255 ||    1.49631e+02    1.49627e+02    1.49627e+02    1.49633e+02    1.49638e+02    1.49638e+02    1.49639e+02    1.49643e+02    1.49647e+02    1.49653e+02    1.49659e+02    1.49663e+02    1.49666e+02    1.49664e+02    1.49662e+02    1.49661e+02    1.49662e+02    1.49668e+02    1.49670e+02    1.49661e+02    1.49652e+02    1.49644e+02    1.49637e+02    1.49634e+02    1.49631e+02
+270 ||    1.49522e+02    1.49524e+02    1.49527e+02    1.49534e+02    1.49540e+02    1.49544e+02    1.49547e+02    1.49550e+02    1.49554e+02    1.49558e+02    1.49562e+02    1.49567e+02    1.49569e+02    1.49567e+02    1.49563e+02    1.49552e+02    1.49543e+02    1.49537e+02    1.49532e+02    1.49528e+02    1.49525e+02    1.49523e+02    1.49522e+02    1.49522e+02    1.49522e+02
+285 ||    1.49414e+02    1.49420e+02    1.49427e+02    1.49435e+02    1.49442e+02    1.49449e+02    1.49455e+02    1.49458e+02    1.49461e+02    1.49463e+02    1.49465e+02    1.49470e+02    1.49472e+02    1.49471e+02    1.49464e+02    1.49443e+02    1.49423e+02    1.49405e+02    1.49393e+02    1.49396e+02    1.49398e+02    1.49403e+02    1.49407e+02    1.49410e+02    1.49414e+02
+300 ||    1.48959e+02    1.48954e+02    1.48953e+02    1.48960e+02    1.48969e+02    1.48980e+02    1.48989e+02    1.48996e+02    1.49002e+02    1.49007e+02    1.49011e+02    1.49016e+02    1.49019e+02    1.49020e+02    1.49018e+02    1.49010e+02    1.48998e+02    1.48980e+02    1.48967e+02    1.48963e+02    1.48962e+02    1.48964e+02    1.48965e+02    1.48962e+02    1.48959e+02
+315 ||    1.48504e+02    1.48487e+02    1.48478e+02    1.48486e+02    1.48495e+02    1.48510e+02    1.48523e+02    1.48533e+02    1.48543e+02    1.48551e+02    1.48558e+02    1.48562e+02    1.48566e+02    1.48569e+02    1.48573e+02    1.48577e+02    1.48573e+02    1.48555e+02    1.48540e+02    1.48531e+02    1.48526e+02    1.48526e+02    1.48523e+02    1.48515e+02    1.48504e+02
+330 ||    1.49097e+02    1.49084e+02    1.49076e+02    1.49079e+02    1.49085e+02    1.49094e+02    1.49102e+02    1.49108e+02    1.49114e+02    1.49120e+02    1.49125e+02    1.49129e+02    1.49132e+02    1.49135e+02    1.49139e+02    1.49145e+02    1.49146e+02    1.49139e+02    1.49131e+02    1.49126e+02    1.49121e+02    1.49120e+02    1.49116e+02    1.49107e+02    1.49097e+02
+345 ||    1.49690e+02    1.49681e+02    1.49674e+02    1.49673e+02    1.49674e+02    1.49677e+02    1.49680e+02    1.49682e+02    1.49685e+02    1.49689e+02    1.49692e+02    1.49696e+02    1.49699e+02    1.49702e+02    1.49706e+02    1.49713e+02    1.49719e+02    1.49722e+02    1.49723e+02    1.49720e+02    1.49717e+02    1.49713e+02    1.49708e+02    1.49699e+02    1.49690e+02
+360 ||    1.49719e+02    1.49708e+02    1.49699e+02    1.49695e+02    1.49693e+02    1.49695e+02    1.49698e+02    1.49703e+02    1.49709e+02    1.49719e+02    1.49729e+02    1.49739e+02    1.49748e+02    1.49756e+02    1.49763e+02    1.49769e+02    1.49772e+02    1.49767e+02    1.49763e+02    1.49759e+02    1.49754e+02    1.49749e+02    1.49741e+02    1.49730e+02    1.49719e+02
