##########################################################################################
### MCD_v6.1 with Martian Year 34 scenario.
### Latitude 83.8N. Longitude 235.0E. Altitude 0.0 m ALS.
### --------------------------------------------------------------------------------------
### Column 1 is Areocentric longitude (degrees)
### Columns 2+ are Daily mean dust column visible optical depth above surface
### Line 1 is Local time (Martian hour)
### --------------------------------------------------------------------------------------
### Retrieved on: 2024-06-08T03:56:25.981284
### Mars Climate Database (c) LMD/OU/IAA/ESA/CNES
##########################################################################################
---- ||    0.00000e+00    1.00000e+00    2.00000e+00    3.00000e+00    4.00000e+00    5.00000e+00    6.00000e+00    7.00000e+00    8.00000e+00    9.00000e+00    1.00000e+01    1.10000e+01    1.20000e+01    1.30000e+01    1.40000e+01    1.50000e+01    1.60000e+01    1.70000e+01    1.80000e+01    1.90000e+01    2.00000e+01    2.10000e+01    2.20000e+01    2.30000e+01    2.40000e+01
-----------------------------------
+000 ||    2.06775e-01    2.06471e-01    2.06258e-01    2.06225e-01    2.06212e-01    2.06237e-01    2.06289e-01    2.06395e-01    2.06540e-01    2.06764e-01    2.07002e-01    2.07267e-01    2.07490e-01    2.07627e-01    2.07771e-01    2.07928e-01    2.07976e-01    2.07805e-01    2.07672e-01    2.07619e-01    2.07540e-01    2.07410e-01    2.07249e-01    2.07025e-01    2.06775e-01
+015 ||    1.51502e-01    1.51289e-01    1.51116e-01    1.51026e-01    1.50973e-01    1.50996e-01    1.51029e-01    1.51085e-01    1.51189e-01    1.51387e-01    1.51576e-01    1.51747e-01    1.51908e-01    1.52045e-01    1.52178e-01    1.52302e-01    1.52340e-01    1.52205e-01    1.52117e-01    1.52122e-01    1.52103e-01    1.52036e-01    1.51922e-01    1.51713e-01    1.51502e-01
+030 ||    2.29007e-01    2.28755e-01    2.28544e-01    2.28416e-01    2.28337e-01    2.28357e-01    2.28380e-01    2.28408e-01    2.28497e-01    2.28705e-01    2.28899e-01    2.29066e-01    2.29231e-01    2.29391e-01    2.29545e-01    2.29686e-01    2.29775e-01    2.29759e-01    2.29756e-01    2.29780e-01    2.29765e-01    2.29677e-01    2.29530e-01    2.29267e-01    2.29007e-01
+045 ||    2.98497e-01    2.98254e-01    2.98039e-01    2.97883e-01    2.97781e-01    2.97790e-01    2.97785e-01    2.97755e-01    2.97788e-01    2.97949e-01    2.98091e-01    2.98198e-01    2.98320e-01    2.98470e-01    2.98613e-01    2.98740e-01    2.98895e-01    2.99103e-01    2.99258e-01    2.99306e-01    2.99305e-01    2.99205e-01    2.99045e-01    2.98765e-01    2.98497e-01
+060 ||    2.25955e-01    2.25774e-01    2.25620e-01    2.25523e-01    2.25472e-01    2.25512e-01    2.25549e-01    2.25577e-01    2.25621e-01    2.25699e-01    2.25770e-01    2.25827e-01    2.25890e-01    2.25963e-01    2.26028e-01    2.26079e-01    2.26184e-01    2.26398e-01    2.26554e-01    2.26597e-01    2.26593e-01    2.26499e-01    2.26366e-01    2.26156e-01    2.25955e-01
+075 ||    3.31144e-01    3.30875e-01    3.30658e-01    3.30545e-01    3.30506e-01    3.30616e-01    3.30731e-01    3.30857e-01    3.30961e-01    3.31021e-01    3.31079e-01    3.31136e-01    3.31189e-01    3.31238e-01    3.31272e-01    3.31279e-01    3.31413e-01    3.31802e-01    3.32084e-01    3.32153e-01    3.32141e-01    3.31968e-01    3.31750e-01    3.31440e-01    3.31144e-01
+090 ||    5.94837e-01    5.94390e-01    5.94032e-01    5.93852e-01    5.93784e-01    5.93942e-01    5.94160e-01    5.94500e-01    5.94813e-01    5.95069e-01    5.95336e-01    5.95626e-01    5.95836e-01    5.95884e-01    5.95872e-01    5.95740e-01    5.95845e-01    5.96426e-01    5.96819e-01    5.96834e-01    5.96718e-01    5.96338e-01    5.95902e-01    5.95353e-01    5.94837e-01
+105 ||    3.79161e-01    3.78906e-01    3.78704e-01    3.78606e-01    3.78563e-01    3.78630e-01    3.78770e-01    3.79053e-01    3.79327e-01    3.79579e-01    3.79849e-01    3.80153e-01    3.80356e-01    3.80355e-01    3.80293e-01    3.80108e-01    3.80085e-01    3.80387e-01    3.80570e-01    3.80512e-01    3.80381e-01    3.80103e-01    3.79805e-01    3.79469e-01    3.79161e-01
+120 ||    3.61808e-01    3.61683e-01    3.61585e-01    3.61543e-01    3.61530e-01    3.61577e-01    3.61648e-01    3.61766e-01    3.61920e-01    3.62148e-01    3.62370e-01    3.62581e-01    3.62698e-01    3.62625e-01    3.62537e-01    3.62419e-01    3.62412e-01    3.62628e-01    3.62745e-01    3.62666e-01    3.62539e-01    3.62320e-01    3.62120e-01    3.61958e-01    3.61808e-01
+135 ||    2.62588e-01    2.62588e-01    2.62591e-01    2.62599e-01    2.62611e-01    2.62632e-01    2.62636e-01    2.62603e-01    2.62633e-01    2.62788e-01    2.62921e-01    2.63013e-01    2.63038e-01    2.62930e-01    2.62844e-01    2.62803e-01    2.62809e-01    2.62910e-01    2.62951e-01    2.62874e-01    2.62782e-01    2.62659e-01    2.62578e-01    2.62584e-01    2.62588e-01
+150 ||    3.16788e-01    3.16547e-01    3.16382e-01    3.16373e-01    3.16394e-01    3.16476e-01    3.16549e-01    3.16607e-01    3.16708e-01    3.16893e-01    3.17065e-01    3.17210e-01    3.17290e-01    3.17241e-01    3.17231e-01    3.17299e-01    3.17352e-01    3.17379e-01    3.17395e-01    3.17391e-01    3.17352e-01    3.17244e-01    3.17122e-01    3.16970e-01    3.16788e-01
+165 ||    1.78663e-01    1.78384e-01    1.78192e-01    1.78176e-01    1.78192e-01    1.78271e-01    1.78354e-01    1.78445e-01    1.78540e-01    1.78644e-01    1.78747e-01    1.78848e-01    1.78923e-01    1.78943e-01    1.78992e-01    1.79099e-01    1.79156e-01    1.79114e-01    1.79102e-01    1.79152e-01    1.79173e-01    1.79137e-01    1.79054e-01    1.78875e-01    1.78663e-01
+180 ||    2.03101e-01    2.02762e-01    2.02622e-01    2.02880e-01    2.03088e-01    2.03197e-01    2.03293e-01    2.03362e-01    2.03453e-01    2.03592e-01    2.03795e-01    2.04127e-01    2.04383e-01    2.04486e-01    2.04588e-01    2.04684e-01    2.04636e-01    2.04297e-01    2.04074e-01    2.04080e-01    2.04044e-01    2.03924e-01    2.03739e-01    2.03424e-01    2.03101e-01
+195 ||    2.82259e-01    2.81759e-01    2.81668e-01    2.82394e-01    2.82936e-01    2.83113e-01    2.83247e-01    2.83296e-01    2.83402e-01    2.83622e-01    2.84021e-01    2.84776e-01    2.85364e-01    2.85617e-01    2.85820e-01    2.85924e-01    2.85707e-01    2.84848e-01    2.84256e-01    2.84195e-01    2.84063e-01    2.83786e-01    2.83405e-01    2.82818e-01    2.82259e-01
+210 ||    2.71413e-01    2.70824e-01    2.70654e-01    2.71322e-01    2.71832e-01    2.72027e-01    2.72152e-01    2.72138e-01    2.72156e-01    2.72241e-01    2.72456e-01    2.72930e-01    2.73360e-01    2.73703e-01    2.73950e-01    2.74003e-01    2.73753e-01    2.72898e-01    2.72332e-01    2.72345e-01    2.72370e-01    2.72417e-01    2.72309e-01    2.71889e-01    2.71413e-01
+225 ||    1.98619e-01    1.98118e-01    1.97941e-01    1.98410e-01    1.98775e-01    1.98934e-01    1.99023e-01    1.98974e-01    1.98935e-01    1.98918e-01    1.98969e-01    1.99158e-01    1.99389e-01    1.99704e-01    1.99917e-01    1.99927e-01    1.99720e-01    1.99076e-01    1.98666e-01    1.98721e-01    1.98835e-01    1.99067e-01    1.99148e-01    1.98931e-01    1.98619e-01
+240 ||    2.49051e-01    2.48637e-01    2.48472e-01    2.48802e-01    2.49088e-01    2.49286e-01    2.49414e-01    2.49401e-01    2.49378e-01    2.49336e-01    2.49354e-01    2.49490e-01    2.49690e-01    2.50019e-01    2.50259e-01    2.50323e-01    2.50196e-01    2.49686e-01    2.49336e-01    2.49302e-01    2.49325e-01    2.49461e-01    2.49491e-01    2.49310e-01    2.49051e-01
+255 ||    1.23175e-01    1.23070e-01    1.23015e-01    1.23058e-01    1.23120e-01    1.23217e-01    1.23288e-01    1.23304e-01    1.23304e-01    1.23275e-01    1.23262e-01    1.23282e-01    1.23340e-01    1.23471e-01    1.23578e-01    1.23633e-01    1.23632e-01    1.23518e-01    1.23421e-01    1.23356e-01    1.23312e-01    1.23307e-01    1.23289e-01    1.23241e-01    1.23175e-01
+270 ||    9.87943e-02    9.87164e-02    9.86784e-02    9.87203e-02    9.87696e-02    9.88339e-02    9.88845e-02    9.89074e-02    9.89162e-02    9.88969e-02    9.88948e-02    9.89274e-02    9.89681e-02    9.90250e-02    9.90799e-02    9.91311e-02    9.91557e-02    9.91273e-02    9.90902e-02    9.90360e-02    9.89911e-02    9.89647e-02    9.89260e-02    9.88626e-02    9.87943e-02
+285 ||    1.55084e-01    1.54972e-01    1.54923e-01    1.54999e-01    1.55077e-01    1.55155e-01    1.55225e-01    1.55278e-01    1.55305e-01    1.55281e-01    1.55292e-01    1.55369e-01    1.55424e-01    1.55435e-01    1.55473e-01    1.55564e-01    1.55643e-01    1.55699e-01    1.55707e-01    1.55618e-01    1.55533e-01    1.55455e-01    1.55356e-01    1.55215e-01    1.55084e-01
+300 ||    3.07883e-01    3.07560e-01    3.07395e-01    3.07542e-01    3.07685e-01    3.07818e-01    3.07966e-01    3.08148e-01    3.08275e-01    3.08293e-01    3.08374e-01    3.08579e-01    3.08718e-01    3.08723e-01    3.08793e-01    3.08992e-01    3.09134e-01    3.09162e-01    3.09125e-01    3.08959e-01    3.08791e-01    3.08622e-01    3.08423e-01    3.08163e-01    3.07883e-01
+315 ||    1.42445e-01    1.42247e-01    1.42137e-01    1.42203e-01    1.42264e-01    1.42313e-01    1.42387e-01    1.42509e-01    1.42603e-01    1.42644e-01    1.42711e-01    1.42832e-01    1.42910e-01    1.42904e-01    1.42934e-01    1.43036e-01    1.43094e-01    1.43065e-01    1.43022e-01    1.42950e-01    1.42874e-01    1.42789e-01    1.42695e-01    1.42584e-01    1.42445e-01
+330 ||    1.69101e-01    1.68869e-01    1.68738e-01    1.68811e-01    1.68882e-01    1.68952e-01    1.69036e-01    1.69151e-01    1.69244e-01    1.69296e-01    1.69361e-01    1.69454e-01    1.69522e-01    1.69541e-01    1.69606e-01    1.69766e-01    1.69861e-01    1.69826e-01    1.69772e-01    1.69682e-01    1.69598e-01    1.69527e-01    1.69430e-01    1.69279e-01    1.69101e-01
+345 ||    1.66229e-01    1.66003e-01    1.65874e-01    1.65939e-01    1.66009e-01    1.66088e-01    1.66168e-01    1.66250e-01    1.66323e-01    1.66378e-01    1.66428e-01    1.66469e-01    1.66511e-01    1.66555e-01    1.66650e-01    1.66846e-01    1.66965e-01    1.66929e-01    1.66874e-01    1.66780e-01    1.66705e-01    1.66665e-01    1.66583e-01    1.66416e-01    1.66229e-01
+360 ||    2.14111e-01    2.13828e-01    2.13640e-01    2.13643e-01    2.13678e-01    2.13777e-01    2.13870e-01    2.13954e-01    2.14061e-01    2.14216e-01    2.14349e-01    2.14439e-01    2.14533e-01    2.14634e-01    2.14755e-01    2.14913e-01    2.15014e-01    2.14998e-01    2.14955e-01    2.14859e-01    2.14773e-01    2.14709e-01    2.14590e-01    2.14359e-01    2.14111e-01
##########################################################################################
### MCD_v6.1 with Martian Year 34 scenario.
### Latitude 83.8N. Longitude 235.0E. Altitude 0.0 m ALS.
### --------------------------------------------------------------------------------------
### Column 1 is Areocentric longitude (degrees)
### Columns 2+ are Water ice column (kg/m2)
### Line 1 is Local time (Martian hour)
### --------------------------------------------------------------------------------------
### Retrieved on: 2024-06-08T03:56:25.981961
### Mars Climate Database (c) LMD/OU/IAA/ESA/CNES
##########################################################################################
---- ||    0.00000e+00    1.00000e+00    2.00000e+00    3.00000e+00    4.00000e+00    5.00000e+00    6.00000e+00    7.00000e+00    8.00000e+00    9.00000e+00    1.00000e+01    1.10000e+01    1.20000e+01    1.30000e+01    1.40000e+01    1.50000e+01    1.60000e+01    1.70000e+01    1.80000e+01    1.90000e+01    2.00000e+01    2.10000e+01    2.20000e+01    2.30000e+01    2.40000e+01
-----------------------------------
+000 ||    3.39273e-03    3.37780e-03    3.36683e-03    3.36378e-03    3.36338e-03    3.36824e-03    3.37441e-03    3.38318e-03    3.39532e-03    3.41420e-03    3.43869e-03    3.47439e-03    3.50672e-03    3.53232e-03    3.55212e-03    3.56029e-03    3.55477e-03    3.52189e-03    3.49268e-03    3.47083e-03    3.45056e-03    3.43344e-03    3.41797e-03    3.40581e-03    3.39273e-03
+015 ||    3.48674e-03    3.47037e-03    3.45509e-03    3.44197e-03    3.43029e-03    3.42147e-03    3.41587e-03    3.41670e-03    3.42282e-03    3.43951e-03    3.45855e-03    3.48229e-03    3.50756e-03    3.53588e-03    3.55898e-03    3.57166e-03    3.57416e-03    3.55628e-03    3.54198e-03    3.53484e-03    3.52648e-03    3.51566e-03    3.50574e-03    3.49761e-03    3.48674e-03
+030 ||    6.14252e-03    6.15944e-03    6.17528e-03    6.18893e-03    6.19422e-03    6.18277e-03    6.16820e-03    6.14739e-03    6.12720e-03    6.10826e-03    6.09608e-03    6.09742e-03    6.10646e-03    6.13086e-03    6.15165e-03    6.16523e-03    6.16479e-03    6.13628e-03    6.11360e-03    6.10257e-03    6.09513e-03    6.09489e-03    6.10174e-03    6.12282e-03    6.14252e-03
+045 ||    8.82514e-03    8.87651e-03    8.92447e-03    8.96558e-03    8.98823e-03    8.97392e-03    8.95000e-03    8.90684e-03    8.85964e-03    8.80434e-03    8.76035e-03    8.73892e-03    8.73129e-03    8.75125e-03    8.76920e-03    8.78314e-03    8.77907e-03    8.73893e-03    8.70727e-03    8.69256e-03    8.68647e-03    8.69764e-03    8.72224e-03    8.77370e-03    8.82514e-03
+060 ||    1.73520e-02    1.76717e-02    1.79875e-02    1.82953e-02    1.85563e-02    1.87239e-02    1.88055e-02    1.87153e-02    1.85632e-02    1.82874e-02    1.79546e-02    1.75075e-02    1.70457e-02    1.65542e-02    1.61391e-02    1.58763e-02    1.56973e-02    1.56861e-02    1.57121e-02    1.58130e-02    1.59785e-02    1.62735e-02    1.65994e-02    1.69869e-02    1.73520e-02
+075 ||    2.51629e-02    2.57390e-02    2.63122e-02    2.68789e-02    2.73711e-02    2.77140e-02    2.78981e-02    2.77647e-02    2.75166e-02    2.70391e-02    2.64358e-02    2.55800e-02    2.46818e-02    2.36980e-02    2.28668e-02    2.23405e-02    2.19954e-02    2.20123e-02    2.20917e-02    2.22963e-02    2.26208e-02    2.31850e-02    2.37961e-02    2.45008e-02    2.51629e-02
+090 ||    1.57078e-02    1.61716e-02    1.66313e-02    1.70830e-02    1.74730e-02    1.77398e-02    1.78894e-02    1.78045e-02    1.76097e-02    1.71952e-02    1.66922e-02    1.60120e-02    1.53298e-02    1.46431e-02    1.40600e-02    1.36841e-02    1.34397e-02    1.34583e-02    1.35100e-02    1.36281e-02    1.38327e-02    1.42106e-02    1.46443e-02    1.51896e-02    1.57078e-02
+105 ||    6.27868e-03    6.62413e-03    6.96597e-03    7.30026e-03    7.58608e-03    7.77490e-03    7.88691e-03    7.84524e-03    7.70040e-03    7.34926e-03    6.94787e-03    6.44591e-03    5.98419e-03    5.60285e-03    5.27433e-03    5.05126e-03    4.91023e-03    4.93319e-03    4.95996e-03    4.99434e-03    5.08206e-03    5.27652e-03    5.53235e-03    5.91102e-03    6.27868e-03
+120 ||    7.16949e-03    7.51900e-03    7.84057e-03    8.10606e-03    8.30968e-03    8.38946e-03    8.42165e-03    8.35865e-03    8.23800e-03    8.00211e-03    7.73754e-03    7.41555e-03    7.09724e-03    6.78624e-03    6.50859e-03    6.29750e-03    6.11501e-03    5.98964e-03    5.92204e-03    5.96994e-03    6.06721e-03    6.26325e-03    6.50376e-03    6.83327e-03    7.16949e-03
+135 ||    8.23418e-03    8.59895e-03    8.90936e-03    9.11092e-03    9.23583e-03    9.20739e-03    9.16005e-03    9.07496e-03    8.97492e-03    8.84499e-03    8.70799e-03    8.55680e-03    8.37172e-03    8.11886e-03    7.88195e-03    7.67697e-03    7.44880e-03    7.17427e-03    7.01264e-03    7.07672e-03    7.18690e-03    7.38929e-03    7.62228e-03    7.91645e-03    8.23418e-03
+150 ||    1.38402e-02    1.40418e-02    1.42015e-02    1.42774e-02    1.43128e-02    1.42673e-02    1.42279e-02    1.42012e-02    1.41508e-02    1.40531e-02    1.39152e-02    1.36967e-02    1.34794e-02    1.32645e-02    1.30800e-02    1.29559e-02    1.28541e-02    1.27968e-02    1.28102e-02    1.29652e-02    1.31234e-02    1.32880e-02    1.34603e-02    1.36480e-02    1.38402e-02
+165 ||    2.00604e-02    2.00999e-02    2.01092e-02    2.00581e-02    2.00011e-02    1.99321e-02    1.98961e-02    1.99261e-02    1.99231e-02    1.98543e-02    1.97103e-02    1.94162e-02    1.91600e-02    1.89798e-02    1.88461e-02    1.88053e-02    1.88334e-02    1.89992e-02    1.91952e-02    1.94520e-02    1.96671e-02    1.97987e-02    1.99133e-02    1.99937e-02    2.00604e-02
+180 ||    1.12361e-02    1.12373e-02    1.12257e-02    1.11883e-02    1.11524e-02    1.11193e-02    1.11038e-02    1.11234e-02    1.11272e-02    1.10994e-02    1.10338e-02    1.08927e-02    1.07711e-02    1.06886e-02    1.06304e-02    1.06210e-02    1.06548e-02    1.07753e-02    1.08927e-02    1.10042e-02    1.10968e-02    1.11515e-02    1.11960e-02    1.12198e-02    1.12361e-02
+195 ||    2.38349e-03    2.34378e-03    2.30918e-03    2.28484e-03    2.27015e-03    2.27481e-03    2.28112e-03    2.29075e-03    2.30194e-03    2.31627e-03    2.33092e-03    2.34624e-03    2.36222e-03    2.37950e-03    2.39851e-03    2.42101e-03    2.46183e-03    2.53926e-03    2.57807e-03    2.53975e-03    2.50591e-03    2.48102e-03    2.45314e-03    2.41930e-03    2.38349e-03
+210 ||    2.66401e-03    2.63391e-03    2.61301e-03    2.61052e-03    2.61174e-03    2.62042e-03    2.62834e-03    2.63473e-03    2.64305e-03    2.65521e-03    2.66961e-03    2.68847e-03    2.70820e-03    2.72967e-03    2.74882e-03    2.76329e-03    2.78492e-03    2.82086e-03    2.83600e-03    2.80962e-03    2.78418e-03    2.76062e-03    2.73311e-03    2.69767e-03    2.66401e-03
+225 ||    2.91652e-03    2.89722e-03    2.89102e-03    2.91105e-03    2.92866e-03    2.94142e-03    2.95098e-03    2.95411e-03    2.95953e-03    2.96951e-03    2.98347e-03    3.00538e-03    3.02828e-03    3.05317e-03    3.07170e-03    3.07753e-03    3.07894e-03    3.07152e-03    3.06199e-03    3.04825e-03    3.03191e-03    3.01038e-03    2.98385e-03    2.94732e-03    2.91652e-03
+240 ||    2.10332e-03    2.09095e-03    2.08661e-03    2.09834e-03    2.10868e-03    2.11625e-03    2.12156e-03    2.12234e-03    2.12442e-03    2.12907e-03    2.13636e-03    2.14893e-03    2.16233e-03    2.17739e-03    2.18831e-03    2.19093e-03    2.19414e-03    2.19852e-03    2.19816e-03    2.18831e-03    2.17701e-03    2.16281e-03    2.14569e-03    2.12274e-03    2.10332e-03
+255 ||    1.24342e-03    1.23833e-03    1.23603e-03    1.23929e-03    1.24222e-03    1.24450e-03    1.24547e-03    1.24386e-03    1.24248e-03    1.24159e-03    1.24194e-03    1.24481e-03    1.24837e-03    1.25332e-03    1.25644e-03    1.25589e-03    1.26089e-03    1.27699e-03    1.28580e-03    1.28005e-03    1.27399e-03    1.26733e-03    1.25992e-03    1.25104e-03    1.24342e-03
+270 ||    7.87714e-04    7.84641e-04    7.83255e-04    7.85240e-04    7.87131e-04    7.88833e-04    7.89831e-04    7.89421e-04    7.88975e-04    7.88460e-04    7.88627e-04    7.90160e-04    7.92234e-04    7.95393e-04    7.97627e-04    7.98010e-04    8.01086e-04    8.09545e-04    8.13988e-04    8.10399e-04    8.06602e-04    8.02387e-04    7.97771e-04    7.92352e-04    7.87714e-04
+285 ||    3.22279e-04    3.21267e-04    3.20829e-04    3.21537e-04    3.22380e-04    3.23493e-04    3.24495e-04    3.25278e-04    3.25750e-04    3.25600e-04    3.25562e-04    3.25746e-04    3.26322e-04    3.27681e-04    3.29030e-04    3.30357e-04    3.31484e-04    3.32209e-04    3.32228e-04    3.30837e-04    3.29330e-04    3.27593e-04    3.25798e-04    3.23889e-04    3.22279e-04
+300 ||    4.50144e-04    4.48945e-04    4.48865e-04    4.51022e-04    4.53386e-04    4.56163e-04    4.59325e-04    4.63254e-04    4.67722e-04    4.73269e-04    4.78897e-04    4.84687e-04    4.89118e-04    4.90831e-04    4.91582e-04    4.90406e-04    4.85907e-04    4.74764e-04    4.66235e-04    4.62931e-04    4.59836e-04    4.57158e-04    4.54569e-04    4.52153e-04    4.50144e-04
+315 ||    5.82131e-04    5.80724e-04    5.80993e-04    5.84615e-04    5.88519e-04    5.92987e-04    5.98346e-04    6.05487e-04    6.14037e-04    6.25404e-04    6.36823e-04    6.48341e-04    6.56711e-04    6.58785e-04    6.58920e-04    6.55174e-04    6.44935e-04    6.21710e-04    6.04476e-04    5.99223e-04    5.94512e-04    5.90884e-04    5.87489e-04    5.84556e-04    5.82131e-04
+330 ||    2.42225e-03    2.41491e-03    2.41132e-03    2.41519e-03    2.42006e-03    2.42693e-03    2.43494e-03    2.44523e-03    2.45688e-03    2.47129e-03    2.48672e-03    2.50420e-03    2.51996e-03    2.53228e-03    2.54295e-03    2.55035e-03    2.54477e-03    2.51322e-03    2.48874e-03    2.47840e-03    2.46724e-03    2.45446e-03    2.44240e-03    2.43178e-03    2.42225e-03
+345 ||    4.29650e-03    4.28316e-03    4.27566e-03    4.27985e-03    4.28576e-03    4.29513e-03    4.30590e-03    4.31946e-03    4.33437e-03    4.35194e-03    4.37153e-03    4.39514e-03    4.41844e-03    4.44112e-03    4.46246e-03    4.48112e-03    4.48016e-03    4.43996e-03    4.40796e-03    4.39238e-03    4.37463e-03    4.35251e-03    4.33162e-03    4.31322e-03    4.29650e-03
+360 ||    5.17093e-03    5.16351e-03    5.15873e-03    5.15924e-03    5.15920e-03    5.15806e-03    5.15837e-03    5.16158e-03    5.17050e-03    5.19084e-03    5.21338e-03    5.24033e-03    5.26732e-03    5.29441e-03    5.31654e-03    5.32876e-03    5.32476e-03    5.28832e-03    5.25889e-03    5.24348e-03    5.22722e-03    5.20928e-03    5.19333e-03    5.18137e-03    5.17093e-03
##########################################################################################
### MCD_v6.1 with Martian Year 34 scenario.
### Latitude 83.8N. Longitude 235.0E. Altitude 0.0 m ALS.
### --------------------------------------------------------------------------------------
### Column 1 is Areocentric longitude (degrees)
### Columns 2+ are Surface pressure (Pa)
### Line 1 is Local time (Martian hour)
### --------------------------------------------------------------------------------------
### Retrieved on: 2024-06-08T03:56:25.982518
### Mars Climate Database (c) LMD/OU/IAA/ESA/CNES
##########################################################################################
---- ||    0.00000e+00    1.00000e+00    2.00000e+00    3.00000e+00    4.00000e+00    5.00000e+00    6.00000e+00    7.00000e+00    8.00000e+00    9.00000e+00    1.00000e+01    1.10000e+01    1.20000e+01    1.30000e+01    1.40000e+01    1.50000e+01    1.60000e+01    1.70000e+01    1.80000e+01    1.90000e+01    2.00000e+01    2.10000e+01    2.20000e+01    2.30000e+01    2.40000e+01
-----------------------------------
+000 ||    8.16910e+02    8.15710e+02    8.14868e+02    8.14739e+02    8.14687e+02    8.14786e+02    8.14992e+02    8.15410e+02    8.15983e+02    8.16867e+02    8.17806e+02    8.18855e+02    8.19735e+02    8.20278e+02    8.20846e+02    8.21468e+02    8.21656e+02    8.20979e+02    8.20457e+02    8.20244e+02    8.19931e+02    8.19420e+02    8.18785e+02    8.17900e+02    8.16910e+02
+015 ||    8.36159e+02    8.34981e+02    8.34029e+02    8.33529e+02    8.33237e+02    8.33362e+02    8.33549e+02    8.33859e+02    8.34429e+02    8.35521e+02    8.36565e+02    8.37512e+02    8.38396e+02    8.39154e+02    8.39888e+02    8.40575e+02    8.40785e+02    8.40039e+02    8.39552e+02    8.39581e+02    8.39477e+02    8.39107e+02    8.38476e+02    8.37321e+02    8.36159e+02
+030 ||    8.72831e+02    8.71869e+02    8.71065e+02    8.70577e+02    8.70276e+02    8.70352e+02    8.70440e+02    8.70549e+02    8.70887e+02    8.71679e+02    8.72419e+02    8.73057e+02    8.73686e+02    8.74295e+02    8.74880e+02    8.75418e+02    8.75757e+02    8.75698e+02    8.75687e+02    8.75775e+02    8.75721e+02    8.75385e+02    8.74825e+02    8.73821e+02    8.72831e+02
+045 ||    9.07913e+02    9.07172e+02    9.06520e+02    9.06044e+02    9.05735e+02    9.05761e+02    9.05748e+02    9.05656e+02    9.05757e+02    9.06245e+02    9.06678e+02    9.07003e+02    9.07373e+02    9.07832e+02    9.08266e+02    9.08653e+02    9.09122e+02    9.09756e+02    9.10227e+02    9.10373e+02    9.10370e+02    9.10066e+02    9.09580e+02    9.08727e+02    9.07913e+02
+060 ||    9.01288e+02    9.00563e+02    8.99951e+02    8.99565e+02    8.99361e+02    8.99521e+02    8.99665e+02    8.99776e+02    8.99955e+02    9.00266e+02    9.00550e+02    9.00777e+02    9.01026e+02    9.01316e+02    9.01577e+02    9.01779e+02    9.02199e+02    9.03052e+02    9.03677e+02    9.03846e+02    9.03832e+02    9.03454e+02    9.02924e+02    9.02087e+02    9.01288e+02
+075 ||    8.76455e+02    8.75743e+02    8.75169e+02    8.74868e+02    8.74765e+02    8.75056e+02    8.75362e+02    8.75695e+02    8.75970e+02    8.76128e+02    8.76284e+02    8.76432e+02    8.76575e+02    8.76703e+02    8.76794e+02    8.76812e+02    8.77167e+02    8.78196e+02    8.78943e+02    8.79125e+02    8.79094e+02    8.78636e+02    8.78058e+02    8.77238e+02    8.76455e+02
+090 ||    8.41919e+02    8.41286e+02    8.40779e+02    8.40524e+02    8.40428e+02    8.40651e+02    8.40961e+02    8.41442e+02    8.41884e+02    8.42247e+02    8.42625e+02    8.43036e+02    8.43332e+02    8.43401e+02    8.43384e+02    8.43196e+02    8.43346e+02    8.44168e+02    8.44724e+02    8.44746e+02    8.44581e+02    8.44044e+02    8.43426e+02    8.42648e+02    8.41919e+02
+105 ||    8.00121e+02    7.99584e+02    7.99157e+02    7.98951e+02    7.98860e+02    7.99002e+02    7.99296e+02    7.99894e+02    8.00471e+02    8.01004e+02    8.01573e+02    8.02215e+02    8.02643e+02    8.02642e+02    8.02510e+02    8.02120e+02    8.02072e+02    8.02709e+02    8.03094e+02    8.02973e+02    8.02696e+02    8.02109e+02    8.01480e+02    8.00772e+02    8.00121e+02
+120 ||    7.66331e+02    7.66066e+02    7.65858e+02    7.65768e+02    7.65741e+02    7.65841e+02    7.65991e+02    7.66241e+02    7.66568e+02    7.67050e+02    7.67520e+02    7.67967e+02    7.68214e+02    7.68060e+02    7.67875e+02    7.67624e+02    7.67609e+02    7.68066e+02    7.68315e+02    7.68146e+02    7.67879e+02    7.67414e+02    7.66990e+02    7.66647e+02    7.66331e+02
+135 ||    7.44825e+02    7.44826e+02    7.44834e+02    7.44856e+02    7.44891e+02    7.44952e+02    7.44961e+02    7.44868e+02    7.44953e+02    7.45392e+02    7.45772e+02    7.46031e+02    7.46102e+02    7.45795e+02    7.45552e+02    7.45437e+02    7.45454e+02    7.45739e+02    7.45856e+02    7.45638e+02    7.45376e+02    7.45026e+02    7.44798e+02    7.44814e+02    7.44825e+02
+150 ||    7.23841e+02    7.23289e+02    7.22913e+02    7.22892e+02    7.22940e+02    7.23126e+02    7.23295e+02    7.23427e+02    7.23656e+02    7.24081e+02    7.24474e+02    7.24804e+02    7.24987e+02    7.24875e+02    7.24853e+02    7.25007e+02    7.25130e+02    7.25190e+02    7.25227e+02    7.25217e+02    7.25128e+02    7.24883e+02    7.24604e+02    7.24257e+02    7.23841e+02
+165 ||    7.18667e+02    7.17545e+02    7.16776e+02    7.16711e+02    7.16774e+02    7.17093e+02    7.17426e+02    7.17790e+02    7.18172e+02    7.18592e+02    7.19008e+02    7.19414e+02    7.19713e+02    7.19795e+02    7.19993e+02    7.20422e+02    7.20652e+02    7.20481e+02    7.20434e+02    7.20634e+02    7.20719e+02    7.20576e+02    7.20241e+02    7.19521e+02    7.18667e+02
+180 ||    7.33541e+02    7.32316e+02    7.31810e+02    7.32740e+02    7.33492e+02    7.33887e+02    7.34234e+02    7.34480e+02    7.34811e+02    7.35312e+02    7.36045e+02    7.37244e+02    7.38169e+02    7.38542e+02    7.38908e+02    7.39258e+02    7.39084e+02    7.37860e+02    7.37052e+02    7.37075e+02    7.36945e+02    7.36511e+02    7.35843e+02    7.34706e+02    7.33541e+02
+195 ||    7.62489e+02    7.61138e+02    7.60892e+02    7.62852e+02    7.64318e+02    7.64795e+02    7.65156e+02    7.65289e+02    7.65575e+02    7.66170e+02    7.67247e+02    7.69288e+02    7.70875e+02    7.71558e+02    7.72107e+02    7.72388e+02    7.71802e+02    7.69483e+02    7.67883e+02    7.67719e+02    7.67360e+02    7.66612e+02    7.65584e+02    7.63997e+02    7.62489e+02
+210 ||    8.28615e+02    8.26817e+02    8.26298e+02    8.28337e+02    8.29895e+02    8.30490e+02    8.30872e+02    8.30828e+02    8.30886e+02    8.31145e+02    8.31800e+02    8.33247e+02    8.34560e+02    8.35608e+02    8.36360e+02    8.36522e+02    8.35760e+02    8.33148e+02    8.31421e+02    8.31462e+02    8.31538e+02    8.31682e+02    8.31351e+02    8.30069e+02    8.28615e+02
+225 ||    8.94740e+02    8.92482e+02    8.91682e+02    8.93795e+02    8.95442e+02    8.96156e+02    8.96559e+02    8.96338e+02    8.96164e+02    8.96085e+02    8.96316e+02    8.97166e+02    8.98206e+02    8.99626e+02    9.00587e+02    9.00632e+02    8.99696e+02    8.96798e+02    8.94949e+02    8.95197e+02    8.95711e+02    8.96754e+02    8.97123e+02    8.96144e+02    8.94740e+02
+240 ||    9.32931e+02    9.31382e+02    9.30762e+02    9.32000e+02    9.33072e+02    9.33814e+02    9.34292e+02    9.34241e+02    9.34156e+02    9.34001e+02    9.34067e+02    9.34576e+02    9.35326e+02    9.36557e+02    9.37457e+02    9.37697e+02    9.37220e+02    9.35312e+02    9.33998e+02    9.33871e+02    9.33956e+02    9.34466e+02    9.34579e+02    9.33900e+02    9.32931e+02
+255 ||    9.51051e+02    9.50242e+02    9.49814e+02    9.50151e+02    9.50626e+02    9.51379e+02    9.51922e+02    9.52044e+02    9.52049e+02    9.51821e+02    9.51722e+02    9.51879e+02    9.52323e+02    9.53339e+02    9.54160e+02    9.54588e+02    9.54581e+02    9.53702e+02    9.52950e+02    9.52451e+02    9.52108e+02    9.52074e+02    9.51929e+02    9.51564e+02    9.51051e+02
+270 ||    9.44669e+02    9.43924e+02    9.43561e+02    9.43961e+02    9.44432e+02    9.45047e+02    9.45531e+02    9.45750e+02    9.45834e+02    9.45649e+02    9.45630e+02    9.45942e+02    9.46331e+02    9.46874e+02    9.47400e+02    9.47889e+02    9.48124e+02    9.47852e+02    9.47498e+02    9.46980e+02    9.46550e+02    9.46298e+02    9.45927e+02    9.45321e+02    9.44669e+02
+285 ||    9.25256e+02    9.24586e+02    9.24292e+02    9.24749e+02    9.25211e+02    9.25680e+02    9.26097e+02    9.26411e+02    9.26573e+02    9.26433e+02    9.26493e+02    9.26955e+02    9.27284e+02    9.27349e+02    9.27573e+02    9.28116e+02    9.28590e+02    9.28926e+02    9.28974e+02    9.28442e+02    9.27933e+02    9.27467e+02    9.26876e+02    9.26039e+02    9.25256e+02
+300 ||    9.00993e+02    9.00050e+02    8.99565e+02    8.99998e+02    9.00415e+02    9.00803e+02    9.01238e+02    9.01768e+02    9.02140e+02    9.02194e+02    9.02431e+02    9.03033e+02    9.03438e+02    9.03453e+02    9.03656e+02    9.04240e+02    9.04656e+02    9.04737e+02    9.04628e+02    9.04142e+02    9.03653e+02    9.03158e+02    9.02574e+02    9.01815e+02    9.00993e+02
+315 ||    8.80627e+02    8.79403e+02    8.78724e+02    8.79133e+02    8.79509e+02    8.79815e+02    8.80270e+02    8.81023e+02    8.81608e+02    8.81859e+02    8.82275e+02    8.83021e+02    8.83506e+02    8.83469e+02    8.83654e+02    8.84281e+02    8.84640e+02    8.84462e+02    8.84196e+02    8.83753e+02    8.83281e+02    8.82755e+02    8.82176e+02    8.81492e+02    8.80627e+02
+330 ||    8.71014e+02    8.69817e+02    8.69143e+02    8.69517e+02    8.69886e+02    8.70244e+02    8.70679e+02    8.71268e+02    8.71749e+02    8.72017e+02    8.72354e+02    8.72833e+02    8.73184e+02    8.73279e+02    8.73616e+02    8.74439e+02    8.74927e+02    8.74745e+02    8.74470e+02    8.74005e+02    8.73573e+02    8.73208e+02    8.72706e+02    8.71930e+02    8.71014e+02
+345 ||    8.68784e+02    8.67602e+02    8.66928e+02    8.67269e+02    8.67635e+02    8.68048e+02    8.68467e+02    8.68896e+02    8.69277e+02    8.69563e+02    8.69825e+02    8.70039e+02    8.70258e+02    8.70487e+02    8.70982e+02    8.72008e+02    8.72629e+02    8.72442e+02    8.72154e+02    8.71664e+02    8.71269e+02    8.71062e+02    8.70633e+02    8.69760e+02    8.68784e+02
+360 ||    8.40112e+02    8.39002e+02    8.38266e+02    8.38278e+02    8.38415e+02    8.38801e+02    8.39168e+02    8.39495e+02    8.39916e+02    8.40523e+02    8.41047e+02    8.41401e+02    8.41769e+02    8.42166e+02    8.42638e+02    8.43261e+02    8.43655e+02    8.43592e+02    8.43424e+02    8.43046e+02    8.42710e+02    8.42460e+02    8.41991e+02    8.41086e+02    8.40112e+02
##########################################################################################
### MCD_v6.1 with Martian Year 34 scenario.
### Latitude 83.8N. Longitude 235.0E. Altitude 0.0 m ALS.
### --------------------------------------------------------------------------------------
### Column 1 is Areocentric longitude (degrees)
### Columns 2+ are Surface temperature (K)
### Line 1 is Local time (Martian hour)
### --------------------------------------------------------------------------------------
### Retrieved on: 2024-06-08T03:56:25.983073
### Mars Climate Database (c) LMD/OU/IAA/ESA/CNES
##########################################################################################
---- ||    0.00000e+00    1.00000e+00    2.00000e+00    3.00000e+00    4.00000e+00    5.00000e+00    6.00000e+00    7.00000e+00    8.00000e+00    9.00000e+00    1.00000e+01    1.10000e+01    1.20000e+01    1.30000e+01    1.40000e+01    1.50000e+01    1.60000e+01    1.70000e+01    1.80000e+01    1.90000e+01    2.00000e+01    2.10000e+01    2.20000e+01    2.30000e+01    2.40000e+01
-----------------------------------
+000 ||    1.49499e+02    1.49487e+02    1.49477e+02    1.49474e+02    1.49472e+02    1.49472e+02    1.49474e+02    1.49481e+02    1.49491e+02    1.49505e+02    1.49519e+02    1.49535e+02    1.49548e+02    1.49556e+02    1.49563e+02    1.49569e+02    1.49569e+02    1.49556e+02    1.49546e+02    1.49541e+02    1.49536e+02    1.49529e+02    1.49521e+02    1.49510e+02    1.49499e+02
+015 ||    1.49784e+02    1.49768e+02    1.49755e+02    1.49746e+02    1.49740e+02    1.49740e+02    1.49742e+02    1.49750e+02    1.49761e+02    1.49779e+02    1.49797e+02    1.49813e+02    1.49828e+02    1.49839e+02    1.49849e+02    1.49856e+02    1.49857e+02    1.49847e+02    1.49839e+02    1.49836e+02    1.49831e+02    1.49824e+02    1.49813e+02    1.49799e+02    1.49784e+02
+030 ||    1.50130e+02    1.50117e+02    1.50106e+02    1.50098e+02    1.50093e+02    1.50093e+02    1.50095e+02    1.50099e+02    1.50106e+02    1.50120e+02    1.50133e+02    1.50145e+02    1.50156e+02    1.50165e+02    1.50173e+02    1.50179e+02    1.50183e+02    1.50180e+02    1.50178e+02    1.50176e+02    1.50172e+02    1.50165e+02    1.50156e+02    1.50143e+02    1.50130e+02
+045 ||    1.50476e+02    1.50466e+02    1.50457e+02    1.50451e+02    1.50446e+02    1.50446e+02    1.50447e+02    1.50448e+02    1.50452e+02    1.50460e+02    1.50469e+02    1.50476e+02    1.50483e+02    1.50491e+02    1.50497e+02    1.50503e+02    1.50508e+02    1.50514e+02    1.50517e+02    1.50515e+02    1.50512e+02    1.50506e+02    1.50498e+02    1.50487e+02    1.50476e+02
+060 ||    1.57456e+02    1.57411e+02    1.57386e+02    1.57401e+02    1.57434e+02    1.57506e+02    1.57593e+02    1.57714e+02    1.57841e+02    1.57980e+02    1.58119e+02    1.58260e+02    1.58386e+02    1.58484e+02    1.58564e+02    1.58606e+02    1.58537e+02    1.58244e+02    1.58019e+02    1.57929e+02    1.57833e+02    1.57725e+02    1.57623e+02    1.57532e+02    1.57456e+02
+075 ||    1.64437e+02    1.64356e+02    1.64314e+02    1.64351e+02    1.64422e+02    1.64565e+02    1.64740e+02    1.64980e+02    1.65230e+02    1.65500e+02    1.65770e+02    1.66043e+02    1.66289e+02    1.66478e+02    1.66630e+02    1.66710e+02    1.66566e+02    1.65974e+02    1.65521e+02    1.65342e+02    1.65153e+02    1.64944e+02    1.64747e+02    1.64577e+02    1.64437e+02
+090 ||    1.90737e+02    1.90501e+02    1.90365e+02    1.90430e+02    1.90590e+02    1.90941e+02    1.91362e+02    1.91924e+02    1.92505e+02    1.93123e+02    1.93712e+02    1.94243e+02    1.94693e+02    1.94980e+02    1.95169e+02    1.95159e+02    1.94962e+02    1.94388e+02    1.93831e+02    1.93307e+02    1.92762e+02    1.92175e+02    1.91623e+02    1.91139e+02    1.90737e+02
+105 ||    2.17038e+02    2.16646e+02    2.16416e+02    2.16510e+02    2.16758e+02    2.17317e+02    2.17984e+02    2.18868e+02    2.19780e+02    2.20747e+02    2.21655e+02    2.22443e+02    2.23097e+02    2.23483e+02    2.23708e+02    2.23609e+02    2.23357e+02    2.22802e+02    2.22142e+02    2.21273e+02    2.20372e+02    2.19407e+02    2.18498e+02    2.17700e+02    2.17038e+02
+120 ||    2.13305e+02    2.12900e+02    2.12655e+02    2.12731e+02    2.12961e+02    2.13497e+02    2.14147e+02    2.15025e+02    2.15938e+02    2.16920e+02    2.17847e+02    2.18661e+02    2.19338e+02    2.19742e+02    2.19979e+02    2.19880e+02    2.19632e+02    2.19085e+02    2.18426e+02    2.17540e+02    2.16629e+02    2.15664e+02    2.14757e+02    2.13967e+02    2.13305e+02
+135 ||    2.09572e+02    2.09154e+02    2.08895e+02    2.08953e+02    2.09163e+02    2.09677e+02    2.10310e+02    2.11182e+02    2.12096e+02    2.13094e+02    2.14039e+02    2.14878e+02    2.15579e+02    2.16001e+02    2.16250e+02    2.16152e+02    2.15907e+02    2.15369e+02    2.14710e+02    2.13808e+02    2.12886e+02    2.11921e+02    2.11017e+02    2.10233e+02    2.09572e+02
+150 ||    2.00492e+02    2.00136e+02    1.99884e+02    1.99841e+02    1.99915e+02    2.00225e+02    2.00647e+02    2.01295e+02    2.01996e+02    2.02804e+02    2.03576e+02    2.04277e+02    2.04864e+02    2.05223e+02    2.05432e+02    2.05340e+02    2.05191e+02    2.04925e+02    2.04505e+02    2.03774e+02    2.03040e+02    2.02299e+02    2.01605e+02    2.01008e+02    2.00492e+02
+165 ||    1.91411e+02    1.91118e+02    1.90874e+02    1.90729e+02    1.90668e+02    1.90772e+02    1.90984e+02    1.91408e+02    1.91897e+02    1.92514e+02    1.93113e+02    1.93676e+02    1.94149e+02    1.94445e+02    1.94614e+02    1.94529e+02    1.94475e+02    1.94482e+02    1.94300e+02    1.93740e+02    1.93194e+02    1.92676e+02    1.92194e+02    1.91783e+02    1.91411e+02
+180 ||    1.71637e+02    1.71461e+02    1.71314e+02    1.71224e+02    1.71174e+02    1.71205e+02    1.71294e+02    1.71501e+02    1.71760e+02    1.72122e+02    1.72485e+02    1.72848e+02    1.73150e+02    1.73333e+02    1.73429e+02    1.73355e+02    1.73316e+02    1.73348e+02    1.73263e+02    1.72948e+02    1.72642e+02    1.72356e+02    1.72088e+02    1.71853e+02    1.71637e+02
+195 ||    1.51863e+02    1.51805e+02    1.51754e+02    1.51718e+02    1.51680e+02    1.51637e+02    1.51604e+02    1.51595e+02    1.51624e+02    1.51731e+02    1.51857e+02    1.52019e+02    1.52151e+02    1.52220e+02    1.52245e+02    1.52182e+02    1.52158e+02    1.52213e+02    1.52226e+02    1.52155e+02    1.52090e+02    1.52037e+02    1.51982e+02    1.51922e+02    1.51863e+02
+210 ||    1.50731e+02    1.50692e+02    1.50663e+02    1.50652e+02    1.50640e+02    1.50623e+02    1.50610e+02    1.50605e+02    1.50620e+02    1.50674e+02    1.50738e+02    1.50822e+02    1.50892e+02    1.50931e+02    1.50946e+02    1.50913e+02    1.50898e+02    1.50917e+02    1.50919e+02    1.50884e+02    1.50853e+02    1.50829e+02    1.50801e+02    1.50767e+02    1.50731e+02
+225 ||    1.49599e+02    1.49580e+02    1.49572e+02    1.49587e+02    1.49599e+02    1.49609e+02    1.49615e+02    1.49616e+02    1.49616e+02    1.49617e+02    1.49620e+02    1.49625e+02    1.49632e+02    1.49641e+02    1.49647e+02    1.49645e+02    1.49639e+02    1.49622e+02    1.49611e+02    1.49613e+02    1.49615e+02    1.49620e+02    1.49621e+02    1.49611e+02    1.49599e+02
+240 ||    1.49430e+02    1.49417e+02    1.49412e+02    1.49423e+02    1.49434e+02    1.49445e+02    1.49453e+02    1.49455e+02    1.49457e+02    1.49456e+02    1.49457e+02    1.49460e+02    1.49464e+02    1.49470e+02    1.49473e+02    1.49470e+02    1.49466e+02    1.49459e+02    1.49453e+02    1.49449e+02    1.49448e+02    1.49449e+02    1.49447e+02    1.49440e+02    1.49430e+02
+255 ||    1.49262e+02    1.49254e+02    1.49251e+02    1.49259e+02    1.49269e+02    1.49281e+02    1.49290e+02    1.49295e+02    1.49297e+02    1.49295e+02    1.49294e+02    1.49294e+02    1.49295e+02    1.49299e+02    1.49300e+02    1.49295e+02    1.49293e+02    1.49295e+02    1.49294e+02    1.49286e+02    1.49280e+02    1.49277e+02    1.49273e+02    1.49268e+02    1.49262e+02
+270 ||    1.48588e+02    1.48581e+02    1.48577e+02    1.48582e+02    1.48588e+02    1.48598e+02    1.48607e+02    1.48612e+02    1.48616e+02    1.48621e+02    1.48624e+02    1.48626e+02    1.48627e+02    1.48625e+02    1.48623e+02    1.48619e+02    1.48617e+02    1.48622e+02    1.48623e+02    1.48615e+02    1.48609e+02    1.48605e+02    1.48601e+02    1.48595e+02    1.48588e+02
+285 ||    1.47915e+02    1.47908e+02    1.47903e+02    1.47904e+02    1.47908e+02    1.47916e+02    1.47923e+02    1.47928e+02    1.47936e+02    1.47946e+02    1.47954e+02    1.47958e+02    1.47958e+02    1.47952e+02    1.47947e+02    1.47942e+02    1.47942e+02    1.47949e+02    1.47952e+02    1.47944e+02    1.47937e+02    1.47933e+02    1.47928e+02    1.47922e+02    1.47915e+02
+300 ||    1.47604e+02    1.47591e+02    1.47581e+02    1.47578e+02    1.47579e+02    1.47589e+02    1.47599e+02    1.47609e+02    1.47620e+02    1.47633e+02    1.47644e+02    1.47652e+02    1.47658e+02    1.47660e+02    1.47661e+02    1.47660e+02    1.47659e+02    1.47657e+02    1.47653e+02    1.47644e+02    1.47637e+02    1.47634e+02    1.47628e+02    1.47616e+02    1.47604e+02
+315 ||    1.47293e+02    1.47274e+02    1.47259e+02    1.47252e+02    1.47251e+02    1.47262e+02    1.47274e+02    1.47290e+02    1.47305e+02    1.47319e+02    1.47333e+02    1.47347e+02    1.47359e+02    1.47368e+02    1.47374e+02    1.47377e+02    1.47376e+02    1.47366e+02    1.47355e+02    1.47345e+02    1.47337e+02    1.47334e+02    1.47327e+02    1.47310e+02    1.47293e+02
+330 ||    1.48208e+02    1.48195e+02    1.48186e+02    1.48184e+02    1.48185e+02    1.48191e+02    1.48199e+02    1.48212e+02    1.48224e+02    1.48235e+02    1.48246e+02    1.48256e+02    1.48264e+02    1.48271e+02    1.48277e+02    1.48281e+02    1.48280e+02    1.48267e+02    1.48255e+02    1.48247e+02    1.48241e+02    1.48238e+02    1.48232e+02    1.48220e+02    1.48208e+02
+345 ||    1.49123e+02    1.49116e+02    1.49113e+02    1.49116e+02    1.49119e+02    1.49120e+02    1.49124e+02    1.49134e+02    1.49143e+02    1.49151e+02    1.49159e+02    1.49164e+02    1.49170e+02    1.49174e+02    1.49179e+02    1.49185e+02    1.49184e+02    1.49167e+02    1.49155e+02    1.49150e+02    1.49146e+02    1.49142e+02    1.49138e+02    1.49130e+02    1.49123e+02
+360 ||    1.49242e+02    1.49233e+02    1.49226e+02    1.49226e+02    1.49226e+02    1.49229e+02    1.49233e+02    1.49240e+02    1.49249e+02    1.49260e+02    1.49269e+02    1.49276e+02    1.49284e+02    1.49290e+02    1.49296e+02    1.49300e+02    1.49300e+02    1.49290e+02    1.49282e+02    1.49277e+02    1.49272e+02    1.49268e+02    1.49261e+02    1.49252e+02    1.49242e+02
