##########################################################################################
### MCD_v6.1 with Martian Year 27 scenario.
### Latitude 83.8N. Longitude 235.0E. Local time 12.0h
### --------------------------------------------------------------------------------------
### Column 1 is Areocentric longitude (degrees)
### Columns 2+ are Pressure (Pa)
### Line 1 is height above surface (m)
### --------------------------------------------------------------------------------------
### Retrieved on: 2024-06-07T22:15:47.820392
### Mars Climate Database (c) LMD/OU/IAA/ESA/CNES
##########################################################################################
---- ||    0.00000e+00    1.47059e+03    2.94118e+03    4.41176e+03    5.88235e+03    7.35294e+03    8.82353e+03    1.02941e+04    1.17647e+04    1.32353e+04    1.47059e+04    1.61765e+04    1.76471e+04    1.91176e+04    2.05882e+04    2.20588e+04    2.35294e+04    2.50000e+04    2.64706e+04    2.79412e+04    2.94118e+04    3.08824e+04    3.23529e+04    3.38235e+04    3.52941e+04    3.67647e+04    3.82353e+04    3.97059e+04    4.11765e+04    4.26471e+04    4.41176e+04    4.55882e+04    4.70588e+04    4.85294e+04    5.00000e+04
-----------------------------------
+000 ||    8.36683e+02    6.90474e+02    5.69305e+02    4.68971e+02    3.86313e+02    3.18698e+02    2.63227e+02    2.17353e+02    1.79248e+02    1.47563e+02    1.21161e+02    9.92540e+01    8.11069e+01    6.61196e+01    5.37995e+01    4.37027e+01    3.54517e+01    2.87271e+01    2.32609e+01    1.88282e+01    1.52410e+01    1.23422e+01    1.00094e+01    8.13061e+00    6.61576e+00    5.39915e+00    4.42113e+00    3.62974e+00    2.99046e+00    2.47402e+00    2.05007e+00    1.70850e+00    1.42450e+00    1.19400e+00    1.00167e+00
+015 ||    8.37778e+02    6.91103e+02    5.69644e+02    4.69171e+02    3.87036e+02    3.20785e+02    2.66898e+02    2.22181e+02    1.84678e+02    1.53111e+02    1.26586e+02    1.04346e+02    8.58051e+01    7.04045e+01    5.76522e+01    4.71395e+01    3.85026e+01    3.14265e+01    2.56433e+01    2.09272e+01    1.70914e+01    1.39748e+01    1.14422e+01    9.38398e+00    7.71895e+00    6.36103e+00    5.25411e+00    4.35570e+00    3.61795e+00    3.01367e+00    2.51795e+00    2.10707e+00    1.76959e+00    1.48781e+00    1.25428e+00
+030 ||    8.77520e+02    7.26809e+02    6.02064e+02    4.98783e+02    4.15137e+02    3.48623e+02    2.94612e+02    2.49394e+02    2.10876e+02    1.77957e+02    1.49784e+02    1.25735e+02    1.05285e+02    8.79436e+01    7.32844e+01    6.09328e+01    5.05611e+01    4.18819e+01    3.46436e+01    2.86265e+01    2.36388e+01    1.95140e+01    1.61080e+01    1.33021e+01    1.09937e+01    9.09174e+00    7.53198e+00    6.24780e+00    5.18878e+00    4.32073e+00    3.60240e+00    3.00911e+00    2.51889e+00    2.11081e+00    1.77323e+00
+045 ||    9.15539e+02    7.61090e+02    6.33333e+02    5.27414e+02    4.42193e+02    3.75464e+02    3.21796e+02    2.76560e+02    2.37574e+02    2.03739e+02    1.74312e+02    1.48802e+02    1.26728e+02    1.07669e+02    9.12503e+01    7.71434e+01    6.50584e+01    5.47396e+01    4.59601e+01    3.85169e+01    3.22285e+01    2.69320e+01    2.24780e+01    1.87448e+01    1.56255e+01    1.30209e+01    1.08513e+01    9.04455e+00    7.54304e+00    6.29459e+00    5.25588e+00    4.39433e+00    3.67629e+00    3.07935e+00    2.58185e+00
+060 ||    9.14661e+02    7.66135e+02    6.43342e+02    5.40742e+02    4.57207e+02    3.91108e+02    3.37331e+02    2.91818e+02    2.52393e+02    2.17953e+02    1.87852e+02    1.61552e+02    1.38601e+02    1.18581e+02    1.01188e+02    8.61137e+01    7.30893e+01    6.18728e+01    5.22417e+01    4.39944e+01    3.69684e+01    3.10064e+01    2.59654e+01    2.17152e+01    1.81344e+01    1.51353e+01    1.26261e+01    1.05280e+01    8.77870e+00    7.32037e+00    6.10629e+00    5.09465e+00    4.25395e+00    3.55382e+00    2.97078e+00
+075 ||    8.94796e+02    7.55286e+02    6.40096e+02    5.43188e+02    4.63806e+02    4.00336e+02    3.48105e+02    3.03264e+02    2.64084e+02    2.29673e+02    1.99369e+02    1.72675e+02    1.49201e+02    1.28584e+02    1.10509e+02    9.46984e+01    8.09097e+01    6.89249e+01    5.85465e+01    4.95938e+01    4.19010e+01    3.52980e+01    2.96674e+01    2.48904e+01    2.08518e+01    1.74398e+01    1.45705e+01    1.21658e+01    1.01494e+01    8.46457e+00    7.05748e+00    5.88323e+00    4.90447e+00    4.08914e+00    3.41075e+00
+090 ||    8.52496e+02    7.31939e+02    6.29600e+02    5.41455e+02    4.66126e+02    4.02814e+02    3.49331e+02    3.03344e+02    2.63299e+02    2.28266e+02    1.97594e+02    1.70722e+02    1.47161e+02    1.26559e+02    1.08576e+02    9.29122e+01    7.93033e+01    6.75146e+01    5.73348e+01    4.85728e+01    4.10520e+01    3.46067e+01    2.91173e+01    2.44588e+01    2.05175e+01    1.71835e+01    1.43775e+01    1.20224e+01    1.00450e+01    8.39055e+00    7.00692e+00    5.85070e+00    4.88559e+00    4.08053e+00    3.40974e+00
+105 ||    8.03354e+02    7.02815e+02    6.14619e+02    5.36747e+02    4.67759e+02    4.06522e+02    3.52449e+02    3.05153e+02    2.63950e+02    2.28061e+02    1.96767e+02    1.69503e+02    1.45753e+02    1.25065e+02    1.07080e+02    9.14852e+01    7.79945e+01    6.63525e+01    5.63314e+01    4.77277e+01    4.03468e+01    3.40423e+01    2.86751e+01    2.41190e+01    2.02616e+01    1.69932e+01    1.42404e+01    1.19261e+01    9.98008e+00    8.34958e+00    6.98390e+00    5.84113e+00    4.88586e+00    4.08792e+00    3.42207e+00
+120 ||    7.67371e+02    6.70249e+02    5.85012e+02    5.09775e+02    4.43245e+02    3.84382e+02    3.32527e+02    2.87149e+02    2.47608e+02    2.13156e+02    1.83192e+02    1.57104e+02    1.34388e+02    1.14670e+02    9.75900e+01    8.28323e+01    7.01194e+01    5.92042e+01    4.98654e+01    4.19046e+01    3.51444e+01    2.94249e+01    2.46023e+01    2.05438e+01    1.71395e+01    1.42925e+01    1.19146e+01    9.93149e+00    8.28040e+00    6.90528e+00    5.76337e+00    4.81295e+00    4.02260e+00    3.36648e+00    2.81869e+00
+135 ||    7.43698e+02    6.48440e+02    5.64807e+02    4.91103e+02    4.26123e+02    3.68782e+02    3.18343e+02    2.74156e+02    2.35610e+02    2.02080e+02    1.72963e+02    1.47601e+02    1.25603e+02    1.06559e+02    9.01138e+01    7.59597e+01    6.38136e+01    5.34517e+01    4.46527e+01    3.72163e+01    3.09567e+01    2.57151e+01    2.13430e+01    1.77063e+01    1.46871e+01    1.21844e+01    1.01150e+01    8.40257e+00    6.98600e+00    5.81783e+00    4.84985e+00    4.04914e+00    3.38727e+00    2.83566e+00    2.38107e+00
+150 ||    7.17619e+02    6.19812e+02    5.33773e+02    4.58172e+02    3.91828e+02    3.33816e+02    2.83479e+02    2.40136e+02    2.03198e+02    1.71843e+02    1.45122e+02    1.22284e+02    1.02778e+02    8.61413e+01    7.19784e+01    5.99888e+01    4.98778e+01    4.13852e+01    3.42808e+01    2.83606e+01    2.34437e+01    1.93708e+01    1.60058e+01    1.32311e+01    1.09445e+01    9.06006e+00    7.51362e+00    6.23875e+00    5.18668e+00    4.32362e+00    3.60880e+00    3.01816e+00    2.52983e+00    2.12313e+00    1.78650e+00
+165 ||    7.07282e+02    6.04759e+02    5.14472e+02    4.35588e+02    3.66883e+02    3.07457e+02    2.56668e+02    2.13921e+02    1.78453e+02    1.48998e+02    1.24299e+02    1.03491e+02    8.59793e+01    7.12645e+01    5.89399e+01    4.86620e+01    4.01188e+01    3.30396e+01    2.71904e+01    2.23696e+01    1.84043e+01    1.51482e+01    1.24807e+01    1.02951e+01    8.50285e+00    7.03492e+00    5.83440e+00    4.84648e+00    4.03478e+00    3.36820e+00    2.81467e+00    2.36094e+00    1.98128e+00    1.66863e+00    1.40531e+00
+180 ||    7.20749e+02    6.05900e+02    5.07510e+02    4.23945e+02    3.53296e+02    2.93979e+02    2.44318e+02    2.02892e+02    1.68435e+02    1.39649e+02    1.15558e+02    9.53676e+01    7.85152e+01    6.44980e+01    5.28756e+01    4.32661e+01    3.53527e+01    2.88569e+01    2.35393e+01    1.91969e+01    1.56601e+01    1.27857e+01    1.04522e+01    8.55717e+00    7.02020e+00    5.77549e+00    4.76118e+00    3.93372e+00    3.26235e+00    2.70983e+00    2.25887e+00    1.88664e+00    1.58061e+00    1.32603e+00    1.11660e+00
+195 ||    7.48091e+02    6.18707e+02    5.10869e+02    4.21624e+02    3.48383e+02    2.88400e+02    2.38840e+02    1.97561e+02    1.63063e+02    1.34242e+02    1.10176e+02    9.01921e+01    7.36440e+01    5.99808e+01    4.87538e+01    3.95579e+01    3.20491e+01    2.59368e+01    2.09763e+01    1.69626e+01    1.37235e+01    1.11145e+01    9.01434e+00    7.33302e+00    5.97965e+00    4.88780e+00    4.00773e+00    3.29881e+00    2.72097e+00    2.25400e+00    1.87191e+00    1.56003e+00    1.30301e+00    1.09264e+00    9.16229e-01
+210 ||    7.89840e+02    6.52770e+02    5.38896e+02    4.44621e+02    3.66771e+02    3.02567e+02    2.49407e+02    2.05225e+02    1.68470e+02    1.37984e+02    1.12739e+02    9.19288e+01    7.47882e+01    6.07279e+01    4.92236e+01    3.98326e+01    3.21841e+01    2.59696e+01    2.09327e+01    1.68606e+01    1.35778e+01    1.09391e+01    8.82274e+00    7.13477e+00    5.79124e+00    4.71583e+00    3.85169e+00    3.16396e+00    2.60647e+00    2.15512e+00    1.79035e+00    1.49091e+00    1.24697e+00    1.04583e+00    8.78419e-01
+225 ||    8.31334e+02    6.86613e+02    5.66739e+02    4.67476e+02    3.85070e+02    3.16681e+02    2.59939e+02    2.12876e+02    1.73891e+02    1.41763e+02    1.15366e+02    9.37302e+01    7.60184e+01    6.15579e+01    4.97704e+01    4.01763e+01    3.23795e+01    2.60543e+01    2.09325e+01    1.67947e+01    1.34615e+01    1.07881e+01    8.65336e+00    6.95635e+00    5.62126e+00    4.56100e+00    3.71505e+00    3.04265e+00    2.50418e+00    2.06666e+00    1.71802e+00    1.42957e+00    1.19766e+00    1.00466e+00    8.45542e-01
+240 ||    8.88030e+02    7.33877e+02    6.05409e+02    4.98949e+02    4.10576e+02    3.37314e+02    2.76639e+02    2.26434e+02    1.84958e+02    1.50807e+02    1.22743e+02    9.97443e+01    8.09044e+01    6.55176e+01    5.29701e+01    4.27541e+01    3.44503e+01    2.77130e+01    2.22580e+01    1.78516e+01    1.43019e+01    1.14520e+01    9.16996e+00    7.35803e+00    5.92359e+00    4.78616e+00    3.88278e+00    3.17070e+00    2.59833e+00    2.13814e+00    1.77014e+00    1.46910e+00    1.22651e+00    1.02662e+00    8.61443e-01
+255 ||    9.25676e+02    7.65412e+02    6.31094e+02    5.19635e+02    4.27138e+02    3.50539e+02    2.87195e+02    2.34913e+02    1.91823e+02    1.56387e+02    1.27281e+02    1.03423e+02    8.38832e+01    6.79218e+01    5.49030e+01    4.43016e+01    3.56841e+01    2.86929e+01    2.30335e+01    1.84637e+01    1.47837e+01    1.18286e+01    9.46078e+00    7.57704e+00    6.08244e+00    4.89781e+00    3.96226e+00    3.22469e+00    2.63373e+00    2.16096e+00    1.78339e+00    1.47619e+00    1.22932e+00    1.02670e+00    8.59693e-01
+270 ||    9.19512e+02    7.61503e+02    6.28285e+02    5.17533e+02    4.25485e+02    3.49206e+02    2.86110e+02    2.34010e+02    1.91071e+02    1.55756e+02    1.26745e+02    1.02972e+02    8.34990e+01    6.75956e+01    5.46271e+01    4.40690e+01    3.54883e+01    2.85275e+01    2.28924e+01    1.83410e+01    1.46742e+01    1.17287e+01    9.36815e+00    7.48678e+00    5.99323e+00    4.80930e+00    3.87148e+00    3.13481e+00    2.54842e+00    2.07915e+00    1.71026e+00    1.40869e+00    1.17051e+00    9.73280e-01    8.13430e-01
+285 ||    9.00668e+02    7.47106e+02    6.16814e+02    5.08222e+02    4.17858e+02    3.42930e+02    2.80932e+02    2.29732e+02    1.87534e+02    1.52830e+02    1.24328e+02    1.00974e+02    8.18511e+01    6.62386e+01    5.35115e+01    4.31534e+01    3.47378e+01    2.79123e+01    2.23871e+01    1.79238e+01    1.43272e+01    1.14378e+01    9.12301e+00    7.27496e+00    5.80737e+00    4.64426e+00    3.72340e+00    2.99766e+00    2.42694e+00    1.97129e+00    1.61566e+00    1.32734e+00    1.09881e+00    9.09762e-01    7.59343e-01
+300 ||    8.75894e+02    7.25531e+02    5.98621e+02    4.93004e+02    4.05226e+02    3.32479e+02    2.72302e+02    2.22633e+02    1.81696e+02    1.48036e+02    1.20401e+02    9.77542e+01    7.92225e+01    6.40971e+01    5.17718e+01    4.17449e+01    3.36024e+01    2.70026e+01    2.16643e+01    1.73563e+01    1.38884e+01    1.11051e+01    8.87690e+00    7.09824e+00    5.68616e+00    4.56615e+00    3.67772e+00    2.97496e+00    2.42078e+00    1.97556e+00    1.62596e+00    1.34054e+00    1.11339e+00    9.24736e-01    7.73544e-01
+315 ||    8.54932e+02    7.07128e+02    5.83059e+02    4.79986e+02    3.94421e+02    3.23540e+02    2.64928e+02    2.16567e+02    1.76713e+02    1.43945e+02    1.17050e+02    9.50095e+01    7.69819e+01    6.22724e+01    5.02903e+01    4.05460e+01    3.26358e+01    2.62308e+01    2.10546e+01    1.68808e+01    1.35245e+01    1.08332e+01    8.67982e+00    6.96007e+00    5.59570e+00    4.51244e+00    3.65118e+00    2.96762e+00    2.42666e+00    1.98924e+00    1.64405e+00    1.36002e+00    1.13328e+00    9.44341e-01    7.91476e-01
+330 ||    8.33814e+02    6.88997e+02    5.68115e+02    4.67768e+02    3.84557e+02    3.15701e+02    2.58856e+02    2.11975e+02    1.73291e+02    1.41400e+02    1.15152e+02    9.35807e+01    7.58968e+01    6.14418e+01    4.96506e+01    4.00516e+01    3.22542e+01    2.59385e+01    2.08343e+01    1.67196e+01    1.34128e+01    1.07629e+01    8.64334e+00    6.95071e+00    5.60734e+00    4.53736e+00    3.68321e+00    3.00336e+00    2.46159e+00    2.02173e+00    1.67389e+00    1.38604e+00    1.15639e+00    9.64786e-01    8.08701e-01
+345 ||    8.19823e+02    6.76770e+02    5.58052e+02    4.59611e+02    3.78060e+02    3.10662e+02    2.55099e+02    2.09296e+02    1.71442e+02    1.40155e+02    1.14321e+02    9.30341e+01    7.55336e+01    6.12011e+01    4.94918e+01    3.99495e+01    3.21927e+01    2.59052e+01    2.08225e+01    1.67266e+01    1.34364e+01    1.08010e+01    8.69319e+00    7.01107e+00    5.67450e+00    4.60645e+00    3.75048e+00    3.06811e+00    2.51988e+00    2.07506e+00    1.71949e+00    1.42627e+00    1.19022e+00    9.94250e-01    8.33312e-01
+360 ||    8.27490e+02    6.83011e+02    5.63164e+02    4.63962e+02    3.82427e+02    3.15963e+02    2.61426e+02    2.16198e+02    1.78448e+02    1.46953e+02    1.20676e+02    9.88659e+01    8.07973e+01    6.58841e+01    5.36229e+01    4.35715e+01    3.53554e+01    2.86584e+01    2.32147e+01    1.88009e+01    1.52296e+01    1.23441e+01    1.00231e+01    8.15342e+00    6.64474e+00    5.43292e+00    4.45650e+00    3.66463e+00    3.02436e+00    2.50513e+00    2.07899e+00    1.73399e+00    1.44755e+00    1.21369e+00    1.01894e+00
##########################################################################################
### MCD_v6.1 with Martian Year 27 scenario.
### Latitude 83.8N. Longitude 235.0E. Local time 12.0h
### --------------------------------------------------------------------------------------
### Column 1 is Areocentric longitude (degrees)
### Columns 2+ are Temperature (K)
### Line 1 is height above surface (m)
### --------------------------------------------------------------------------------------
### Retrieved on: 2024-06-07T22:15:47.821566
### Mars Climate Database (c) LMD/OU/IAA/ESA/CNES
##########################################################################################
---- ||    0.00000e+00    1.47059e+03    2.94118e+03    4.41176e+03    5.88235e+03    7.35294e+03    8.82353e+03    1.02941e+04    1.17647e+04    1.32353e+04    1.47059e+04    1.61765e+04    1.76471e+04    1.91176e+04    2.05882e+04    2.20588e+04    2.35294e+04    2.50000e+04    2.64706e+04    2.79412e+04    2.94118e+04    3.08824e+04    3.23529e+04    3.38235e+04    3.52941e+04    3.67647e+04    3.82353e+04    3.97059e+04    4.11765e+04    4.26471e+04    4.41176e+04    4.55882e+04    4.70588e+04    4.85294e+04    5.00000e+04
-----------------------------------
+000 ||    1.49534e+02    1.49238e+02    1.48361e+02    1.47580e+02    1.48280e+02    1.49675e+02    1.49923e+02    1.49096e+02    1.47674e+02    1.45878e+02    1.43919e+02    1.41995e+02    1.40219e+02    1.38687e+02    1.37375e+02    1.36275e+02    1.35387e+02    1.34720e+02    1.34296e+02    1.34136e+02    1.34254e+02    1.34666e+02    1.35540e+02    1.36711e+02    1.38150e+02    1.39958e+02    1.42031e+02    1.44249e+02    1.46609e+02    1.49059e+02    1.51545e+02    1.53922e+02    1.56291e+02    1.58393e+02    1.60451e+02
+015 ||    1.49686e+02    1.49286e+02    1.48329e+02    1.47924e+02    1.50744e+02    1.54809e+02    1.56393e+02    1.55535e+02    1.53543e+02    1.51126e+02    1.48720e+02    1.46538e+02    1.44626e+02    1.43007e+02    1.41704e+02    1.40691e+02    1.39955e+02    1.39499e+02    1.39331e+02    1.39481e+02    1.39981e+02    1.40779e+02    1.41835e+02    1.43145e+02    1.44744e+02    1.46476e+02    1.48360e+02    1.50379e+02    1.52429e+02    1.54509e+02    1.56559e+02    1.58595e+02    1.60497e+02    1.62358e+02    1.64002e+02
+030 ||    1.50081e+02    1.53204e+02    1.52625e+02    1.53546e+02    1.60727e+02    1.69208e+02    1.72772e+02    1.72407e+02    1.70342e+02    1.67781e+02    1.65095e+02    1.62462e+02    1.59946e+02    1.57582e+02    1.55405e+02    1.53449e+02    1.51748e+02    1.50324e+02    1.49190e+02    1.48346e+02    1.47785e+02    1.47490e+02    1.47435e+02    1.47713e+02    1.48229e+02    1.48904e+02    1.49863e+02    1.50953e+02    1.52168e+02    1.53529e+02    1.54918e+02    1.56340e+02    1.57745e+02    1.59143e+02    1.60449e+02
+045 ||    1.50475e+02    1.57106e+02    1.56869e+02    1.58827e+02    1.69368e+02    1.82584e+02    1.88821e+02    1.89280e+02    1.87400e+02    1.84762e+02    1.81914e+02    1.79053e+02    1.76213e+02    1.73408e+02    1.70661e+02    1.68015e+02    1.65527e+02    1.63250e+02    1.61222e+02    1.59460e+02    1.57961e+02    1.56710e+02    1.55748e+02    1.55060e+02    1.54566e+02    1.54283e+02    1.54282e+02    1.54391e+02    1.54744e+02    1.55218e+02    1.55809e+02    1.56523e+02    1.57268e+02    1.58051e+02    1.58827e+02
+060 ||    1.54122e+02    1.65980e+02    1.66292e+02    1.68669e+02    1.79312e+02    1.91551e+02    1.97671e+02    1.98318e+02    1.96672e+02    1.94015e+02    1.91015e+02    1.87847e+02    1.84596e+02    1.81314e+02    1.78052e+02    1.74863e+02    1.71808e+02    1.68931e+02    1.66267e+02    1.63866e+02    1.61741e+02    1.59908e+02    1.58356e+02    1.57075e+02    1.56154e+02    1.55424e+02    1.54852e+02    1.54593e+02    1.54426e+02    1.54426e+02    1.54573e+02    1.54804e+02    1.55221e+02    1.55688e+02    1.56213e+02
+075 ||    1.57769e+02    1.74759e+02    1.75654e+02    1.78633e+02    1.90211e+02    2.02536e+02    2.07560e+02    2.07640e+02    2.05817e+02    2.03221e+02    2.00169e+02    1.96820e+02    1.93281e+02    1.89626e+02    1.85924e+02    1.82248e+02    1.78674e+02    1.75266e+02    1.72050e+02    1.69038e+02    1.66243e+02    1.63772e+02    1.61648e+02    1.59838e+02    1.58309e+02    1.57117e+02    1.56163e+02    1.55355e+02    1.54791e+02    1.54337e+02    1.53981e+02    1.53797e+02    1.53709e+02    1.53808e+02    1.54017e+02
+090 ||    1.85809e+02    1.95023e+02    1.94248e+02    1.93572e+02    1.95579e+02    2.00260e+02    2.02880e+02    2.02803e+02    2.01259e+02    1.99000e+02    1.96384e+02    1.93489e+02    1.90393e+02    1.87219e+02    1.84024e+02    1.80868e+02    1.77810e+02    1.74886e+02    1.72111e+02    1.69482e+02    1.67026e+02    1.64843e+02    1.62921e+02    1.61241e+02    1.59778e+02    1.58602e+02    1.57644e+02    1.56837e+02    1.56290e+02    1.55848e+02    1.55500e+02    1.55352e+02    1.55307e+02    1.55454e+02    1.55707e+02
+105 ||    2.13848e+02    2.15728e+02    2.13529e+02    2.10872e+02    2.06932e+02    2.02790e+02    1.99914e+02    1.98191e+02    1.96640e+02    1.94703e+02    1.92485e+02    1.90044e+02    1.87418e+02    1.84728e+02    1.82047e+02    1.79419e+02    1.76890e+02    1.74469e+02    1.72151e+02    1.69921e+02    1.67822e+02    1.65918e+02    1.64206e+02    1.62667e+02    1.61275e+02    1.60114e+02    1.59145e+02    1.58332e+02    1.57800e+02    1.57367e+02    1.57027e+02    1.56910e+02    1.56903e+02    1.57097e+02    1.57389e+02
+120 ||    2.10062e+02    2.12632e+02    2.10145e+02    2.07272e+02    2.03475e+02    1.99553e+02    1.96579e+02    1.94264e+02    1.92003e+02    1.89718e+02    1.87056e+02    1.84140e+02    1.81074e+02    1.77980e+02    1.74923e+02    1.71971e+02    1.69177e+02    1.66573e+02    1.64180e+02    1.62037e+02    1.60182e+02    1.58627e+02    1.57346e+02    1.56341e+02    1.55587e+02    1.55039e+02    1.54676e+02    1.54623e+02    1.54694e+02    1.54882e+02    1.55313e+02    1.55850e+02    1.56542e+02    1.57341e+02    1.58176e+02
+135 ||    2.06276e+02    2.09528e+02    2.06814e+02    2.04071e+02    2.00511e+02    1.96696e+02    1.93442e+02    1.90362e+02    1.87498e+02    1.84882e+02    1.81749e+02    1.78353e+02    1.74847e+02    1.71324e+02    1.67870e+02    1.64572e+02    1.61530e+02    1.58789e+02    1.56416e+02    1.54473e+02    1.53020e+02    1.51995e+02    1.51320e+02    1.50941e+02    1.50814e+02    1.50949e+02    1.51368e+02    1.51947e+02    1.52699e+02    1.53666e+02    1.54730e+02    1.55925e+02    1.57216e+02    1.58542e+02    1.59914e+02
+150 ||    1.98396e+02    1.95464e+02    1.91212e+02    1.87081e+02    1.82529e+02    1.78186e+02    1.74975e+02    1.72616e+02    1.71592e+02    1.70324e+02    1.68200e+02    1.65518e+02    1.62678e+02    1.59893e+02    1.57303e+02    1.54961e+02    1.52915e+02    1.51214e+02    1.49885e+02    1.48928e+02    1.48314e+02    1.48013e+02    1.48045e+02    1.48327e+02    1.48832e+02    1.49544e+02    1.50544e+02    1.51676e+02    1.52939e+02    1.54372e+02    1.55851e+02    1.57395e+02    1.58945e+02    1.60498e+02    1.61986e+02
+165 ||    1.90516e+02    1.81176e+02    1.75589e+02    1.70326e+02    1.64880e+02    1.60264e+02    1.57506e+02    1.57176e+02    1.58303e+02    1.58185e+02    1.56677e+02    1.54636e+02    1.52577e+02    1.50686e+02    1.49039e+02    1.47654e+02    1.46548e+02    1.45729e+02    1.45202e+02    1.44964e+02    1.45000e+02    1.45313e+02    1.45929e+02    1.46782e+02    1.47839e+02    1.49125e+02    1.50615e+02    1.52201e+02    1.53891e+02    1.55636e+02    1.57398e+02    1.59133e+02    1.60854e+02    1.62468e+02    1.64081e+02
+180 ||    1.71810e+02    1.65511e+02    1.62066e+02    1.59031e+02    1.56968e+02    1.55473e+02    1.54362e+02    1.54028e+02    1.53510e+02    1.51965e+02    1.49931e+02    1.47846e+02    1.45900e+02    1.44149e+02    1.42624e+02    1.41370e+02    1.40380e+02    1.39658e+02    1.39218e+02    1.39077e+02    1.39289e+02    1.39830e+02    1.40682e+02    1.41802e+02    1.43196e+02    1.44819e+02    1.46561e+02    1.48416e+02    1.50395e+02    1.52404e+02    1.54460e+02    1.56493e+02    1.58492e+02    1.60421e+02    1.62158e+02
+195 ||    1.53104e+02    1.50374e+02    1.49448e+02    1.49423e+02    1.51015e+02    1.51972e+02    1.51490e+02    1.49992e+02    1.47923e+02    1.45667e+02    1.43481e+02    1.41455e+02    1.39608e+02    1.37973e+02    1.36547e+02    1.35346e+02    1.34384e+02    1.33688e+02    1.33302e+02    1.33266e+02    1.33610e+02    1.34339e+02    1.35431e+02    1.36935e+02    1.38631e+02    1.40490e+02    1.42517e+02    1.44714e+02    1.46984e+02    1.49378e+02    1.51776e+02    1.54180e+02    1.56481e+02    1.58600e+02    1.60719e+02
+210 ||    1.51209e+02    1.50033e+02    1.49319e+02    1.48860e+02    1.49010e+02    1.48804e+02    1.47749e+02    1.46010e+02    1.44040e+02    1.42206e+02    1.40481e+02    1.38857e+02    1.37361e+02    1.35982e+02    1.34729e+02    1.33598e+02    1.32601e+02    1.31760e+02    1.31113e+02    1.30704e+02    1.30613e+02    1.30973e+02    1.31884e+02    1.33679e+02    1.35880e+02    1.38255e+02    1.40726e+02    1.43407e+02    1.46175e+02    1.49055e+02    1.51890e+02    1.54702e+02    1.57298e+02    1.59755e+02    1.62081e+02
+225 ||    1.49314e+02    1.49695e+02    1.49188e+02    1.48331e+02    1.47026e+02    1.45619e+02    1.43987e+02    1.42028e+02    1.40229e+02    1.38862e+02    1.37598e+02    1.36383e+02    1.35208e+02    1.34067e+02    1.32963e+02    1.31873e+02    1.30810e+02    1.29788e+02    1.28842e+02    1.28020e+02    1.27469e+02    1.27504e+02    1.28386e+02    1.30472e+02    1.33245e+02    1.36129e+02    1.39095e+02    1.42232e+02    1.45522e+02    1.48898e+02    1.52140e+02    1.55364e+02    1.58227e+02    1.61022e+02    1.63507e+02
+240 ||    1.49350e+02    1.49236e+02    1.48518e+02    1.47538e+02    1.46228e+02    1.44882e+02    1.43433e+02    1.41829e+02    1.40289e+02    1.38976e+02    1.37725e+02    1.36497e+02    1.35295e+02    1.34111e+02    1.32953e+02    1.31816e+02    1.30712e+02    1.29657e+02    1.28687e+02    1.27846e+02    1.27216e+02    1.26964e+02    1.27233e+02    1.28818e+02    1.31050e+02    1.33751e+02    1.36789e+02    1.39798e+02    1.42923e+02    1.46193e+02    1.49576e+02    1.53004e+02    1.56024e+02    1.58865e+02    1.61452e+02
+255 ||    1.49386e+02    1.48776e+02    1.47802e+02    1.46601e+02    1.45284e+02    1.43991e+02    1.42718e+02    1.41455e+02    1.40196e+02    1.38950e+02    1.37712e+02    1.36475e+02    1.35247e+02    1.34022e+02    1.32813e+02    1.31629e+02    1.30488e+02    1.29405e+02    1.28421e+02    1.27574e+02    1.26909e+02    1.26511e+02    1.26477e+02    1.27532e+02    1.29276e+02    1.31714e+02    1.34866e+02    1.37776e+02    1.40755e+02    1.43916e+02    1.47392e+02    1.51030e+02    1.54162e+02    1.57051e+02    1.59654e+02
+270 ||    1.48780e+02    1.48464e+02    1.47650e+02    1.46542e+02    1.45252e+02    1.43967e+02    1.42690e+02    1.41411e+02    1.40132e+02    1.38867e+02    1.37613e+02    1.36365e+02    1.35127e+02    1.33900e+02    1.32689e+02    1.31500e+02    1.30342e+02    1.29222e+02    1.28166e+02    1.27203e+02    1.26383e+02    1.25792e+02    1.25507e+02    1.26133e+02    1.27373e+02    1.29248e+02    1.31736e+02    1.34366e+02    1.37381e+02    1.40750e+02    1.44512e+02    1.48337e+02    1.51350e+02    1.54297e+02    1.56744e+02
+285 ||    1.48175e+02    1.48147e+02    1.47457e+02    1.46390e+02    1.45128e+02    1.43853e+02    1.42571e+02    1.41276e+02    1.39977e+02    1.38693e+02    1.37426e+02    1.36165e+02    1.34918e+02    1.33689e+02    1.32477e+02    1.31284e+02    1.30111e+02    1.28956e+02    1.27831e+02    1.26755e+02    1.25788e+02    1.25025e+02    1.24548e+02    1.24701e+02    1.25454e+02    1.26793e+02    1.28676e+02    1.31050e+02    1.34317e+02    1.37955e+02    1.41974e+02    1.45752e+02    1.48756e+02    1.51747e+02    1.54047e+02
+300 ||    1.48431e+02    1.48135e+02    1.47340e+02    1.46221e+02    1.44945e+02    1.43657e+02    1.42381e+02    1.41101e+02    1.39817e+02    1.38534e+02    1.37266e+02    1.36013e+02    1.34784e+02    1.33581e+02    1.32405e+02    1.31262e+02    1.30164e+02    1.29120e+02    1.28161e+02    1.27322e+02    1.26650e+02    1.26248e+02    1.26196e+02    1.26709e+02    1.27962e+02    1.29783e+02    1.32070e+02    1.34726e+02    1.38050e+02    1.41590e+02    1.45246e+02    1.48733e+02    1.51495e+02    1.54256e+02    1.56447e+02
+315 ||    1.48687e+02    1.48120e+02    1.47232e+02    1.46078e+02    1.44789e+02    1.43488e+02    1.42220e+02    1.40955e+02    1.39684e+02    1.38401e+02    1.37132e+02    1.35888e+02    1.34677e+02    1.33499e+02    1.32361e+02    1.31270e+02    1.30253e+02    1.29325e+02    1.28535e+02    1.27944e+02    1.27575e+02    1.27539e+02    1.27900e+02    1.28772e+02    1.30511e+02    1.32778e+02    1.35432e+02    1.38354e+02    1.41697e+02    1.45149e+02    1.48455e+02    1.51672e+02    1.54198e+02    1.56724e+02    1.58822e+02
+330 ||    1.49020e+02    1.48619e+02    1.47697e+02    1.46516e+02    1.45414e+02    1.44414e+02    1.43517e+02    1.42417e+02    1.41064e+02    1.39597e+02    1.38111e+02    1.36665e+02    1.35292e+02    1.33991e+02    1.32769e+02    1.31636e+02    1.30618e+02    1.29734e+02    1.29033e+02    1.28589e+02    1.28445e+02    1.28692e+02    1.29357e+02    1.30507e+02    1.32337e+02    1.34533e+02    1.37014e+02    1.39746e+02    1.42810e+02    1.46009e+02    1.49041e+02    1.52067e+02    1.54503e+02    1.56939e+02    1.59005e+02
+345 ||    1.49352e+02    1.49118e+02    1.48188e+02    1.47011e+02    1.46097e+02    1.45397e+02    1.44868e+02    1.43937e+02    1.42506e+02    1.40864e+02    1.39163e+02    1.37512e+02    1.35974e+02    1.34546e+02    1.33236e+02    1.32054e+02    1.31022e+02    1.30174e+02    1.29560e+02    1.29250e+02    1.29312e+02    1.29815e+02    1.30752e+02    1.32177e+02    1.34071e+02    1.36188e+02    1.38489e+02    1.41036e+02    1.43818e+02    1.46755e+02    1.49542e+02    1.52304e+02    1.54712e+02    1.57059e+02    1.59123e+02
+360 ||    1.49588e+02    1.49312e+02    1.48337e+02    1.47896e+02    1.49130e+02    1.51014e+02    1.51286e+02    1.50091e+02    1.48163e+02    1.46062e+02    1.44019e+02    1.42116e+02    1.40406e+02    1.38895e+02    1.37577e+02    1.36466e+02    1.35577e+02    1.34931e+02    1.34554e+02    1.34473e+02    1.34699e+02    1.35237e+02    1.36258e+02    1.37579e+02    1.39159e+02    1.41063e+02    1.43134e+02    1.45306e+02    1.47594e+02    1.49983e+02    1.52426e+02    1.54712e+02    1.56970e+02    1.58926e+02    1.60792e+02
##########################################################################################
### MCD_v6.1 with Martian Year 27 scenario.
### Latitude 83.8N. Longitude 235.0E. Local time 12.0h
### --------------------------------------------------------------------------------------
### Column 1 is Areocentric longitude (degrees)
### Columns 2+ are Dust mass mixing ratio (kg/kg)
### Line 1 is height above surface (m)
### --------------------------------------------------------------------------------------
### Retrieved on: 2024-06-07T22:15:47.822362
### Mars Climate Database (c) LMD/OU/IAA/ESA/CNES
##########################################################################################
---- ||    0.00000e+00    1.47059e+03    2.94118e+03    4.41176e+03    5.88235e+03    7.35294e+03    8.82353e+03    1.02941e+04    1.17647e+04    1.32353e+04    1.47059e+04    1.61765e+04    1.76471e+04    1.91176e+04    2.05882e+04    2.20588e+04    2.35294e+04    2.50000e+04    2.64706e+04    2.79412e+04    2.94118e+04    3.08824e+04    3.23529e+04    3.38235e+04    3.52941e+04    3.67647e+04    3.82353e+04    3.97059e+04    4.11765e+04    4.26471e+04    4.41176e+04    4.55882e+04    4.70588e+04    4.85294e+04    5.00000e+04
-----------------------------------
+000 ||    4.17475e-06    4.28346e-06    4.26917e-06    4.06893e-06    3.73494e-06    3.32826e-06    2.85501e-06    2.27889e-06    1.64407e-06    1.05672e-06    6.24348e-07    3.36568e-07    1.71259e-07    8.84986e-08    4.69749e-08    2.76413e-08    1.85838e-08    1.37211e-08    1.03504e-08    7.52290e-09    5.03938e-09    2.94608e-09    1.56258e-09    6.64469e-10    1.60577e-10    3.69887e-11    3.86111e-12    1.38950e-14    1.25839e-14    2.07298e-14    3.25606e-14    4.58554e-14    5.92719e-14    6.13195e-14    6.15065e-14
+015 ||    3.21386e-06    3.55739e-06    3.36484e-06    2.91106e-06    2.35461e-06    1.78604e-06    1.22509e-06    7.63474e-07    4.40718e-07    2.41018e-07    1.20382e-07    5.50742e-08    2.05423e-08    5.52603e-09    1.12924e-09    2.74596e-10    1.67663e-10    1.29175e-10    9.06300e-11    4.94411e-11    1.78729e-11    4.01357e-12    1.81522e-15    3.77309e-15    1.72588e-14    3.41476e-14    5.42713e-14    4.02377e-14    2.75670e-14    2.49677e-14    2.23012e-14    1.96002e-14    1.60335e-14    1.22010e-14    9.27595e-15
+030 ||    2.17415e-06    2.68529e-06    2.55507e-06    2.25133e-06    1.96615e-06    1.60648e-06    1.15033e-06    7.40189e-07    4.66237e-07    2.89454e-07    1.83916e-07    1.19262e-07    7.72873e-08    4.95238e-08    3.07857e-08    1.81934e-08    1.00492e-08    5.06146e-09    2.30082e-09    9.53099e-10    3.70725e-10    1.48829e-10    7.30806e-11    4.72369e-11    2.82851e-11    1.38815e-11    6.84798e-12    2.57114e-12    8.77582e-13    5.52412e-13    3.47241e-13    2.43444e-13    1.65718e-13    1.01210e-13    6.60063e-14
+045 ||    1.13445e-06    1.81248e-06    1.73631e-06    1.55298e-06    1.50335e-06    1.36836e-06    1.02277e-06    6.72019e-07    4.31194e-07    2.88359e-07    2.11144e-07    1.63864e-07    1.31108e-07    1.04489e-07    8.03334e-08    5.78534e-08    3.84579e-08    2.34674e-08    1.30477e-08    6.50439e-09    2.80708e-09    1.00100e-09    4.28793e-10    2.19654e-10    1.26426e-10    8.34973e-11    5.25372e-11    2.67724e-11    1.34618e-11    5.21042e-12    1.93064e-12    1.11290e-12    6.90107e-13    4.88230e-13    3.26777e-13
+060 ||    1.22784e-06    2.02749e-06    1.89803e-06    1.67981e-06    1.75245e-06    1.62241e-06    1.23547e-06    8.73251e-07    6.24717e-07    4.71263e-07    3.65260e-07    2.87819e-07    2.28611e-07    1.79939e-07    1.36876e-07    1.00599e-07    7.21883e-08    4.95220e-08    3.13021e-08    1.81938e-08    9.56800e-09    4.47342e-09    1.82829e-09    7.69718e-10    4.75708e-10    2.92198e-10    1.84875e-10    1.17990e-10    6.37686e-11    3.30145e-11    1.56996e-11    5.58768e-12    2.99645e-12    1.33906e-12    7.97857e-13
+075 ||    1.32123e-06    2.25659e-06    2.06649e-06    1.76219e-06    1.97866e-06    1.91165e-06    1.44157e-06    1.03669e-06    7.96912e-07    6.42150e-07    5.28993e-07    4.33332e-07    3.50383e-07    2.78510e-07    2.14281e-07    1.58693e-07    1.15558e-07    8.37635e-08    5.86095e-08    3.77391e-08    2.14677e-08    1.12266e-08    5.48719e-09    2.43849e-09    1.08572e-09    6.72251e-10    4.32385e-10    2.72503e-10    1.68201e-10    9.35793e-11    4.51956e-11    2.30898e-11    8.65991e-12    3.94758e-12    1.82523e-12
+090 ||    4.85060e-06    3.02366e-06    2.70457e-06    2.32419e-06    2.09889e-06    1.93255e-06    1.63287e-06    1.31659e-06    1.05896e-06    8.84894e-07    7.38441e-07    6.13787e-07    5.11221e-07    4.24046e-07    3.47878e-07    2.82639e-07    2.30093e-07    1.90306e-07    1.58724e-07    1.30095e-07    1.02348e-07    7.95974e-08    6.41459e-08    5.20620e-08    4.11788e-08    3.16411e-08    2.41640e-08    1.81386e-08    1.47015e-08    1.21963e-08    1.05026e-08    9.09508e-09    7.62176e-09    5.90201e-09    4.06490e-09
+105 ||    8.37997e-06    3.82110e-06    3.37634e-06    2.98097e-06    2.47863e-06    1.97102e-06    1.73335e-06    1.55951e-06    1.33425e-06    1.14894e-06    9.66655e-07    8.11710e-07    6.82190e-07    5.76706e-07    4.86506e-07    4.10620e-07    3.47985e-07    2.99198e-07    2.61156e-07    2.25561e-07    1.86449e-07    1.50804e-07    1.24530e-07    1.03433e-07    8.27719e-08    6.39147e-08    4.86339e-08    3.62982e-08    2.94147e-08    2.43385e-08    2.09567e-08    1.81610e-08    1.52372e-08    1.18349e-08    8.20408e-09
+120 ||    1.66990e-05    4.24245e-06    3.36758e-06    2.75658e-06    2.24332e-06    1.86319e-06    1.66594e-06    1.48054e-06    1.27566e-06    1.09364e-06    9.04147e-07    7.32890e-07    5.91538e-07    4.73160e-07    3.73977e-07    2.92060e-07    2.26602e-07    1.77535e-07    1.40604e-07    1.10367e-07    8.53650e-08    6.67663e-08    5.45996e-08    4.35096e-08    3.34179e-08    2.50193e-08    1.83688e-08    1.47790e-08    1.21414e-08    1.03929e-08    8.98612e-09    7.47695e-09    5.76479e-09    3.93002e-09    2.08250e-09
+135 ||    2.50180e-05    4.64950e-06    3.35700e-06    2.57974e-06    2.07303e-06    1.79525e-06    1.62705e-06    1.42427e-06    1.24835e-06    1.05859e-06    8.53178e-07    6.64858e-07    5.04809e-07    3.71784e-07    2.62759e-07    1.73967e-07    1.05413e-07    5.70594e-08    2.71821e-08    1.12276e-08    4.19468e-09    1.38119e-09    3.93116e-10    1.06439e-10    4.27382e-11    2.22755e-11    1.22496e-11    6.43004e-12    4.40697e-12    3.50104e-12    2.71214e-12    1.83081e-12    1.21530e-12    6.98484e-13    4.85032e-13
+150 ||    1.46935e-05    4.25154e-06    3.38442e-06    2.94142e-06    2.64998e-06    2.41606e-06    2.10563e-06    1.77700e-06    1.42695e-06    1.02088e-06    6.65923e-07    4.13595e-07    2.51945e-07    1.54679e-07    9.45815e-08    5.33763e-08    2.71303e-08    1.23442e-08    5.02112e-09    1.78501e-09    5.48752e-10    1.89193e-10    8.04867e-11    3.73172e-11    2.25473e-11    1.68887e-11    1.56173e-11    1.27335e-11    7.88200e-12    4.98772e-12    2.85980e-12    1.89206e-12    1.24892e-12    7.84834e-13    5.14636e-13
+165 ||    4.36894e-06    3.91940e-06    3.56782e-06    3.46939e-06    3.31746e-06    3.00787e-06    2.48689e-06    2.00751e-06    1.39478e-06    7.98176e-07    3.87355e-07    1.67677e-07    6.73974e-08    2.84478e-08    1.23835e-08    5.13240e-09    2.21052e-09    1.11676e-09    6.46376e-10    3.65096e-10    1.87657e-10    6.42702e-11    3.72203e-11    2.81845e-11    2.60635e-11    2.59685e-11    1.84637e-11    1.07969e-11    6.02445e-12    3.77354e-12    2.37536e-12    1.65718e-12    9.84961e-13    6.67080e-13    3.49199e-13
+180 ||    4.03486e-06    3.66927e-06    3.45111e-06    3.24414e-06    2.84144e-06    2.27705e-06    1.68891e-06    1.19003e-06    7.18150e-07    3.72271e-07    1.59205e-07    6.41596e-08    2.52419e-08    9.59202e-09    3.46697e-09    1.36013e-09    6.44164e-10    3.66106e-10    2.03685e-10    1.05605e-10    4.04621e-11    1.97291e-11    1.41979e-11    1.30331e-11    1.29835e-11    8.97442e-12    5.16705e-12    2.68214e-12    1.80451e-12    1.20707e-12    8.98934e-13    6.40797e-13    4.61536e-13    3.06154e-13    2.16000e-13
+195 ||    3.70078e-06    3.48462e-06    3.34549e-06    2.97442e-06    2.32366e-06    1.56478e-06    9.40147e-07    5.19955e-07    2.65457e-07    1.21006e-07    5.06117e-08    1.69573e-08    4.18573e-09    8.97728e-10    1.84727e-10    3.69895e-11    1.44104e-11    7.51160e-12    3.89718e-12    1.97850e-12    7.65448e-13    8.48241e-14    1.57486e-15    3.35342e-16    4.62449e-18    6.06897e-17    2.75157e-16    8.25767e-14    1.90996e-13    3.22770e-13    3.85858e-13    3.54001e-13    3.01769e-13    2.13482e-13    1.25195e-13
+210 ||    3.83908e-06    3.63260e-06    3.72732e-06    3.58741e-06    3.01649e-06    2.20526e-06    1.45295e-06    9.04599e-07    5.25533e-07    2.66147e-07    1.22783e-07    4.99219e-08    2.44604e-08    1.32826e-08    7.52426e-09    4.35177e-09    2.55424e-09    1.43348e-09    7.22606e-10    3.24217e-10    1.27478e-10    3.97237e-11    5.46005e-12    1.78354e-12    4.73773e-13    8.60595e-13    2.67196e-12    2.51397e-12    2.29627e-12    2.00165e-12    1.69493e-12    1.38202e-12    1.08821e-12    8.06540e-13    5.61309e-13
+225 ||    3.97738e-06    3.78198e-06    4.10536e-06    4.19455e-06    3.70788e-06    2.84445e-06    1.96009e-06    1.27828e-06    7.67344e-07    3.98169e-07    1.82392e-07    7.97155e-08    4.23744e-08    2.39713e-08    1.37333e-08    7.95818e-09    4.66552e-09    2.58370e-09    1.27139e-09    5.62971e-10    2.22678e-10    6.93825e-11    9.97416e-12    2.58618e-12    7.37049e-13    2.32308e-12    5.26594e-12    4.83997e-12    4.21937e-12    3.48992e-12    2.87799e-12    2.28165e-12    1.78773e-12    1.31309e-12    9.58220e-13
+240 ||    3.11168e-06    2.70515e-06    2.89032e-06    2.94171e-06    2.66279e-06    2.12692e-06    1.52406e-06    1.02056e-06    6.36942e-07    3.59517e-07    1.94764e-07    1.05158e-07    6.54805e-08    4.19829e-08    2.70579e-08    1.73672e-08    1.08110e-08    6.25195e-09    3.29541e-09    1.55922e-09    6.32294e-10    1.89939e-10    2.17750e-11    5.98505e-12    5.80620e-13    7.31355e-13    2.62176e-12    2.98064e-12    3.50214e-12    4.29446e-12    3.55734e-12    2.19639e-12    1.46262e-12    1.00090e-12    6.47121e-13
+255 ||    2.24598e-06    1.63072e-06    1.68519e-06    1.67164e-06    1.57027e-06    1.34700e-06    1.02642e-06    7.14511e-07    4.70427e-07    2.99936e-07    1.92304e-07    1.25602e-07    8.55181e-08    5.80002e-08    3.91103e-08    2.59906e-08    1.64941e-08    9.65935e-09    5.19431e-09    2.52019e-09    1.04460e-09    3.14238e-10    4.42498e-11    1.02877e-11    9.23738e-14    3.94893e-15    2.05964e-14    9.46164e-13    2.48331e-12    4.84322e-12    4.22442e-12    2.07731e-12    1.07893e-12    6.30527e-13    3.11777e-13
+270 ||    1.54306e-06    1.00748e-06    1.00681e-06    1.01481e-06    9.84026e-07    8.80291e-07    7.05707e-07    5.09791e-07    3.40325e-07    2.16735e-07    1.39311e-07    9.06808e-08    6.19151e-08    4.23856e-08    2.89624e-08    1.95261e-08    1.26339e-08    7.59538e-09    4.18141e-09    2.05547e-09    8.53557e-10    2.53986e-10    2.84018e-11    7.20705e-12    7.60209e-14    2.69202e-15    1.12107e-14    5.48637e-13    1.61748e-12    3.16958e-12    2.53190e-12    1.53765e-12    1.04288e-12    5.88165e-13    3.50775e-13
+285 ||    8.40143e-07    3.86216e-07    3.29456e-07    3.55625e-07    3.90783e-07    4.00102e-07    3.67431e-07    2.88385e-07    1.97970e-07    1.26462e-07    8.13263e-08    5.33788e-08    3.66444e-08    2.55952e-08    1.79995e-08    1.24842e-08    8.36033e-09    5.24289e-09    2.98563e-09    1.48874e-09    6.19015e-10    1.82040e-10    1.76759e-11    3.56217e-12    5.37349e-14    4.62356e-18    8.70777e-16    6.23343e-15    5.21307e-13    1.15780e-12    1.37790e-12    1.43554e-12    9.74698e-13    5.19322e-13    3.49085e-13
+300 ||    1.58641e-06    1.27731e-06    1.32731e-06    1.38581e-06    1.34656e-06    1.17568e-06    9.10178e-07    6.27693e-07    3.92881e-07    2.33285e-07    1.38639e-07    8.31477e-08    5.23004e-08    3.42959e-08    2.34332e-08    1.61824e-08    1.08804e-08    6.90817e-09    4.05457e-09    2.18029e-09    1.05401e-09    4.26300e-10    1.33048e-10    1.15709e-10    7.39325e-11    5.26585e-11    5.58670e-11    7.50237e-11    1.05104e-10    1.37936e-10    1.66637e-10    1.85798e-10    1.64166e-10    1.42535e-10    1.14303e-10
+315 ||    2.33268e-06    2.17138e-06    2.32677e-06    2.41408e-06    2.29756e-06    1.94183e-06    1.44498e-06    9.59980e-07    5.83429e-07    3.37893e-07    1.94249e-07    1.12168e-07    6.75112e-08    4.27648e-08    2.87588e-08    1.98447e-08    1.34267e-08    8.57262e-09    5.08120e-09    2.83891e-09    1.45778e-09    6.45268e-10    2.48168e-10    2.27613e-10    1.41371e-10    1.05168e-10    1.13041e-10    1.50487e-10    2.08895e-10    2.72689e-10    3.28654e-10    3.73464e-10    3.31408e-10    2.89353e-10    2.35615e-10
+330 ||    2.45758e-06    2.36788e-06    2.48536e-06    2.54936e-06    2.45801e-06    2.15296e-06    1.69746e-06    1.19703e-06    7.61037e-07    4.46482e-07    2.43028e-07    1.25326e-07    6.41643e-08    3.40848e-08    2.01498e-08    1.29109e-08    8.35241e-09    5.13766e-09    2.92574e-09    1.57438e-09    7.80269e-10    3.33651e-10    1.24695e-10    1.13830e-10    7.11921e-11    5.26774e-11    5.58341e-11    7.42460e-11    1.02232e-10    1.34078e-10    1.61792e-10    1.89012e-10    1.68101e-10    1.47191e-10    1.21302e-10
+345 ||    2.58247e-06    2.56386e-06    2.63910e-06    2.68573e-06    2.62805e-06    2.38525e-06    1.97205e-06    1.45402e-06    9.56481e-07    5.67023e-07    3.01179e-07    1.42631e-07    6.31751e-08    2.65509e-08    1.20419e-08    6.18556e-09    3.35650e-09    1.75763e-09    8.26683e-10    3.43298e-10    1.19382e-10    2.83000e-11    1.41833e-12    1.35549e-13    2.81343e-14    1.08369e-13    2.08352e-13    1.71299e-13    1.84565e-13    2.31117e-13    2.17225e-13    1.93772e-13    1.47987e-13    9.84659e-14    6.44636e-14
+360 ||    2.01729e-06    2.04279e-06    2.05787e-06    2.03099e-06    1.92294e-06    1.65462e-06    1.28828e-06    9.08355e-07    5.87302e-07    3.46000e-07    1.90625e-07    9.33852e-08    4.22751e-08    1.85685e-08    8.31336e-09    4.10083e-09    2.20317e-09    1.20664e-09    6.20861e-10    2.80537e-10    1.02689e-10    2.61063e-11    7.73730e-12    5.64548e-13    9.42946e-14    1.42814e-13    1.71898e-13    1.76252e-13    1.31643e-13    1.22357e-13    1.31396e-13    1.20056e-13    1.05050e-13    8.23821e-14    5.74188e-14
##########################################################################################
### MCD_v6.1 with Martian Year 27 scenario.
### Latitude 83.8N. Longitude 235.0E. Local time 12.0h
### --------------------------------------------------------------------------------------
### Column 1 is Areocentric longitude (degrees)
### Columns 2+ are Water ice mixing ratio (mol/mol)
### Line 1 is height above surface (m)
### --------------------------------------------------------------------------------------
### Retrieved on: 2024-06-07T22:15:47.823132
### Mars Climate Database (c) LMD/OU/IAA/ESA/CNES
##########################################################################################
---- ||    0.00000e+00    1.47059e+03    2.94118e+03    4.41176e+03    5.88235e+03    7.35294e+03    8.82353e+03    1.02941e+04    1.17647e+04    1.32353e+04    1.47059e+04    1.61765e+04    1.76471e+04    1.91176e+04    2.05882e+04    2.20588e+04    2.35294e+04    2.50000e+04    2.64706e+04    2.79412e+04    2.94118e+04    3.08824e+04    3.23529e+04    3.38235e+04    3.52941e+04    3.67647e+04    3.82353e+04    3.97059e+04    4.11765e+04    4.26471e+04    4.41176e+04    4.55882e+04    4.70588e+04    4.85294e+04    5.00000e+04
-----------------------------------
+000 ||    7.53237e-05    8.21480e-05    8.35529e-05    7.45434e-05    5.64158e-05    3.84997e-05    2.53078e-05    1.58537e-05    9.17132e-06    5.05013e-06    3.11782e-06    2.20334e-06    1.81310e-06    1.62964e-06    1.49414e-06    1.35904e-06    1.21695e-06    1.06905e-06    9.30959e-07    8.02001e-07    6.76387e-07    5.64869e-07    4.74190e-07    3.81176e-07    2.85684e-07    1.88568e-07    1.21472e-07    6.90998e-08    2.90356e-08    1.12728e-08    2.19952e-09    8.59650e-10    1.62131e-10    4.10448e-11    1.42977e-11
+015 ||    9.30411e-05    1.07117e-04    1.07953e-04    8.83489e-05    5.26114e-05    2.19147e-05    7.54067e-06    2.62706e-06    9.59608e-07    4.78245e-07    3.71910e-07    3.85661e-07    4.18084e-07    4.40527e-07    4.31769e-07    3.93744e-07    3.43429e-07    2.92484e-07    2.42195e-07    2.14424e-07    1.55333e-07    9.86670e-08    5.29570e-08    2.38946e-08    1.38583e-08    7.70286e-09    4.22011e-09    2.19225e-09    7.86509e-10    2.21433e-10    1.92882e-11    3.72707e-12    4.69914e-14    1.33803e-14    0.00000e+00
+030 ||    1.23548e-04    1.68292e-04    1.60816e-04    1.23266e-04    6.54026e-05    2.24131e-05    6.18169e-06    2.01405e-06    8.10677e-07    3.42128e-07    2.07976e-07    1.87346e-07    1.97940e-07    2.15123e-07    2.27463e-07    2.26412e-07    2.10424e-07    1.86053e-07    1.60575e-07    1.35274e-07    1.18599e-07    9.90359e-08    7.01017e-08    4.28806e-08    2.38170e-08    1.02561e-08    6.40555e-09    3.67530e-09    1.99491e-09    1.05600e-09    3.86598e-10    1.08377e-10    9.66029e-12    1.94097e-12    2.36949e-14
+045 ||    1.54055e-04    2.29746e-04    2.14669e-04    1.61312e-04    8.22976e-05    2.36403e-05    3.39725e-06    3.46152e-07    9.66846e-08    3.56842e-08    3.95342e-09    1.16680e-09    2.42483e-09    5.42095e-09    9.79111e-09    1.42146e-08    1.74013e-08    1.84472e-08    1.69791e-08    1.37488e-08    1.07517e-08    9.43083e-09    1.02229e-08    9.62217e-09    7.77922e-09    4.43032e-09    2.11043e-09    3.45849e-10    1.21017e-10    6.59506e-12    6.72734e-13    1.77158e-15    0.00000e+00    0.00000e+00    0.00000e+00
+060 ||    2.51030e-04    3.62756e-04    3.20812e-04    2.34855e-04    1.10414e-04    3.34412e-05    5.34089e-06    8.49284e-07    6.53088e-08    3.20232e-08    8.13335e-09    8.41732e-10    6.21496e-10    1.62003e-09    3.34382e-09    5.74455e-09    1.11327e-08    2.80829e-08    1.69110e-08    1.20182e-08    8.58083e-09    6.19753e-09    4.99363e-09    5.19460e-09    4.74531e-09    3.63779e-09    1.96471e-09    8.94199e-10    1.55490e-10    4.24811e-11    2.80450e-12    1.88840e-15    6.65717e-16    0.00000e+00    0.00000e+00
+075 ||    3.48005e-04    4.96960e-04    4.28981e-04    3.07714e-04    1.43003e-04    3.82712e-05    6.58833e-06    2.02541e-06    1.68680e-14    7.85352e-16    0.00000e+00    0.00000e+00    0.00000e+00    0.00000e+00    8.33207e-25    1.88687e-14    1.14477e-09    1.76950e-08    3.17757e-08    1.27885e-08    6.02099e-09    3.60890e-09    1.50918e-09    3.46185e-10    2.53620e-11    8.40601e-12    1.94066e-12    8.47602e-15    2.70696e-15    9.01726e-22    1.07450e-22    0.00000e+00    0.00000e+00    0.00000e+00    0.00000e+00
+090 ||    3.03148e-04    3.27673e-04    2.80627e-04    2.37949e-04    1.87909e-04    1.45111e-04    1.01352e-04    6.62661e-05    4.47210e-05    2.76886e-05    1.43639e-05    8.23926e-06    7.78657e-06    7.81341e-06    7.68643e-06    7.17782e-06    6.64320e-06    6.15598e-06    5.71627e-06    5.23947e-06    4.78502e-06    4.08905e-06    3.54644e-06    3.25037e-06    3.17268e-06    3.05008e-06    2.92675e-06    2.77650e-06    2.47702e-06    2.00201e-06    1.37415e-06    8.45479e-07    4.14920e-07    1.92208e-07    8.19069e-08
+105 ||    2.58291e-04    1.68421e-04    1.21553e-04    1.23323e-04    1.59449e-04    2.20476e-04    2.07883e-04    1.55402e-04    1.01313e-04    6.47827e-05    3.54776e-05    1.88465e-05    1.56328e-05    1.56031e-05    1.55515e-05    1.45363e-05    1.34422e-05    1.24204e-05    1.15182e-05    1.05725e-05    9.66370e-06    8.32072e-06    7.18537e-06    6.51331e-06    6.36536e-06    6.11755e-06    5.86788e-06    5.57916e-06    4.96999e-06    4.01871e-06    2.74667e-06    1.68851e-06    8.30137e-07    3.88929e-07    1.66181e-07
+120 ||    1.74439e-04    1.46322e-04    1.37338e-04    1.47099e-04    1.68529e-04    1.95174e-04    1.69459e-04    1.29769e-04    8.62730e-05    5.10605e-05    2.96348e-05    1.83598e-05    1.46518e-05    1.24999e-05    1.08548e-05    9.30053e-06    7.99290e-06    6.92634e-06    6.04158e-06    5.30506e-06    4.54977e-06    3.80534e-06    3.30848e-06    3.22152e-06    3.09757e-06    2.96300e-06    2.81687e-06    2.49424e-06    1.99826e-06    1.34041e-06    8.07838e-07    3.96524e-07    1.74548e-07    7.77210e-08    2.07905e-08
+135 ||    9.05868e-05    1.25496e-04    1.54510e-04    1.68193e-04    1.68528e-04    1.65520e-04    1.38140e-04    1.15984e-04    7.45793e-05    4.24152e-05    2.84797e-05    1.89960e-05    1.26236e-05    8.52010e-06    5.85781e-06    3.94818e-06    2.54645e-06    1.48410e-06    8.01880e-07    3.90379e-07    1.86187e-07    9.16965e-08    5.37435e-08    4.12320e-08    3.51446e-08    2.00039e-08    8.37869e-09    1.24827e-09    1.42702e-10    9.15521e-13    5.24935e-16    1.11837e-16    0.00000e+00    0.00000e+00    0.00000e+00
+150 ||    2.54128e-04    2.81671e-04    3.00496e-04    2.89903e-04    2.69565e-04    2.44683e-04    2.02351e-04    1.41201e-04    6.95210e-05    3.20569e-05    1.53264e-05    8.43758e-06    5.23397e-06    3.53153e-06    2.38005e-06    1.55287e-06    9.75513e-07    5.98436e-07    3.57306e-07    2.30106e-07    1.80172e-07    1.68639e-07    1.47648e-07    1.13663e-07    7.91562e-08    5.22713e-08    3.45552e-08    2.03376e-08    9.51918e-09    5.10368e-09    1.98500e-09    6.08371e-10    7.92828e-11    1.76924e-11    2.15862e-13
+165 ||    4.17668e-04    4.35906e-04    4.39727e-04    4.06446e-04    3.63864e-04    3.17721e-04    2.48921e-04    1.37100e-04    5.17385e-05    1.60443e-05    5.19856e-06    2.41534e-06    1.55771e-06    1.07747e-06    8.00483e-07    6.46887e-07    5.11352e-07    3.84462e-07    3.12688e-07    2.93053e-07    2.87548e-07    2.47001e-07    1.83940e-07    1.32698e-07    9.14579e-08    5.70585e-08    3.29025e-08    1.54127e-08    7.05600e-09    2.90713e-09    2.33553e-10    1.10006e-10    6.09008e-13    3.14787e-13    2.05650e-14
+180 ||    2.65855e-04    2.70031e-04    2.66227e-04    2.31001e-04    1.92839e-04    1.54141e-04    1.06873e-04    4.83867e-05    1.57561e-05    5.05741e-06    1.92149e-06    1.25600e-06    9.95605e-07    8.10740e-07    6.79364e-07    5.46529e-07    4.17435e-07    3.39449e-07    3.24352e-07    3.37545e-07    3.25215e-07    2.84396e-07    2.35032e-07    1.85714e-07    1.41799e-07    1.06396e-07    7.56441e-08    4.93937e-08    2.92708e-08    1.28676e-08    5.82929e-09    1.24505e-09    5.32221e-10    9.27329e-12    5.00538e-12
+195 ||    1.14041e-04    1.04675e-04    9.47677e-05    6.54637e-05    2.87778e-05    1.01067e-05    2.29673e-06    7.92009e-07    5.63216e-07    5.59033e-07    6.21421e-07    6.95389e-07    7.36982e-07    7.09837e-07    6.03734e-07    4.75129e-07    3.83473e-07    3.55646e-07    3.71832e-07    3.92697e-07    3.87697e-07    3.50859e-07    2.92194e-07    2.38216e-07    1.89021e-07    1.42702e-07    9.71632e-08    5.82660e-08    2.58429e-08    1.14144e-08    2.42642e-09    9.58648e-10    1.76770e-11    8.93355e-12    1.90070e-13
+210 ||    7.36021e-05    7.04468e-05    6.54640e-05    4.58726e-05    2.34730e-05    1.07177e-05    4.78047e-06    3.12059e-06    2.60155e-06    2.47154e-06    2.55120e-06    2.72453e-06    2.87493e-06    2.90736e-06    2.79946e-06    2.55921e-06    2.22258e-06    1.80195e-06    1.35912e-06    1.00218e-06    7.32477e-07    5.24959e-07    3.65227e-07    2.74718e-07    2.13633e-07    1.61731e-07    1.12172e-07    6.96636e-08    3.66916e-08    1.60004e-08    6.16765e-09    1.89426e-09    1.73637e-10    7.57723e-11    1.11020e-13
+225 ||    3.31626e-05    3.62637e-05    3.61021e-05    2.57812e-05    1.79661e-05    1.13938e-05    7.33956e-06    5.40378e-06    4.60885e-06    4.38154e-06    4.49342e-06    4.77938e-06    5.03450e-06    5.11954e-06    4.99126e-06    4.60523e-06    3.98825e-06    3.13454e-06    2.22179e-06    1.52120e-06    1.02488e-06    6.71482e-07    4.29847e-07    3.02430e-07    2.37008e-07    1.80275e-07    1.27589e-07    7.97238e-08    4.51903e-08    1.81142e-08    8.67398e-09    1.57129e-09    2.88897e-10    1.02099e-10    1.96450e-13
+240 ||    2.54904e-05    2.51261e-05    2.48724e-05    1.89638e-05    1.40114e-05    9.77715e-06    6.77668e-06    5.10711e-06    4.32813e-06    4.07199e-06    4.09945e-06    4.24153e-06    4.39142e-06    4.48536e-06    4.50061e-06    4.37293e-06    4.05653e-06    3.50807e-06    2.78917e-06    2.04805e-06    1.39667e-06    8.78842e-07    5.00185e-07    3.06490e-07    1.92505e-07    1.27696e-07    8.83925e-08    5.77834e-08    3.32775e-08    1.60906e-08    7.51360e-09    2.44845e-09    6.54635e-10    2.79705e-10    2.82585e-11
+255 ||    1.78182e-05    1.40197e-05    1.34033e-05    1.14586e-05    9.57479e-06    7.73891e-06    5.95287e-06    4.66267e-06    3.99628e-06    3.75903e-06    3.71673e-06    3.72363e-06    3.76266e-06    3.85740e-06    3.99983e-06    4.10468e-06    4.05992e-06    3.78252e-06    3.24413e-06    2.49672e-06    1.72905e-06    1.06574e-06    5.76390e-07    3.09074e-07    1.44433e-07    6.52261e-08    4.08010e-08    2.69708e-08    1.66387e-08    9.64770e-09    5.31537e-09    2.34717e-09    1.00228e-09    4.34591e-10    5.60355e-11
+270 ||    1.13702e-05    8.62020e-06    7.95222e-06    6.78270e-06    5.64147e-06    4.61673e-06    3.71348e-06    3.08459e-06    2.76834e-06    2.66652e-06    2.66047e-06    2.67261e-06    2.69217e-06    2.73666e-06    2.79676e-06    2.81865e-06    2.74405e-06    2.53790e-06    2.17018e-06    1.67525e-06    1.17300e-06    7.42010e-07    4.18217e-07    2.34807e-07    1.19938e-07    6.08296e-08    3.73360e-08    2.43485e-08    1.45646e-08    7.56693e-09    4.23397e-09    1.49777e-09    8.04063e-10    2.74196e-10    6.82644e-11
+285 ||    4.92218e-06    3.22476e-06    2.45970e-06    1.99354e-06    1.60984e-06    1.39521e-06    1.39445e-06    1.45182e-06    1.52115e-06    1.57156e-06    1.60460e-06    1.62276e-06    1.62418e-06    1.61999e-06    1.59739e-06    1.53203e-06    1.42103e-06    1.27982e-06    1.07619e-06    8.32639e-07    6.03543e-07    4.12580e-07    2.63753e-07    1.60319e-07    9.43082e-08    5.49936e-08    3.39872e-08    2.06701e-08    1.20210e-08    5.58708e-09    3.09814e-09    1.08618e-09    5.96559e-10    1.15321e-10    7.11994e-11
+300 ||    1.76763e-05    1.74013e-05    1.68331e-05    1.38148e-05    1.09962e-05    8.13682e-06    5.66968e-06    3.97843e-06    3.08191e-06    2.67215e-06    2.54070e-06    2.53974e-06    2.55954e-06    2.53971e-06    2.48454e-06    2.39473e-06    2.26000e-06    2.07387e-06    1.80639e-06    1.51710e-06    1.24289e-06    9.85109e-07    7.40358e-07    5.08262e-07    3.33494e-07    2.15415e-07    1.41468e-07    8.81209e-08    5.43056e-08    2.81549e-08    1.55307e-08    4.86756e-09    2.59007e-09    3.12579e-10    1.00219e-10
+315 ||    3.04305e-05    3.16106e-05    3.11807e-05    2.55587e-05    2.03020e-05    1.47760e-05    9.85912e-06    6.43112e-06    4.60470e-06    3.75872e-06    3.47044e-06    3.45846e-06    3.49523e-06    3.45718e-06    3.36950e-06    3.25644e-06    3.09545e-06    2.86236e-06    2.53316e-06    2.20088e-06    1.87880e-06    1.54560e-06    1.19786e-06    8.37419e-07    5.58103e-07    3.70082e-07    2.46508e-07    1.54949e-07    9.72566e-08    5.15044e-08    2.91796e-08    8.94000e-09    4.93793e-09    9.35866e-10    1.34016e-10
+330 ||    4.92382e-05    5.05086e-05    5.16043e-05    4.67224e-05    3.69317e-05    2.75554e-05    1.78381e-05    1.03288e-05    5.90005e-06    3.70985e-06    2.85291e-06    2.60612e-06    2.53349e-06    2.45177e-06    2.33441e-06    2.17874e-06    1.97726e-06    1.73851e-06    1.47505e-06    1.24370e-06    1.04288e-06    8.49767e-07    6.57558e-07    4.65620e-07    3.15841e-07    2.10839e-07    1.39304e-07    8.75305e-08    5.40096e-08    2.78460e-08    1.62332e-08    4.75229e-09    2.73286e-09    7.13426e-10    7.19282e-11
+345 ||    6.80459e-05    6.94221e-05    7.21648e-05    6.80721e-05    5.37261e-05    4.05443e-05    2.60272e-05    1.44050e-05    7.35185e-06    3.72763e-06    2.27292e-06    1.76247e-06    1.57737e-06    1.45201e-06    1.30637e-06    1.11077e-06    8.70336e-07    6.24434e-07    4.26726e-07    2.93892e-07    2.12356e-07    1.58613e-07    1.20813e-07    9.55153e-08    7.19520e-08    4.96682e-08    2.94305e-08    1.62279e-08    7.94079e-09    2.90504e-09    1.32757e-09    2.97182e-10    9.50835e-11    3.16127e-11    1.19622e-12
+360 ||    8.27560e-05    8.73988e-05    8.68892e-05    7.17681e-05    4.55902e-05    2.58965e-05    1.46431e-05    7.96406e-06    4.20287e-06    2.17307e-06    1.36698e-06    1.04617e-06    9.24048e-07    8.44102e-07    7.52380e-07    6.44621e-07    5.24181e-07    4.00796e-07    2.91595e-07    2.09423e-07    1.54937e-07    1.21519e-07    9.43364e-08    7.11767e-08    5.15116e-08    3.62755e-08    2.39842e-08    1.40463e-08    7.66576e-09    3.89459e-09    1.47713e-09    6.86924e-10    1.89393e-10    5.09859e-11    2.01339e-11
