##########################################################################################
### MCD_v6.1 with Martian Year 26 scenario.
### Latitude 83.8N. Longitude 235.0E. Local time 12.0h
### --------------------------------------------------------------------------------------
### Column 1 is Areocentric longitude (degrees)
### Columns 2+ are Pressure (Pa)
### Line 1 is height above surface (m)
### --------------------------------------------------------------------------------------
### Retrieved on: 2024-06-07T22:15:42.534593
### Mars Climate Database (c) LMD/OU/IAA/ESA/CNES
##########################################################################################
---- ||    0.00000e+00    1.47059e+03    2.94118e+03    4.41176e+03    5.88235e+03    7.35294e+03    8.82353e+03    1.02941e+04    1.17647e+04    1.32353e+04    1.47059e+04    1.61765e+04    1.76471e+04    1.91176e+04    2.05882e+04    2.20588e+04    2.35294e+04    2.50000e+04    2.64706e+04    2.79412e+04    2.94118e+04    3.08824e+04    3.23529e+04    3.38235e+04    3.52941e+04    3.67647e+04    3.82353e+04    3.97059e+04    4.11765e+04    4.26471e+04    4.41176e+04    4.55882e+04    4.70588e+04    4.85294e+04    5.00000e+04
-----------------------------------
+000 ||    8.16143e+02    6.73532e+02    5.55348e+02    4.57364e+02    3.76092e+02    3.09008e+02    2.54000e+02    2.08939e+02    1.71845e+02    1.41198e+02    1.15810e+02    9.48039e+01    7.74194e+01    6.30837e+01    5.13016e+01    4.16478e+01    3.37619e+01    2.73391e+01    2.21223e+01    1.78961e+01    1.44798e+01    1.17225e+01    9.50258e+00    7.71954e+00    6.28320e+00    5.12480e+00    4.19678e+00    3.44638e+00    2.83595e+00    2.34672e+00    1.94445e+00    1.61894e+00    1.34925e+00    1.13024e+00    9.46782e-01
+015 ||    8.17153e+02    6.74113e+02    5.55736e+02    4.57644e+02    3.76360e+02    3.09571e+02    2.55341e+02    2.11316e+02    1.75123e+02    1.45078e+02    1.19957e+02    9.89356e+01    8.13746e+01    6.67384e+01    5.46053e+01    4.46002e+01    3.63827e+01    2.96572e+01    2.41691e+01    1.97010e+01    1.60703e+01    1.31280e+01    1.07420e+01    8.80381e+00    7.23457e+00    5.96133e+00    4.92225e+00    4.07701e+00    3.38748e+00    2.81862e+00    2.35625e+00    1.97114e+00    1.65608e+00    1.39138e+00    1.17466e+00
+030 ||    8.51286e+02    7.04571e+02    5.83295e+02    4.82573e+02    3.99015e+02    3.30608e+02    2.75498e+02    2.30970e+02    1.94278e+02    1.63467e+02    1.37360e+02    1.15188e+02    9.63539e+01    8.03769e+01    6.68908e+01    5.55490e+01    4.60462e+01    3.81123e+01    3.15100e+01    2.60315e+01    2.14961e+01    1.77528e+01    1.46674e+01    1.21245e+01    1.00370e+01    8.31926e+00    6.90273e+00    5.74286e+00    4.78426e+00    3.99289e+00    3.34126e+00    2.79843e+00    2.35144e+00    1.97677e+00    1.66699e+00
+045 ||    8.83813e+02    7.33711e+02    6.09796e+02    5.06638e+02    4.20948e+02    3.50972e+02    2.94963e+02    2.50108e+02    2.13217e+02    1.82009e+02    1.55255e+02    1.32191e+02    1.12301e+02    9.51907e+01    8.05065e+01    6.79403e+01    5.72192e+01    4.81011e+01    4.03707e+01    3.38337e+01    2.83191e+01    2.36860e+01    1.98019e+01    1.65498e+01    1.38334e+01    1.15665e+01    9.67545e+00    8.10216e+00    6.78786e+00    5.69636e+00    4.78444e+00    4.02314e+00    3.38844e+00    2.85537e+00    2.41127e+00
+060 ||    8.93410e+02    7.46263e+02    6.25198e+02    5.23766e+02    4.38905e+02    3.69412e+02    3.14010e+02    2.69094e+02    2.31631e+02    1.99613e+02    1.71930e+02    1.47859e+02    1.26913e+02    1.08695e+02    9.28728e+01    7.91614e+01    6.73100e+01    5.70970e+01    4.83244e+01    4.08143e+01    3.43957e+01    2.89329e+01    2.43047e+01    2.03947e+01    1.70944e+01    1.43186e+01    1.19901e+01    1.00376e+01    8.40420e+00    7.03728e+00    5.89604e+00    4.94144e+00    4.14449e+00    3.47865e+00    2.92128e+00
+075 ||    8.84333e+02    7.43212e+02    6.27593e+02    5.30106e+02    4.48028e+02    3.80796e+02    3.27353e+02    2.84047e+02    2.47180e+02    2.15156e+02    1.87120e+02    1.62516e+02    1.40902e+02    1.21913e+02    1.05242e+02    9.06243e+01    7.78333e+01    6.66684e+01    5.69523e+01    4.85254e+01    4.12429e+01    3.49476e+01    2.95463e+01    2.49324e+01    2.10045e+01    1.76557e+01    1.48248e+01    1.24377e+01    1.04205e+01    8.72770e+00    7.30545e+00    6.11300e+00    5.11432e+00    4.27863e+00    3.58006e+00
+090 ||    8.47944e+02    7.22478e+02    6.17730e+02    5.28165e+02    4.51396e+02    3.86590e+02    3.32861e+02    2.88058e+02    2.49968e+02    2.16985e+02    1.88220e+02    1.63021e+02    1.40926e+02    1.21555e+02    1.04588e+02    8.97520e+01    7.68096e+01    6.55509e+01    5.57887e+01    4.73543e+01    4.00945e+01    3.38506e+01    2.85172e+01    2.39813e+01    2.01365e+01    1.68796e+01    1.41339e+01    1.18276e+01    9.89003e+00    8.26775e+00    6.91039e+00    5.77599e+00    4.82862e+00    4.03785e+00    3.37887e+00
+105 ||    8.04295e+02    6.95522e+02    6.02747e+02    5.22210e+02    4.51951e+02    3.91185e+02    3.38722e+02    2.93144e+02    2.53723e+02    2.19594e+02    1.89942e+02    1.64079e+02    1.41427e+02    1.21592e+02    1.04261e+02    8.91480e+01    7.60055e+01    6.46133e+01    5.47737e+01    4.63074e+01    3.90515e+01    3.28430e+01    2.75666e+01    2.31002e+01    1.93321e+01    1.61591e+01    1.34939e+01    1.12644e+01    9.40051e+00    7.84555e+00    6.54875e+00    5.46854e+00    4.56948e+00    3.81979e+00    3.19744e+00
+120 ||    7.66157e+02    6.64380e+02    5.76390e+02    4.99534e+02    4.32264e+02    3.73664e+02    3.22675e+02    2.78240e+02    2.39794e+02    2.06613e+02    1.77924e+02    1.52974e+02    1.31235e+02    1.12305e+02    9.58442e+01    8.15639e+01    6.92107e+01    5.85598e+01    4.94100e+01    4.15805e+01    3.49084e+01    2.92467e+01    2.44614e+01    2.04264e+01    1.70397e+01    1.42072e+01    1.18418e+01    9.87074e+00    8.23083e+00    6.86555e+00    5.73340e+00    4.79124e+00    4.00781e+00    3.35789e+00    2.81485e+00
+135 ||    7.40389e+02    6.43974e+02    5.59367e+02    4.85017e+02    4.19716e+02    3.62361e+02    3.12060e+02    2.68046e+02    2.29943e+02    1.97183e+02    1.69005e+02    1.44625e+02    1.23498e+02    1.05191e+02    8.93551e+01    7.56893e+01    6.39308e+01    5.38466e+01    4.52295e+01    3.78953e+01    3.16799e+01    2.64361e+01    2.20306e+01    1.83425e+01    1.52631e+01    1.26995e+01    1.05705e+01    8.80214e+00    7.33806e+00    6.12424e+00    5.11546e+00    4.28228e+00    3.58873e+00    3.01226e+00    2.53325e+00
+150 ||    7.17497e+02    6.18349e+02    5.31257e+02    4.55031e+02    3.88358e+02    3.30155e+02    2.79684e+02    2.36379e+02    1.99794e+02    1.69041e+02    1.43020e+02    1.20830e+02    1.01865e+02    8.56635e+01    7.18344e+01    6.00835e+01    5.01354e+01    4.17442e+01    3.46923e+01    2.87881e+01    2.38618e+01    1.97631e+01    1.63660e+01    1.35561e+01    1.12338e+01    9.31813e+00    7.74045e+00    6.43702e+00    5.36188e+00    4.47597e+00    3.74074e+00    3.13437e+00    2.63007e+00    2.21119e+00    1.86212e+00
+165 ||    7.10266e+02    6.06175e+02    5.14747e+02    4.35261e+02    3.66055e+02    3.06177e+02    2.55013e+02    2.12103e+02    1.76763e+02    1.47672e+02    1.23391e+02    1.02944e+02    8.57035e+01    7.11834e+01    5.89776e+01    4.87704e+01    4.02653e+01    3.32030e+01    2.73574e+01    2.25320e+01    1.85574e+01    1.52910e+01    1.26115e+01    1.04136e+01    8.60942e+00    7.13168e+00    5.92040e+00    4.92241e+00    4.10276e+00    3.42764e+00    2.86710e+00    2.40670e+00    2.02076e+00    1.70326e+00    1.43565e+00
+180 ||    7.33130e+02    6.15365e+02    5.14633e+02    4.29217e+02    3.56838e+02    2.95997e+02    2.45240e+02    2.03129e+02    1.68317e+02    1.39412e+02    1.15302e+02    9.51369e+01    7.83172e+01    6.43307e+01    5.27338e+01    4.31446e+01    3.52468e+01    2.87631e+01    2.34547e+01    1.91190e+01    1.55868e+01    1.27161e+01    1.03867e+01    8.49669e+00    6.96469e+00    5.72632e+00    4.71832e+00    3.89601e+00    3.23030e+00    2.68282e+00    2.23571e+00    1.86740e+00    1.56425e+00    1.31250e+00    1.10505e+00
+195 ||    7.70189e+02    6.36397e+02    5.24858e+02    4.32397e+02    3.56059e+02    2.93529e+02    2.42205e+02    1.99700e+02    1.64327e+02    1.34898e+02    1.10440e+02    9.02098e+01    7.35139e+01    5.97729e+01    4.85082e+01    3.92987e+01    3.17900e+01    2.56848e+01    2.07346e+01    1.67320e+01    1.35047e+01    1.09092e+01    8.82472e+00    7.15811e+00    5.82381e+00    4.75108e+00    3.88644e+00    3.19486e+00    2.63280e+00    2.17747e+00    1.80798e+00    1.50501e+00    1.25743e+00    1.05363e+00    8.83884e-01
+210 ||    8.10366e+02    6.69228e+02    5.51840e+02    4.54602e+02    3.74108e+02    3.07764e+02    2.53076e+02    2.07813e+02    1.70297e+02    1.39267e+02    1.13628e+02    9.25347e+01    7.51926e+01    6.09852e+01    4.93738e+01    3.99045e+01    3.21991e+01    2.59436e+01    2.08777e+01    1.67858e+01    1.34899e+01    1.08430e+01    8.72244e+00    7.02998e+00    5.68563e+00    4.61371e+00    3.75627e+00    3.07487e+00    2.52747e+00    2.08350e+00    1.72892e+00    1.43647e+00    1.20115e+00    1.00582e+00    8.44938e-01
+225 ||    8.50285e+02    7.01839e+02    5.78636e+02    4.76653e+02    3.92040e+02    3.21917e+02    2.63889e+02    2.15886e+02    1.76250e+02    1.43632e+02    1.16833e+02    9.48801e+01    7.69052e+01    6.22319e+01    5.02727e+01    4.05411e+01    3.26358e+01    2.62267e+01    2.10416e+01    1.68572e+01    1.34898e+01    1.07888e+01    8.63055e+00    6.91187e+00    5.55668e+00    4.48552e+00    3.63626e+00    2.96340e+00    2.43038e+00    1.99794e+00    1.65680e+00    1.37462e+00    1.15034e+00    9.62661e-01    8.10055e-01
+240 ||    8.99907e+02    7.43933e+02    6.13521e+02    5.05408e+02    4.15670e+02    3.41293e+02    2.79756e+02    2.28896e+02    1.86935e+02    1.52407e+02    1.24024e+02    1.00769e+02    8.17172e+01    6.61554e+01    5.34660e+01    4.31354e+01    3.47396e+01    2.79287e+01    2.24150e+01    1.79619e+01    1.43751e+01    1.14949e+01    9.18822e+00    7.35164e+00    5.89415e+00    4.73864e+00    3.82213e+00    3.10240e+00    2.52913e+00    2.06871e+00    1.70608e+00    1.40855e+00    1.17310e+00    9.77706e-01    8.19054e-01
+255 ||    9.30037e+02    7.69922e+02    6.35109e+02    5.23135e+02    4.30137e+02    3.53084e+02    2.89348e+02    2.36717e+02    1.93335e+02    1.57648e+02    1.28320e+02    1.04282e+02    8.45837e+01    6.84923e+01    5.53673e+01    4.46792e+01    3.59903e+01    2.89395e+01    2.32292e+01    1.86152e+01    1.48971e+01    1.19098e+01    9.51564e+00    7.60621e+00    6.08647e+00    4.87878e+00    3.92154e+00    3.16895e+00    2.57070e+00    2.09338e+00    1.71789e+00    1.41202e+00    1.17102e+00    9.71972e-01    8.11385e-01
+270 ||    9.29792e+02    7.70076e+02    6.35360e+02    5.23400e+02    4.30386e+02    3.53304e+02    2.89536e+02    2.36873e+02    1.93462e+02    1.57751e+02    1.28395e+02    1.04339e+02    8.46256e+01    6.85202e+01    5.53843e+01    4.46877e+01    3.59922e+01    2.89362e+01    2.32219e+01    1.86046e+01    1.48837e+01    1.18941e+01    9.49813e+00    7.58739e+00    6.06720e+00    4.85949e+00    3.90181e+00    3.14789e+00    2.54895e+00    2.07076e+00    1.69638e+00    1.39123e+00    1.15240e+00    9.54653e-01    7.95979e-01
+285 ||    9.16743e+02    7.59626e+02    6.26846e+02    5.16387e+02    4.24589e+02    3.48517e+02    2.85584e+02    2.33611e+02    1.90768e+02    1.55527e+02    1.26564e+02    1.02832e+02    8.33853e+01    6.75020e+01    5.45490e+01    4.40028e+01    3.54307e+01    2.84759e+01    2.28444e+01    1.82947e+01    1.46288e+01    1.16843e+01    9.32567e+00    7.44492e+00    5.94975e+00    4.76261e+00    3.82056e+00    3.07764e+00    2.48852e+00    2.01706e+00    1.65051e+00    1.35251e+00    1.11824e+00    9.24550e-01    7.70401e-01
+300 ||    8.89028e+02    7.35878e+02    6.06969e+02    4.99870e+02    4.10910e+02    3.37198e+02    2.76233e+02    2.25901e+02    1.84422e+02    1.50311e+02    1.22290e+02    9.93291e+01    8.05259e+01    6.51727e+01    5.26562e+01    4.24692e+01    3.41928e+01    2.74816e+01    2.20514e+01    1.76681e+01    1.41394e+01    1.13072e+01    9.03979e+00    7.23206e+00    5.79590e+00    4.65517e+00    3.74879e+00    3.03221e+00    2.46415e+00    2.00762e+00    1.65096e+00    1.35921e+00    1.12891e+00    9.37633e-01    7.84295e-01
+315 ||    8.65182e+02    7.15340e+02    5.89751e+02    4.85567e+02    3.99067e+02    3.27399e+02    2.68139e+02    2.19229e+02    1.78933e+02    1.45802e+02    1.18596e+02    9.63040e+01    7.80568e+01    6.31621e+01    5.10234e+01    4.11475e+01    3.31273e+01    2.66275e+01    2.13722e+01    1.71343e+01    1.37253e+01    1.09908e+01    8.80280e+00    7.05768e+00    5.67279e+00    4.57208e+00    3.69630e+00    3.00218e+00    2.45206e+00    2.00775e+00    1.65925e+00    1.37211e+00    1.14485e+00    9.55227e-01    8.01888e-01
+330 ||    8.51150e+02    7.03217e+02    5.79873e+02    4.77597e+02    3.92691e+02    3.22313e+02    2.64106e+02    2.16117e+02    1.76625e+02    1.44143e+02    1.17422e+02    9.54687e+01    7.74477e+01    6.27073e+01    5.06767e+01    4.08795e+01    3.29188e+01    2.64654e+01    2.12472e+01    1.70394e+01    1.36558e+01    1.09429e+01    8.77287e+00    7.04201e+00    5.66822e+00    4.57543e+00    3.70479e+00    3.01391e+00    2.46445e+00    2.01966e+00    1.66943e+00    1.38032e+00    1.15090e+00    9.59617e-01    8.04528e-01
+345 ||    8.44307e+02    6.97044e+02    5.74910e+02    4.73715e+02    3.89703e+02    3.20032e+02    2.62397e+02    2.14917e+02    1.75893e+02    1.43786e+02    1.17317e+02    9.55186e+01    7.75644e+01    6.28460e+01    5.08144e+01    4.10059e+01    3.30307e+01    2.65630e+01    2.13322e+01    1.71139e+01    1.37226e+01    1.10043e+01    8.82993e+00    7.09627e+00    5.71918e+00    4.62274e+00    3.74799e+00    3.05396e+00    2.49932e+00    2.05060e+00    1.69440e+00    1.40087e+00    1.16683e+00    9.72250e-01    8.13828e-01
+360 ||    8.36683e+02    6.90474e+02    5.69305e+02    4.68971e+02    3.86313e+02    3.18698e+02    2.63227e+02    2.17353e+02    1.79248e+02    1.47563e+02    1.21161e+02    9.92540e+01    8.11069e+01    6.61196e+01    5.37995e+01    4.37027e+01    3.54517e+01    2.87271e+01    2.32609e+01    1.88282e+01    1.52410e+01    1.23422e+01    1.00094e+01    8.13061e+00    6.61576e+00    5.39915e+00    4.42113e+00    3.62974e+00    2.99046e+00    2.47402e+00    2.05007e+00    1.70850e+00    1.42450e+00    1.19400e+00    1.00167e+00
##########################################################################################
### MCD_v6.1 with Martian Year 26 scenario.
### Latitude 83.8N. Longitude 235.0E. Local time 12.0h
### --------------------------------------------------------------------------------------
### Column 1 is Areocentric longitude (degrees)
### Columns 2+ are Temperature (K)
### Line 1 is height above surface (m)
### --------------------------------------------------------------------------------------
### Retrieved on: 2024-06-07T22:15:42.542920
### Mars Climate Database (c) LMD/OU/IAA/ESA/CNES
##########################################################################################
---- ||    0.00000e+00    1.47059e+03    2.94118e+03    4.41176e+03    5.88235e+03    7.35294e+03    8.82353e+03    1.02941e+04    1.17647e+04    1.32353e+04    1.47059e+04    1.61765e+04    1.76471e+04    1.91176e+04    2.05882e+04    2.20588e+04    2.35294e+04    2.50000e+04    2.64706e+04    2.79412e+04    2.94118e+04    3.08824e+04    3.23529e+04    3.38235e+04    3.52941e+04    3.67647e+04    3.82353e+04    3.97059e+04    4.11765e+04    4.26471e+04    4.41176e+04    4.55882e+04    4.70588e+04    4.85294e+04    5.00000e+04
-----------------------------------
+000 ||    1.49269e+02    1.49213e+02    1.48267e+02    1.47004e+02    1.45857e+02    1.45658e+02    1.46365e+02    1.46666e+02    1.46075e+02    1.44883e+02    1.43308e+02    1.41594e+02    1.39892e+02    1.38334e+02    1.36976e+02    1.35839e+02    1.34938e+02    1.34283e+02    1.33891e+02    1.33784e+02    1.33981e+02    1.34485e+02    1.35394e+02    1.36674e+02    1.38183e+02    1.39899e+02    1.41942e+02    1.44109e+02    1.46368e+02    1.48829e+02    1.51264e+02    1.53598e+02    1.55884e+02    1.57927e+02    1.59969e+02
+015 ||    1.49425e+02    1.49310e+02    1.48393e+02    1.47150e+02    1.46327e+02    1.47419e+02    1.50230e+02    1.52161e+02    1.52293e+02    1.51134e+02    1.49132e+02    1.46819e+02    1.44555e+02    1.42604e+02    1.41057e+02    1.39895e+02    1.39095e+02    1.38643e+02    1.38529e+02    1.38737e+02    1.39272e+02    1.40158e+02    1.41312e+02    1.42683e+02    1.44321e+02    1.46140e+02    1.48066e+02    1.50116e+02    1.52226e+02    1.54363e+02    1.56509e+02    1.58636e+02    1.60649e+02    1.62661e+02    1.64337e+02
+030 ||    1.49763e+02    1.52619e+02    1.52013e+02    1.51108e+02    1.51247e+02    1.54719e+02    1.60773e+02    1.65397e+02    1.66735e+02    1.65826e+02    1.63874e+02    1.61510e+02    1.59039e+02    1.56692e+02    1.54578e+02    1.52745e+02    1.51213e+02    1.49985e+02    1.49060e+02    1.48433e+02    1.48163e+02    1.48191e+02    1.48471e+02    1.48965e+02    1.49797e+02    1.50802e+02    1.51953e+02    1.53330e+02    1.54767e+02    1.56279e+02    1.57838e+02    1.59406e+02    1.60948e+02    1.62471e+02    1.63865e+02
+045 ||    1.50102e+02    1.55912e+02    1.55605e+02    1.54996e+02    1.55792e+02    1.61161e+02    1.70053e+02    1.77774e+02    1.80788e+02    1.80555e+02    1.78810e+02    1.76425e+02    1.73864e+02    1.71321e+02    1.68882e+02    1.66603e+02    1.64521e+02    1.62665e+02    1.61055e+02    1.59718e+02    1.58705e+02    1.57961e+02    1.57458e+02    1.57190e+02    1.57252e+02    1.57470e+02    1.57886e+02    1.58533e+02    1.59267e+02    1.60194e+02    1.61158e+02    1.62171e+02    1.63205e+02    1.64245e+02    1.65219e+02
+060 ||    1.50127e+02    1.63188e+02    1.63435e+02    1.63001e+02    1.64675e+02    1.72736e+02    1.83694e+02    1.90446e+02    1.92864e+02    1.92771e+02    1.91087e+02    1.88651e+02    1.85872e+02    1.82932e+02    1.79945e+02    1.76990e+02    1.74131e+02    1.71423e+02    1.68908e+02    1.66614e+02    1.64606e+02    1.62891e+02    1.61439e+02    1.60232e+02    1.59344e+02    1.58737e+02    1.58289e+02    1.58104e+02    1.58075e+02    1.58169e+02    1.58460e+02    1.58823e+02    1.59323e+02    1.59887e+02    1.60496e+02
+075 ||    1.50152e+02    1.70384e+02    1.71225e+02    1.70900e+02    1.73348e+02    1.83667e+02    1.97948e+02    2.04954e+02    2.06424e+02    2.05391e+02    2.03480e+02    2.01024e+02    1.98184e+02    1.95067e+02    1.91767e+02    1.88366e+02    1.84940e+02    1.81558e+02    1.78285e+02    1.75170e+02    1.72244e+02    1.69612e+02    1.67234e+02    1.65103e+02    1.63207e+02    1.61719e+02    1.60451e+02    1.59349e+02    1.58570e+02    1.57876e+02    1.57344e+02    1.56968e+02    1.56683e+02    1.56654e+02    1.56703e+02
+090 ||    1.73191e+02    1.85772e+02    1.86660e+02    1.85481e+02    1.85556e+02    1.89584e+02    1.96070e+02    2.01090e+02    2.02235e+02    2.01582e+02    1.99801e+02    1.97181e+02    1.94163e+02    1.90905e+02    1.87506e+02    1.84058e+02    1.80641e+02    1.77318e+02    1.74141e+02    1.71155e+02    1.68398e+02    1.65971e+02    1.63837e+02    1.61976e+02    1.60371e+02    1.59111e+02    1.58134e+02    1.57336e+02    1.56814e+02    1.56449e+02    1.56189e+02    1.56165e+02    1.56243e+02    1.56487e+02    1.56876e+02
+105 ||    1.96230e+02    2.01273e+02    2.02175e+02    2.00491e+02    1.99175e+02    1.99835e+02    1.99429e+02    1.98612e+02    1.98560e+02    1.97684e+02    1.96139e+02    1.93530e+02    1.90319e+02    1.86878e+02    1.83348e+02    1.79819e+02    1.76387e+02    1.73111e+02    1.70026e+02    1.67170e+02    1.64584e+02    1.62376e+02    1.60496e+02    1.58915e+02    1.57605e+02    1.56587e+02    1.55912e+02    1.55439e+02    1.55191e+02    1.55175e+02    1.55262e+02    1.55535e+02    1.55972e+02    1.56501e+02    1.57220e+02
+120 ||    2.00156e+02    2.03422e+02    2.02478e+02    2.00313e+02    1.98196e+02    1.96987e+02    1.95047e+02    1.93419e+02    1.92675e+02    1.91848e+02    1.90314e+02    1.87669e+02    1.84538e+02    1.81222e+02    1.77858e+02    1.74538e+02    1.71334e+02    1.68296e+02    1.65466e+02    1.62899e+02    1.60647e+02    1.58740e+02    1.57177e+02    1.56012e+02    1.55207e+02    1.54679e+02    1.54388e+02    1.54466e+02    1.54704e+02    1.55081e+02    1.55714e+02    1.56448e+02    1.57317e+02    1.58311e+02    1.59343e+02
+135 ||    2.04082e+02    2.05657e+02    2.02882e+02    2.00425e+02    1.97417e+02    1.94314e+02    1.90881e+02    1.88247e+02    1.86882e+02    1.86145e+02    1.84691e+02    1.82179e+02    1.79179e+02    1.76012e+02    1.72833e+02    1.69724e+02    1.66736e+02    1.63915e+02    1.61315e+02    1.59010e+02    1.57070e+02    1.55532e+02    1.54395e+02    1.53631e+02    1.53206e+02    1.53221e+02    1.53483e+02    1.53946e+02    1.54687e+02    1.55591e+02    1.56612e+02    1.57829e+02    1.59094e+02    1.60427e+02    1.61761e+02
+150 ||    1.96244e+02    1.92351e+02    1.88368e+02    1.84683e+02    1.80332e+02    1.76142e+02    1.72648e+02    1.71152e+02    1.71584e+02    1.71965e+02    1.70797e+02    1.68571e+02    1.65947e+02    1.63243e+02    1.60637e+02    1.58211e+02    1.56016e+02    1.54097e+02    1.52495e+02    1.51241e+02    1.50344e+02    1.49870e+02    1.49735e+02    1.49898e+02    1.50319e+02    1.51028e+02    1.51980e+02    1.53074e+02    1.54344e+02    1.55749e+02    1.57208e+02    1.58736e+02    1.60254e+02    1.61760e+02    1.63194e+02
+165 ||    1.88407e+02    1.78859e+02    1.73848e+02    1.69052e+02    1.63292e+02    1.58325e+02    1.55408e+02    1.55700e+02    1.58201e+02    1.59290e+02    1.58370e+02    1.56453e+02    1.54306e+02    1.52226e+02    1.50384e+02    1.48830e+02    1.47595e+02    1.46685e+02    1.46095e+02    1.45815e+02    1.45829e+02    1.46169e+02    1.46804e+02    1.47674e+02    1.48745e+02    1.50050e+02    1.51528e+02    1.53098e+02    1.54773e+02    1.56482e+02    1.58209e+02    1.59891e+02    1.61571e+02    1.63079e+02    1.64586e+02
+180 ||    1.70549e+02    1.64016e+02    1.60781e+02    1.57531e+02    1.54583e+02    1.52848e+02    1.52059e+02    1.52321e+02    1.52668e+02    1.51710e+02    1.49994e+02    1.48008e+02    1.46083e+02    1.44307e+02    1.42746e+02    1.41451e+02    1.40419e+02    1.39650e+02    1.39151e+02    1.38925e+02    1.39039e+02    1.39490e+02    1.40294e+02    1.41409e+02    1.42831e+02    1.44507e+02    1.46306e+02    1.48214e+02    1.50247e+02    1.52306e+02    1.54414e+02    1.56478e+02    1.58488e+02    1.60395e+02    1.62089e+02
+195 ||    1.52691e+02    1.49621e+02    1.48380e+02    1.47407e+02    1.47717e+02    1.48832e+02    1.48923e+02    1.47666e+02    1.45805e+02    1.43799e+02    1.41908e+02    1.40116e+02    1.38469e+02    1.36965e+02    1.35625e+02    1.34455e+02    1.33473e+02    1.32705e+02    1.32183e+02    1.31954e+02    1.32090e+02    1.32668e+02    1.33705e+02    1.35247e+02    1.37055e+02    1.39051e+02    1.41205e+02    1.43571e+02    1.46019e+02    1.48584e+02    1.51138e+02    1.53683e+02    1.56057e+02    1.58298e+02    1.60460e+02
+210 ||    1.50930e+02    1.49210e+02    1.48252e+02    1.47287e+02    1.46754e+02    1.46656e+02    1.45982e+02    1.44512e+02    1.42829e+02    1.41144e+02    1.39555e+02    1.38035e+02    1.36598e+02    1.35242e+02    1.33980e+02    1.32811e+02    1.31754e+02    1.30834e+02    1.30079e+02    1.29544e+02    1.29291e+02    1.29439e+02    1.30090e+02    1.31479e+02    1.33428e+02    1.35791e+02    1.38468e+02    1.41288e+02    1.44244e+02    1.47293e+02    1.50420e+02    1.53562e+02    1.56270e+02    1.58881e+02    1.61253e+02
+225 ||    1.49169e+02    1.48802e+02    1.48123e+02    1.47167e+02    1.45791e+02    1.44461e+02    1.43018e+02    1.41362e+02    1.39895e+02    1.38549e+02    1.37267e+02    1.36015e+02    1.34772e+02    1.33555e+02    1.32355e+02    1.31172e+02    1.30024e+02    1.28934e+02    1.27930e+02    1.27071e+02    1.26406e+02    1.26114e+02    1.26432e+02    1.27667e+02    1.29809e+02    1.32639e+02    1.35850e+02    1.39133e+02    1.42624e+02    1.46186e+02    1.49936e+02    1.53642e+02    1.56626e+02    1.59610e+02    1.62144e+02
+240 ||    1.49056e+02    1.48676e+02    1.47955e+02    1.46960e+02    1.45623e+02    1.44305e+02    1.42952e+02    1.41494e+02    1.40120e+02    1.38813e+02    1.37541e+02    1.36289e+02    1.35049e+02    1.33829e+02    1.32627e+02    1.31444e+02    1.30291e+02    1.29181e+02    1.28140e+02    1.27212e+02    1.26457e+02    1.25986e+02    1.25900e+02    1.26738e+02    1.28115e+02    1.30139e+02    1.32836e+02    1.35839e+02    1.39029e+02    1.42363e+02    1.46107e+02    1.49904e+02    1.52984e+02    1.56006e+02    1.58664e+02
+255 ||    1.48943e+02    1.48549e+02    1.47735e+02    1.46615e+02    1.45303e+02    1.44004e+02    1.42730e+02    1.41461e+02    1.40194e+02    1.38931e+02    1.37672e+02    1.36419e+02    1.35184e+02    1.33963e+02    1.32759e+02    1.31577e+02    1.30421e+02    1.29299e+02    1.28231e+02    1.27255e+02    1.26439e+02    1.25869e+02    1.25657e+02    1.26066e+02    1.26852e+02    1.28173e+02    1.30342e+02    1.33010e+02    1.35906e+02    1.39012e+02    1.42730e+02    1.46574e+02    1.49699e+02    1.52758e+02    1.55470e+02
+270 ||    1.48744e+02    1.48387e+02    1.47655e+02    1.46594e+02    1.45290e+02    1.43988e+02    1.42705e+02    1.41430e+02    1.40154e+02    1.38884e+02    1.37622e+02    1.36366e+02    1.35123e+02    1.33893e+02    1.32679e+02    1.31483e+02    1.30308e+02    1.29165e+02    1.28071e+02    1.27057e+02    1.26191e+02    1.25564e+02    1.25293e+02    1.25651e+02    1.26388e+02    1.27627e+02    1.29573e+02    1.31885e+02    1.34536e+02    1.37497e+02    1.41376e+02    1.45377e+02    1.48439e+02    1.51491e+02    1.54057e+02
+285 ||    1.48545e+02    1.48225e+02    1.47541e+02    1.46482e+02    1.45184e+02    1.43879e+02    1.42588e+02    1.41307e+02    1.40023e+02    1.38747e+02    1.37481e+02    1.36223e+02    1.34972e+02    1.33734e+02    1.32510e+02    1.31301e+02    1.30110e+02    1.28947e+02    1.27831e+02    1.26785e+02    1.25885e+02    1.25235e+02    1.24908e+02    1.25261e+02    1.25989e+02    1.27198e+02    1.28930e+02    1.30879e+02    1.33359e+02    1.36183e+02    1.40344e+02    1.44352e+02    1.47396e+02    1.50441e+02    1.52782e+02
+300 ||    1.48624e+02    1.48223e+02    1.47491e+02    1.46371e+02    1.45033e+02    1.43695e+02    1.42413e+02    1.41147e+02    1.39878e+02    1.38614e+02    1.37358e+02    1.36110e+02    1.34874e+02    1.33658e+02    1.32462e+02    1.31294e+02    1.30162e+02    1.29092e+02    1.28115e+02    1.27267e+02    1.26594e+02    1.26217e+02    1.26226e+02    1.26940e+02    1.28116e+02    1.29778e+02    1.31905e+02    1.34409e+02    1.37427e+02    1.40717e+02    1.44799e+02    1.48775e+02    1.51935e+02    1.55096e+02    1.57408e+02
+315 ||    1.48704e+02    1.48222e+02    1.47452e+02    1.46288e+02    1.44909e+02    1.43540e+02    1.42266e+02    1.41015e+02    1.39760e+02    1.38509e+02    1.37263e+02    1.36023e+02    1.34803e+02    1.33608e+02    1.32441e+02    1.31314e+02    1.30245e+02    1.29270e+02    1.28437e+02    1.27799e+02    1.27353e+02    1.27249e+02    1.27607e+02    1.28685e+02    1.30297e+02    1.32383e+02    1.34914e+02    1.37951e+02    1.41455e+02    1.45152e+02    1.49154e+02    1.53107e+02    1.56373e+02    1.59639e+02    1.61996e+02
+330 ||    1.49043e+02    1.48705e+02    1.47925e+02    1.46777e+02    1.45365e+02    1.43985e+02    1.42809e+02    1.41888e+02    1.40900e+02    1.39682e+02    1.38280e+02    1.36801e+02    1.35350e+02    1.33989e+02    1.32713e+02    1.31525e+02    1.30431e+02    1.29454e+02    1.28643e+02    1.28047e+02    1.27701e+02    1.27725e+02    1.28186e+02    1.29247e+02    1.30871e+02    1.32925e+02    1.35360e+02    1.38206e+02    1.41389e+02    1.44717e+02    1.48175e+02    1.51617e+02    1.54580e+02    1.57543e+02    1.59802e+02
+345 ||    1.49382e+02    1.49190e+02    1.48422e+02    1.47324e+02    1.45882e+02    1.44487e+02    1.43398e+02    1.42802e+02    1.42087e+02    1.40918e+02    1.39368e+02    1.37655e+02    1.35970e+02    1.34438e+02    1.33048e+02    1.31792e+02    1.30667e+02    1.29682e+02    1.28884e+02    1.28320e+02    1.28058e+02    1.28183e+02    1.28718e+02    1.29762e+02    1.31367e+02    1.33363e+02    1.35689e+02    1.38348e+02    1.41205e+02    1.44177e+02    1.47097e+02    1.50013e+02    1.52681e+02    1.55338e+02    1.57520e+02
+360 ||    1.49534e+02    1.49238e+02    1.48361e+02    1.47580e+02    1.48280e+02    1.49675e+02    1.49923e+02    1.49096e+02    1.47674e+02    1.45878e+02    1.43919e+02    1.41995e+02    1.40219e+02    1.38687e+02    1.37375e+02    1.36275e+02    1.35387e+02    1.34720e+02    1.34296e+02    1.34136e+02    1.34254e+02    1.34666e+02    1.35540e+02    1.36711e+02    1.38150e+02    1.39958e+02    1.42031e+02    1.44249e+02    1.46609e+02    1.49059e+02    1.51545e+02    1.53922e+02    1.56291e+02    1.58393e+02    1.60451e+02
##########################################################################################
### MCD_v6.1 with Martian Year 26 scenario.
### Latitude 83.8N. Longitude 235.0E. Local time 12.0h
### --------------------------------------------------------------------------------------
### Column 1 is Areocentric longitude (degrees)
### Columns 2+ are Dust mass mixing ratio (kg/kg)
### Line 1 is height above surface (m)
### --------------------------------------------------------------------------------------
### Retrieved on: 2024-06-07T22:15:42.551206
### Mars Climate Database (c) LMD/OU/IAA/ESA/CNES
##########################################################################################
---- ||    0.00000e+00    1.47059e+03    2.94118e+03    4.41176e+03    5.88235e+03    7.35294e+03    8.82353e+03    1.02941e+04    1.17647e+04    1.32353e+04    1.47059e+04    1.61765e+04    1.76471e+04    1.91176e+04    2.05882e+04    2.20588e+04    2.35294e+04    2.50000e+04    2.64706e+04    2.79412e+04    2.94118e+04    3.08824e+04    3.23529e+04    3.38235e+04    3.52941e+04    3.67647e+04    3.82353e+04    3.97059e+04    4.11765e+04    4.26471e+04    4.41176e+04    4.55882e+04    4.70588e+04    4.85294e+04    5.00000e+04
-----------------------------------
+000 ||    3.73356e-06    3.53264e-06    3.47598e-06    3.38112e-06    3.32841e-06    3.24477e-06    2.99843e-06    2.57363e-06    2.05339e-06    1.52621e-06    1.07091e-06    7.03953e-07    4.40881e-07    2.62444e-07    1.48003e-07    7.96343e-08    4.22766e-08    2.29182e-08    1.26453e-08    6.88895e-09    3.53083e-09    1.55798e-09    5.81285e-10    1.84241e-10    2.13260e-11    5.70289e-14    4.22879e-14    2.79874e-14    1.40109e-14    1.22815e-14    1.10797e-14    1.15608e-14    1.17173e-14    1.01959e-14    8.67459e-15
+015 ||    2.76598e-06    2.70730e-06    2.58049e-06    2.40362e-06    2.35072e-06    2.37567e-06    2.27616e-06    1.96144e-06    1.52370e-06    1.07600e-06    6.98161e-07    4.06399e-07    2.03347e-07    8.68480e-08    3.06789e-08    8.02264e-09    1.21532e-09    9.41836e-11    4.06823e-11    2.88722e-11    1.82639e-11    7.26126e-12    1.73132e-12    1.57723e-13    8.22653e-14    8.71703e-14    1.08102e-13    8.02982e-14    5.34635e-14    2.75979e-14    2.19072e-14    1.64944e-14    1.27515e-14    9.00867e-15    7.14350e-15
+030 ||    1.91200e-06    2.27452e-06    2.18239e-06    2.01359e-06    1.94238e-06    1.97169e-06    1.93359e-06    1.71335e-06    1.35809e-06    9.98493e-07    6.97810e-07    4.63136e-07    2.91582e-07    1.76999e-07    1.02496e-07    5.71960e-08    3.11681e-08    1.66659e-08    8.67941e-09    4.12072e-09    1.90404e-09    8.08931e-10    2.84042e-10    8.19030e-11    4.56954e-11    2.43389e-11    1.55055e-11    1.09888e-11    7.18696e-12    4.21619e-12    2.49561e-12    1.14027e-12    6.80793e-13    2.67978e-13    1.70047e-13
+045 ||    1.05802e-06    1.84007e-06    1.78138e-06    1.62732e-06    1.52811e-06    1.56952e-06    1.56863e-06    1.43493e-06    1.14339e-06    8.43810e-07    6.02912e-07    4.33028e-07    3.17336e-07    2.34524e-07    1.72294e-07    1.23815e-07    8.56352e-08    5.62171e-08    3.45552e-08    1.98071e-08    1.09645e-08    5.51384e-09    2.35451e-09    8.56228e-10    3.96408e-10    1.39277e-10    7.38110e-11    4.56092e-11    2.97715e-11    2.14598e-11    1.42697e-11    8.60176e-12    5.16233e-12    2.44491e-12    1.47162e-12
+060 ||    9.07606e-07    2.14895e-06    2.18533e-06    1.92592e-06    1.63506e-06    1.64024e-06    1.73804e-06    1.55581e-06    1.28059e-06    1.02079e-06    8.06827e-07    6.38169e-07    5.03797e-07    3.96150e-07    3.08551e-07    2.35876e-07    1.75299e-07    1.25860e-07    8.69191e-08    5.71527e-08    3.65186e-08    2.20836e-08    1.18523e-08    5.01574e-09    2.00902e-09    7.71721e-10    2.25856e-10    1.24168e-10    6.78765e-11    4.81192e-11    3.58084e-11    2.53469e-11    1.72536e-11    1.13143e-11    6.87233e-12
+075 ||    7.57195e-07    2.43711e-06    2.58063e-06    2.24589e-06    1.74381e-06    1.66360e-06    1.91461e-06    1.72165e-06    1.37985e-06    1.13549e-06    9.57292e-07    8.14638e-07    6.89119e-07    5.74428e-07    4.70464e-07    3.77748e-07    2.95798e-07    2.24766e-07    1.65465e-07    1.17837e-07    8.03815e-08    5.42664e-08    3.43435e-08    1.92439e-08    8.16987e-09    3.70587e-09    1.25421e-09    3.27480e-10    1.89960e-10    9.16436e-11    6.85475e-11    5.13796e-11    3.74082e-11    2.68233e-11    1.80549e-11
+090 ||    4.74741e-06    5.42503e-06    4.54691e-06    3.77946e-06    3.20221e-06    2.85452e-06    2.52456e-06    2.17139e-06    1.71640e-06    1.35068e-06    1.09780e-06    9.07483e-07    7.50385e-07    6.14470e-07    4.96071e-07    3.93183e-07    3.04498e-07    2.27638e-07    1.61498e-07    1.07428e-07    6.66276e-08    4.11179e-08    2.42130e-08    1.29307e-08    5.68601e-09    2.47344e-09    1.00168e-09    3.17994e-10    1.50582e-10    6.80791e-11    4.20537e-11    3.10811e-11    2.22039e-11    1.59506e-11    1.14701e-11
+105 ||    8.73763e-06    8.55086e-06    6.81869e-06    5.37840e-06    4.77153e-06    4.26740e-06    3.51252e-06    2.74129e-06    2.12962e-06    1.63690e-06    1.28429e-06    1.02464e-06    8.26172e-07    6.63531e-07    5.27693e-07    4.12501e-07    3.15663e-07    2.32844e-07    1.59465e-07    9.79766e-08    5.32593e-08    2.83842e-08    1.46439e-08    7.29805e-09    3.53667e-09    1.65500e-09    7.99672e-10    2.98112e-10    9.88569e-11    4.32821e-11    1.97526e-11    1.32579e-11    9.82335e-12    7.94598e-12    6.44333e-12
+120 ||    2.15733e-05    7.80322e-06    6.04703e-06    4.88117e-06    4.26375e-06    3.70030e-06    3.09680e-06    2.54054e-06    2.01732e-06    1.56925e-06    1.23342e-06    9.91229e-07    8.03564e-07    6.49898e-07    5.19183e-07    4.05908e-07    3.07536e-07    2.20804e-07    1.46368e-07    8.82076e-08    4.79355e-08    2.32717e-08    1.00006e-08    4.56456e-09    2.11991e-09    8.82235e-10    2.95620e-10    1.36952e-10    4.99023e-11    2.44956e-11    1.58929e-11    9.82732e-12    6.83460e-12    5.05665e-12    3.62904e-12
+135 ||    3.44089e-05    7.10355e-06    5.31502e-06    4.46494e-06    3.82011e-06    3.18471e-06    2.75480e-06    2.41169e-06    1.96608e-06    1.54879e-06    1.21904e-06    9.82342e-07    8.00227e-07    6.52027e-07    5.22977e-07    4.07805e-07    3.04132e-07    2.12715e-07    1.36636e-07    7.95255e-08    4.16940e-08    1.94279e-08    7.84445e-09    2.71476e-09    9.63275e-10    4.34461e-10    1.60313e-10    5.65231e-11    3.49784e-11    2.04292e-11    1.08319e-11    6.75410e-12    3.78172e-12    2.39786e-12    1.53426e-12
+150 ||    2.18628e-05    7.58015e-06    6.08653e-06    5.44703e-06    4.85946e-06    4.25310e-06    3.60157e-06    2.83609e-06    2.07615e-06    1.43269e-06    9.70527e-07    6.67821e-07    4.70269e-07    3.35058e-07    2.37836e-07    1.62399e-07    1.04289e-07    6.16648e-08    3.27184e-08    1.51265e-08    5.86175e-09    2.35777e-09    9.20509e-10    3.38044e-10    1.06425e-10    4.41346e-11    2.20528e-11    1.23893e-11    7.18986e-12    4.32537e-12    2.37414e-12    1.59912e-12    1.00250e-12    6.45168e-13    4.00501e-13
+165 ||    9.31675e-06    8.11571e-06    6.98987e-06    6.53222e-06    6.00271e-06    5.28000e-06    4.20413e-06    3.02669e-06    1.95945e-06    1.13702e-06    6.17453e-07    3.35565e-07    1.78655e-07    9.05785e-08    4.29816e-08    1.78098e-08    6.70659e-09    2.41660e-09    8.88945e-10    3.91171e-10    1.64044e-10    6.17675e-11    2.25132e-11    7.33567e-12    3.12391e-12    1.99105e-12    1.39605e-12    1.01967e-12    7.54984e-13    5.63406e-13    4.09564e-13    2.78180e-13    1.48441e-13    9.90534e-14    4.96709e-14
+180 ||    9.05876e-06    8.23108e-06    7.58917e-06    6.96049e-06    5.78150e-06    4.37719e-06    2.96668e-06    1.87024e-06    1.08029e-06    5.96878e-07    3.09636e-07    1.58414e-07    8.11405e-08    3.75101e-08    1.44309e-08    5.00677e-09    1.66816e-09    5.68831e-10    2.34731e-10    9.37481e-11    3.49670e-11    1.20210e-11    3.88028e-12    1.58574e-12    9.37799e-13    6.69924e-13    4.87488e-13    3.49256e-13    3.74571e-13    3.65447e-13    2.53066e-13    1.65657e-13    1.09337e-13    6.50372e-14    4.54365e-14
+195 ||    8.80077e-06    8.50009e-06    8.23650e-06    7.36262e-06    5.42428e-06    3.45818e-06    1.88288e-06    9.98664e-07    5.08655e-07    2.75584e-07    1.37850e-07    6.28813e-08    2.92117e-08    1.20704e-08    4.01851e-09    1.08533e-09    2.84652e-10    8.55448e-11    2.70729e-11    8.09958e-12    2.34971e-12    8.25894e-13    1.72429e-13    5.23377e-14    1.97876e-14    1.68245e-14    1.86963e-14    2.50406e-13    3.62865e-13    2.69710e-13    1.94459e-13    1.30821e-13    8.64298e-14    5.71083e-14    3.24758e-14
+210 ||    8.30032e-06    7.43765e-06    7.31599e-06    6.72778e-06    5.27198e-06    3.58363e-06    2.15424e-06    1.27198e-06    7.08640e-07    3.75607e-07    1.89935e-07    9.06586e-08    4.65515e-08    2.36187e-08    1.23234e-08    7.02791e-09    4.42554e-09    2.90187e-09    1.87799e-09    1.15419e-09    6.43256e-10    3.04386e-10    1.05853e-10    3.64827e-11    1.64481e-11    8.14334e-12    4.05165e-12    1.89218e-12    1.16251e-12    1.42820e-12    1.50538e-12    1.54710e-12    1.30087e-12    9.90101e-13    7.32347e-13
+225 ||    7.79988e-06    6.37595e-06    6.39500e-06    6.08839e-06    5.11673e-06    3.71194e-06    2.43221e-06    1.54344e-06    8.97854e-07    4.69952e-07    2.37371e-07    1.16498e-07    6.26059e-08    3.43511e-08    2.00487e-08    1.24899e-08    8.21758e-09    5.47244e-09    3.55751e-09    2.18327e-09    1.20925e-09    5.69380e-10    1.99765e-10    6.02258e-11    3.00226e-11    1.50710e-11    7.31162e-12    2.64461e-12    2.10915e-12    2.71652e-12    2.86578e-12    2.97298e-12    2.37873e-12    1.78448e-12    1.33861e-12
+240 ||    6.20901e-06    4.39336e-06    4.30074e-06    4.07122e-06    3.44467e-06    2.53699e-06    1.69525e-06    1.10041e-06    6.73781e-07    3.85745e-07    2.23391e-07    1.29100e-07    8.03305e-08    5.11810e-08    3.33808e-08    2.21200e-08    1.45930e-08    9.32231e-09    5.59660e-09    3.08195e-09    1.49473e-09    5.81619e-10    1.47278e-10    5.54752e-11    1.86167e-11    8.69964e-12    4.22441e-12    1.84725e-12    1.08889e-12    1.58449e-12    1.74698e-12    1.86543e-12    1.50681e-12    1.10972e-12    8.13035e-13
+255 ||    4.61815e-06    2.41461e-06    2.19890e-06    2.01561e-06    1.68737e-06    1.26305e-06    8.79527e-07    6.01866e-07    4.11040e-07    2.79907e-07    1.94246e-07    1.34024e-07    9.40251e-08    6.54991e-08    4.52356e-08    3.08767e-08    2.04812e-08    1.29035e-08    7.49405e-09    3.89780e-09    1.71209e-09    5.35342e-10    9.47324e-11    2.08419e-11    4.17907e-13    5.08665e-18    6.95586e-18    3.95127e-15    1.70139e-13    5.17516e-13    6.48513e-13    7.34574e-13    5.67717e-13    3.77218e-13    2.58238e-13
+270 ||    3.54593e-06    1.88572e-06    1.67052e-06    1.48564e-06    1.21227e-06    8.91598e-07    6.10584e-07    4.10162e-07    2.76698e-07    1.87767e-07    1.31295e-07    9.19396e-08    6.59233e-08    4.72637e-08    3.36285e-08    2.36544e-08    1.62567e-08    1.06985e-08    6.55461e-09    3.61707e-09    1.69832e-09    5.81837e-10    1.15580e-10    2.68515e-11    6.14773e-13    4.87207e-18    5.81136e-18    2.04519e-15    9.44696e-14    2.74519e-13    4.07366e-13    5.33915e-13    3.98630e-13    2.60766e-13    1.79375e-13
+285 ||    2.47371e-06    1.35626e-06    1.13571e-06    9.39108e-07    7.13332e-07    4.95302e-07    3.21630e-07    2.04974e-07    1.34020e-07    9.07708e-08    6.47137e-08    4.74307e-08    3.62880e-08    2.78830e-08    2.11712e-08    1.58065e-08    1.15697e-08    8.15241e-09    5.36865e-09    3.17090e-09    1.59108e-09    5.92735e-10    1.01835e-10    2.72028e-11    7.22500e-13    4.62370e-18    4.64450e-18    5.13067e-18    5.43751e-15    1.56994e-14    1.83642e-13    3.16740e-13    2.32635e-13    1.48529e-13    1.01452e-13
+300 ||    3.07747e-06    2.39872e-06    2.43230e-06    2.33281e-06    2.05797e-06    1.70815e-06    1.29210e-06    8.61080e-07    5.31416e-07    3.21343e-07    2.00528e-07    1.29034e-07    8.92462e-08    6.43129e-08    4.90510e-08    4.03697e-08    3.59569e-08    3.41938e-08    3.38811e-08    3.44259e-08    3.54692e-08    3.64089e-08    3.70488e-08    3.81586e-08    4.08082e-08    4.21348e-08    4.05829e-08    3.35783e-08    2.46621e-08    1.49725e-08    9.11581e-09    3.83402e-09    2.97618e-09    2.11834e-09    1.80217e-09
+315 ||    3.68123e-06    3.44625e-06    3.73298e-06    3.73110e-06    3.40640e-06    2.92202e-06    2.25956e-06    1.51019e-06    9.22784e-07    5.48215e-07    3.33395e-07    2.09217e-07    1.41166e-07    1.00031e-07    7.65364e-08    6.48031e-08    6.04290e-08    6.04982e-08    6.27690e-08    6.61163e-08    6.97687e-08    7.24252e-08    7.42260e-08    7.65290e-08    8.22017e-08    8.41511e-08    8.02347e-08    6.64993e-08    4.88533e-08    2.99486e-08    1.85316e-08    7.75503e-09    6.08168e-09    4.40832e-09    3.66047e-09
+330 ||    4.40843e-06    4.22804e-06    4.45256e-06    4.47370e-06    4.25894e-06    3.89773e-06    3.37330e-06    2.63714e-06    1.83898e-06    1.15919e-06    6.77196e-07    3.75142e-07    2.11788e-07    1.22068e-07    7.65638e-08    5.54841e-08    4.63019e-08    4.23349e-08    4.03561e-08    3.92943e-08    3.88078e-08    3.83426e-08    3.79976e-08    3.85282e-08    4.11759e-08    4.20828e-08    4.01931e-08    3.33784e-08    2.46679e-08    1.51515e-08    9.44883e-09    3.90512e-09    3.06526e-09    2.22541e-09    1.83445e-09
+345 ||    5.13564e-06    5.00862e-06    5.16806e-06    5.22565e-06    5.12615e-06    4.89400e-06    4.51747e-06    3.79838e-06    2.79115e-06    1.80101e-06    1.04754e-06    5.54428e-07    2.90934e-07    1.49068e-07    7.91730e-08    4.74226e-08    3.27984e-08    2.45413e-08    1.82197e-08    1.26925e-08    8.00425e-09    4.35818e-09    1.79781e-09    5.58646e-10    1.44013e-10    1.01853e-11    1.54687e-16    2.95509e-16    1.79902e-14    4.59002e-14    7.78593e-14    1.10143e-13    1.14406e-13    1.17305e-13    1.01488e-13
+360 ||    4.17475e-06    4.28346e-06    4.26917e-06    4.06893e-06    3.73494e-06    3.32826e-06    2.85501e-06    2.27889e-06    1.64407e-06    1.05672e-06    6.24348e-07    3.36568e-07    1.71259e-07    8.84986e-08    4.69749e-08    2.76413e-08    1.85838e-08    1.37211e-08    1.03504e-08    7.52290e-09    5.03938e-09    2.94608e-09    1.56258e-09    6.64469e-10    1.60577e-10    3.69887e-11    3.86111e-12    1.38950e-14    1.25839e-14    2.07298e-14    3.25606e-14    4.58554e-14    5.92719e-14    6.13195e-14    6.15065e-14
##########################################################################################
### MCD_v6.1 with Martian Year 26 scenario.
### Latitude 83.8N. Longitude 235.0E. Local time 12.0h
### --------------------------------------------------------------------------------------
### Column 1 is Areocentric longitude (degrees)
### Columns 2+ are Water ice mixing ratio (mol/mol)
### Line 1 is height above surface (m)
### --------------------------------------------------------------------------------------
### Retrieved on: 2024-06-07T22:15:42.561762
### Mars Climate Database (c) LMD/OU/IAA/ESA/CNES
##########################################################################################
---- ||    0.00000e+00    1.47059e+03    2.94118e+03    4.41176e+03    5.88235e+03    7.35294e+03    8.82353e+03    1.02941e+04    1.17647e+04    1.32353e+04    1.47059e+04    1.61765e+04    1.76471e+04    1.91176e+04    2.05882e+04    2.20588e+04    2.35294e+04    2.50000e+04    2.64706e+04    2.79412e+04    2.94118e+04    3.08824e+04    3.23529e+04    3.38235e+04    3.52941e+04    3.67647e+04    3.82353e+04    3.97059e+04    4.11765e+04    4.26471e+04    4.41176e+04    4.55882e+04    4.70588e+04    4.85294e+04    5.00000e+04
-----------------------------------
+000 ||    7.44207e-05    7.72778e-05    7.95183e-05    7.80901e-05    6.96218e-05    5.54452e-05    4.03482e-05    2.90523e-05    2.17410e-05    1.64239e-05    1.23639e-05    9.04249e-06    6.47108e-06    4.57070e-06    3.19980e-06    2.27971e-06    1.70694e-06    1.33570e-06    1.05914e-06    8.28994e-07    6.17680e-07    4.13955e-07    2.33908e-07    1.19632e-07    4.63625e-08    9.68863e-09    4.13098e-09    1.38882e-09    7.17431e-10    4.47336e-10    2.15361e-10    1.16888e-10    3.21612e-11    1.84916e-11    4.82199e-12
+015 ||    9.24711e-05    9.92774e-05    1.01415e-04    9.74272e-05    8.21953e-05    5.84110e-05    3.37702e-05    1.72957e-05    8.48456e-06    3.75269e-06    1.50572e-06    5.77292e-07    3.18700e-07    3.30926e-07    3.91263e-07    4.34251e-07    4.32272e-07    3.82178e-07    3.06664e-07    2.33498e-07    1.93590e-07    1.36187e-07    7.66423e-08    2.52048e-08    9.43608e-09    2.74298e-09    2.97103e-10    1.13136e-10    3.79265e-11    9.04802e-12    4.26503e-12    1.53557e-13    7.72257e-14    8.94548e-16    0.00000e+00
+030 ||    9.92716e-05    1.46509e-04    1.49509e-04    1.41613e-04    1.15548e-04    7.52550e-05    3.79439e-05    1.50654e-05    6.27505e-06    2.99965e-06    1.38261e-06    5.66558e-07    2.44697e-07    1.77428e-07    1.84774e-07    2.09346e-07    2.29342e-07    2.33149e-07    2.16517e-07    1.85577e-07    1.49828e-07    1.23917e-07    9.46979e-08    5.95771e-08    2.86079e-08    1.03305e-08    2.75515e-09    1.05931e-09    1.34646e-10    4.63859e-11    1.78600e-11    4.42804e-12    2.10524e-12    7.74032e-14    4.00510e-14
+045 ||    1.06072e-04    1.93638e-04    1.97722e-04    1.86513e-04    1.51739e-04    9.65272e-05    4.54298e-05    1.33372e-05    2.88911e-06    7.06191e-07    3.11969e-07    1.73181e-07    1.02522e-07    6.16450e-08    4.10379e-08    2.92143e-08    2.40213e-08    2.42987e-08    2.92660e-08    3.63698e-08    4.30024e-08    4.57320e-08    4.30670e-08    3.38463e-08    1.92433e-08    7.92255e-09    2.05471e-09    3.55920e-10    2.15566e-12    7.87647e-13    1.49271e-17    2.93460e-18    0.00000e+00    0.00000e+00    0.00000e+00
+060 ||    1.66621e-04    3.20867e-04    3.11555e-04    2.76881e-04    2.00976e-04    1.10039e-04    4.05559e-05    1.22724e-05    3.39823e-06    6.56185e-07    2.53018e-07    1.28419e-07    7.66130e-08    4.62590e-08    2.89394e-08    1.97286e-08    1.43888e-08    1.20268e-08    1.21466e-08    1.44767e-08    1.79735e-08    2.12358e-08    2.28867e-08    2.23128e-08    1.77439e-08    1.10318e-08    4.54228e-09    1.62410e-09    2.17054e-10    2.61632e-11    5.28055e-13    8.58064e-18    2.49542e-18    0.00000e+00    0.00000e+00
+075 ||    2.27169e-04    4.49024e-04    4.26599e-04    3.70230e-04    2.55289e-04    1.29537e-04    3.33776e-05    2.24405e-06    1.20066e-13    1.06094e-17    2.81979e-24    0.00000e+00    0.00000e+00    0.00000e+00    0.00000e+00    3.57006e-22    3.08787e-13    2.25762e-11    5.95695e-11    7.90887e-11    6.47574e-11    1.76518e-10    2.16758e-10    1.90441e-10    1.07623e-10    3.74262e-11    4.58591e-12    2.87840e-14    1.14169e-14    1.59491e-20    4.05156e-21    0.00000e+00    0.00000e+00    0.00000e+00    0.00000e+00
+090 ||    4.12101e-04    5.58343e-04    4.16968e-04    3.71149e-04    2.97092e-04    2.16794e-04    1.45499e-04    7.65886e-05    3.75871e-05    1.16420e-05    2.79446e-06    1.53748e-06    1.04831e-06    6.62687e-07    3.10800e-07    1.17620e-07    8.88190e-08    1.02771e-07    9.50735e-08    6.40349e-08    2.79758e-08    9.49066e-09    3.00050e-09    1.23889e-09    1.06738e-09    9.17203e-10    5.40935e-10    1.53745e-10    4.52045e-11    1.17191e-12    4.67446e-14    7.95810e-16    1.52681e-27    3.12675e-28    0.00000e+00
+105 ||    5.97034e-04    6.95201e-04    4.29063e-04    3.60958e-04    3.12612e-04    2.82441e-04    2.44340e-04    1.83120e-04    9.75380e-05    3.96286e-05    9.49735e-06    3.50835e-06    2.30239e-06    1.51290e-06    7.53200e-07    2.62896e-07    1.71162e-07    2.04713e-07    1.95057e-07    1.31754e-07    5.66080e-08    1.83360e-08    5.47962e-09    2.27453e-09    2.01084e-09    1.77553e-09    9.19382e-10    2.62758e-10    3.85701e-11    1.74442e-12    3.35674e-15    8.40818e-16    2.30521e-27    0.00000e+00    0.00000e+00
+120 ||    3.59120e-04    4.36689e-04    3.20269e-04    2.96049e-04    2.68135e-04    2.45716e-04    2.22538e-04    1.63583e-04    8.30632e-05    3.04756e-05    7.84787e-06    3.86514e-06    3.06141e-06    2.57123e-06    2.14049e-06    1.74854e-06    1.39584e-06    1.06985e-06    7.41568e-07    4.47266e-07    2.28633e-07    9.55570e-08    3.16172e-08    1.04402e-08    3.28724e-09    7.87691e-10    1.71159e-10    5.53965e-11    1.21387e-12    3.37556e-14    7.56323e-16    1.47472e-27    2.62098e-28    0.00000e+00    0.00000e+00
+135 ||    1.21206e-04    1.72331e-04    2.09069e-04    2.32325e-04    2.27453e-04    2.11410e-04    2.04909e-04    1.54620e-04    7.55775e-05    2.74423e-05    8.52571e-06    4.49249e-06    4.00337e-06    3.82249e-06    3.71583e-06    3.13179e-06    2.41299e-06    1.73471e-06    1.11797e-06    6.32418e-07    3.08812e-07    1.28117e-07    4.21435e-08    9.01216e-09    5.77749e-10    1.31145e-10    8.74181e-13    8.71490e-16    2.50882e-16    0.00000e+00    0.00000e+00    0.00000e+00    0.00000e+00    0.00000e+00    0.00000e+00
+150 ||    2.89975e-04    3.23077e-04    3.26215e-04    3.20502e-04    3.00760e-04    2.83009e-04    2.43125e-04    1.56639e-04    7.48362e-05    2.70087e-05    8.17963e-06    3.49372e-06    2.49766e-06    2.24802e-06    1.81385e-06    1.39258e-06    1.02390e-06    7.10872e-07    4.64156e-07    2.79988e-07    1.68387e-07    1.20199e-07    9.06391e-08    6.70425e-08    4.59120e-08    2.89190e-08    1.74622e-08    9.31428e-09    5.38687e-09    3.03453e-09    1.31787e-09    4.89379e-10    1.15065e-11    3.93271e-12    3.63053e-16
+165 ||    4.58743e-04    4.68943e-04    4.33789e-04    4.05918e-04    3.80383e-04    3.38232e-04    2.69768e-04    1.62074e-04    6.83141e-05    1.93735e-05    3.97101e-06    1.33735e-06    8.33520e-07    6.26584e-07    5.32927e-07    4.91969e-07    4.73931e-07    4.28200e-07    3.40888e-07    2.60669e-07    2.07934e-07    1.64608e-07    1.19146e-07    7.93083e-08    4.68962e-08    2.62634e-08    1.50621e-08    8.07808e-09    4.23023e-09    1.81679e-09    1.43718e-10    1.52633e-11    1.98452e-15    5.05470e-16    8.25466e-17
+180 ||    2.90578e-04    2.89263e-04    2.63766e-04    2.38078e-04    2.04672e-04    1.65875e-04    1.18488e-04    6.08212e-05    2.08107e-05    5.06810e-06    1.19381e-06    7.49230e-07    6.40637e-07    5.94669e-07    5.67106e-07    5.37661e-07    4.80093e-07    3.94057e-07    3.16286e-07    2.71988e-07    2.52873e-07    2.32769e-07    2.07481e-07    1.78376e-07    1.48189e-07    1.20143e-07    9.29607e-08    6.64850e-08    4.45962e-08    2.59558e-08    1.43697e-08    6.34611e-09    2.75724e-09    2.97237e-10    1.56581e-10
+195 ||    1.22412e-04    1.12237e-04    9.76140e-05    7.25448e-05    3.39220e-05    1.08693e-05    2.49800e-06    7.33417e-07    4.62210e-07    4.47280e-07    4.85405e-07    5.49292e-07    6.11814e-07    6.36935e-07    6.16877e-07    5.49602e-07    4.64585e-07    3.87538e-07    3.43357e-07    3.37917e-07    3.45268e-07    3.41744e-07    3.18251e-07    2.77852e-07    2.30602e-07    1.80497e-07    1.29203e-07    8.54848e-08    4.94967e-08    2.53784e-08    1.13817e-08    3.95003e-09    5.24390e-10    2.35240e-10    6.93178e-13
+210 ||    7.53376e-05    6.80165e-05    5.94661e-05    4.45989e-05    2.25743e-05    8.93489e-06    3.67617e-06    2.37323e-06    2.09633e-06    2.11793e-06    2.23245e-06    2.36282e-06    2.46672e-06    2.52829e-06    2.54950e-06    2.52752e-06    2.47254e-06    2.39278e-06    2.27335e-06    2.05776e-06    1.76583e-06    1.44240e-06    1.12062e-06    8.29709e-07    6.11064e-07    4.48499e-07    3.32106e-07    2.56333e-07    1.72141e-07    8.20859e-08    4.12344e-08    9.63990e-09    2.52852e-09    9.04722e-10    1.46074e-11
+225 ||    2.82632e-05    2.38113e-05    2.12906e-05    1.65463e-05    1.11854e-05    7.09758e-06    4.94270e-06    4.01478e-06    3.73074e-06    3.79942e-06    3.99038e-06    4.18456e-06    4.32826e-06    4.42805e-06    4.49189e-06    4.51643e-06    4.48649e-06    4.39719e-06    4.18671e-06    3.73333e-06    3.13007e-06    2.49150e-06    1.88084e-06    1.33611e-06    9.56598e-07    6.97712e-07    5.25443e-07    4.15904e-07    2.68423e-07    1.16354e-07    6.00970e-08    6.85550e-09    3.88742e-09    9.19336e-10    2.55379e-11
+240 ||    2.16890e-05    1.64084e-05    1.46823e-05    1.17641e-05    8.24659e-06    5.41326e-06    3.82798e-06    3.11830e-06    2.87865e-06    2.89613e-06    3.00810e-06    3.13343e-06    3.24581e-06    3.35814e-06    3.49435e-06    3.65666e-06    3.82555e-06    3.95257e-06    3.88800e-06    3.48205e-06    2.83914e-06    2.13126e-06    1.48199e-06    1.02500e-06    6.75912e-07    4.33852e-07    2.91781e-07    2.28867e-07    1.54734e-07    7.19078e-08    3.59890e-08    6.27245e-09    2.45064e-09    7.17064e-10    4.95038e-11
+255 ||    1.51147e-05    8.99144e-06    7.93859e-06    6.62476e-06    4.95730e-06    3.48494e-06    2.58482e-06    2.16989e-06    2.01983e-06    2.00539e-06    2.04098e-06    2.09724e-06    2.17585e-06    2.30042e-06    2.50707e-06    2.80274e-06    3.16099e-06    3.49198e-06    3.55716e-06    3.17461e-06    2.48135e-06    1.69584e-06    1.01728e-06    6.22830e-07    3.28881e-07    1.31172e-07    3.91248e-08    1.87309e-08    9.27974e-09    5.37923e-09    3.14105e-09    1.24808e-09    6.83197e-10    2.42461e-10    7.08155e-11
+270 ||    1.61969e-05    9.61384e-06    8.83209e-06    8.01069e-06    6.97083e-06    5.95426e-06    5.12415e-06    4.30671e-06    3.44261e-06    2.75059e-06    2.38045e-06    2.21661e-06    2.17809e-06    2.20639e-06    2.31577e-06    2.52232e-06    2.81687e-06    3.11250e-06    3.18945e-06    2.87971e-06    2.28894e-06    1.60596e-06    1.00827e-06    6.30943e-07    3.33886e-07    1.25523e-07    3.14478e-08    1.45532e-08    6.77239e-09    3.58746e-09    2.04765e-09    7.27332e-10    4.25015e-10    1.32729e-10    4.51453e-11
+285 ||    1.72791e-05    1.02333e-05    9.69446e-06    9.31362e-06    8.89777e-06    8.34851e-06    7.60859e-06    6.39010e-06    4.81655e-06    3.46913e-06    2.70401e-06    2.33008e-06    2.18092e-06    2.11673e-06    2.13442e-06    2.25799e-06    2.49455e-06    2.75358e-06    2.82329e-06    2.55430e-06    2.04984e-06    1.47731e-06    9.62144e-07    6.13754e-07    3.18951e-07    1.12768e-07    2.03082e-08    9.72267e-09    4.14642e-09    1.70990e-09    9.75511e-10    3.23197e-10    1.82512e-10    4.18276e-11    2.10671e-11
+300 ||    2.54554e-05    2.04449e-05    1.88408e-05    1.80510e-05    1.70885e-05    1.50728e-05    1.20316e-05    8.99637e-06    6.43151e-06    4.58154e-06    3.57684e-06    3.11400e-06    2.95391e-06    2.89397e-06    2.90096e-06    2.96843e-06    3.09509e-06    3.20378e-06    3.18997e-06    3.00501e-06    2.74052e-06    2.45915e-06    2.18118e-06    1.87311e-06    1.50615e-06    1.17334e-06    9.03285e-07    6.56843e-07    4.17118e-07    1.85710e-07    1.03549e-07    2.92749e-08    1.56842e-08    2.09361e-09    9.09093e-11
+315 ||    3.36317e-05    3.06350e-05    2.79850e-05    2.67923e-05    2.52775e-05    2.17725e-05    1.64173e-05    1.15894e-05    8.05565e-06    5.70121e-06    4.45305e-06    3.90035e-06    3.72882e-06    3.67203e-06    3.66473e-06    3.66956e-06    3.67821e-06    3.63132e-06    3.54877e-06    3.48582e-06    3.49324e-06    3.49379e-06    3.41447e-06    3.14701e-06    2.67613e-06    2.20637e-06    1.75512e-06    1.28206e-06    8.18921e-07    3.69778e-07    2.10314e-07    5.95991e-08    3.32211e-08    6.84309e-09    1.70547e-10
+330 ||    4.56190e-05    4.38940e-05    4.35102e-05    4.36323e-05    4.27947e-05    3.87466e-05    2.98405e-05    1.99301e-05    1.21740e-05    7.32696e-06    4.90629e-06    3.82363e-06    3.40942e-06    3.20681e-06    3.08007e-06    2.96678e-06    2.84902e-06    2.69896e-06    2.53944e-06    2.40415e-06    2.31741e-06    2.23515e-06    2.11219e-06    1.88229e-06    1.54630e-06    1.23409e-06    9.53071e-07    6.76003e-07    4.26318e-07    1.88865e-07    1.08484e-07    3.02970e-08    1.70301e-08    3.76333e-09    8.62054e-11
+345 ||    5.76063e-05    5.71859e-05    5.90727e-05    6.05054e-05    6.03960e-05    5.59373e-05    4.36425e-05    2.86664e-05    1.66072e-05    9.12003e-06    5.46812e-06    3.78138e-06    3.11061e-06    2.75526e-06    2.50721e-06    2.27555e-06    2.03181e-06    1.77845e-06    1.54074e-06    1.33132e-06    1.14840e-06    9.82720e-07    8.19175e-07    6.26800e-07    4.26440e-07    2.66160e-07    1.50563e-07    6.64987e-08    2.35093e-08    4.42263e-09    1.65570e-09    1.95876e-10    7.50794e-11    1.95178e-11    2.43883e-13
+360 ||    7.53237e-05    8.21480e-05    8.35529e-05    7.45434e-05    5.64158e-05    3.84997e-05    2.53078e-05    1.58537e-05    9.17132e-06    5.05013e-06    3.11782e-06    2.20334e-06    1.81310e-06    1.62964e-06    1.49414e-06    1.35904e-06    1.21695e-06    1.06905e-06    9.30959e-07    8.02001e-07    6.76387e-07    5.64869e-07    4.74190e-07    3.81176e-07    2.85684e-07    1.88568e-07    1.21472e-07    6.90998e-08    2.90356e-08    1.12728e-08    2.19952e-09    8.59650e-10    1.62131e-10    4.10448e-11    1.42977e-11
