##########################################################################################
### MCD_v6.1 with Martian Year 31 scenario.
### Latitude 83.8N. Longitude 235.0E. Altitude 0.0 m ALS.
### --------------------------------------------------------------------------------------
### Column 1 is Areocentric longitude (degrees)
### Columns 2+ are Daily mean dust column visible optical depth above surface
### Line 1 is Local time (Martian hour)
### --------------------------------------------------------------------------------------
### Retrieved on: 2024-06-08T03:54:36.010233
### Mars Climate Database (c) LMD/OU/IAA/ESA/CNES
##########################################################################################
---- ||    0.00000e+00    1.00000e+00    2.00000e+00    3.00000e+00    4.00000e+00    5.00000e+00    6.00000e+00    7.00000e+00    8.00000e+00    9.00000e+00    1.00000e+01    1.10000e+01    1.20000e+01    1.30000e+01    1.40000e+01    1.50000e+01    1.60000e+01    1.70000e+01    1.80000e+01    1.90000e+01    2.00000e+01    2.10000e+01    2.20000e+01    2.30000e+01    2.40000e+01
-----------------------------------
+000 ||    8.90908e-02    8.89677e-02    8.88780e-02    8.88554e-02    8.88402e-02    8.88399e-02    8.88546e-02    8.88994e-02    8.89604e-02    8.90540e-02    8.91502e-02    8.92516e-02    8.93352e-02    8.93831e-02    8.94431e-02    8.95277e-02    8.95648e-02    8.95074e-02    8.94658e-02    8.94559e-02    8.94297e-02    8.93707e-02    8.92982e-02    8.91984e-02    8.90908e-02
+015 ||    1.20851e-01    1.20691e-01    1.20560e-01    1.20484e-01    1.20434e-01    1.20434e-01    1.20446e-01    1.20485e-01    1.20562e-01    1.20714e-01    1.20861e-01    1.20997e-01    1.21123e-01    1.21228e-01    1.21331e-01    1.21429e-01    1.21466e-01    1.21377e-01    1.21322e-01    1.21333e-01    1.21320e-01    1.21257e-01    1.21164e-01    1.21008e-01    1.20851e-01
+030 ||    2.00569e-01    2.00370e-01    2.00196e-01    2.00073e-01    1.99989e-01    1.99983e-01    1.99977e-01    1.99970e-01    2.00015e-01    2.00164e-01    2.00305e-01    2.00432e-01    2.00561e-01    2.00692e-01    2.00822e-01    2.00951e-01    2.01048e-01    2.01081e-01    2.01111e-01    2.01139e-01    2.01135e-01    2.01067e-01    2.00957e-01    2.00764e-01    2.00569e-01
+045 ||    1.88835e-01    1.88704e-01    1.88579e-01    1.88466e-01    1.88387e-01    1.88376e-01    1.88346e-01    1.88279e-01    1.88250e-01    1.88299e-01    1.88343e-01    1.88377e-01    1.88428e-01    1.88514e-01    1.88602e-01    1.88694e-01    1.88817e-01    1.89003e-01    1.89138e-01    1.89173e-01    1.89185e-01    1.89150e-01    1.89086e-01    1.88962e-01    1.88835e-01
+060 ||    1.99758e-01    1.99632e-01    1.99526e-01    1.99456e-01    1.99415e-01    1.99428e-01    1.99420e-01    1.99371e-01    1.99343e-01    1.99357e-01    1.99371e-01    1.99384e-01    1.99403e-01    1.99433e-01    1.99465e-01    1.99502e-01    1.99614e-01    1.99876e-01    2.00079e-01    2.00161e-01    2.00194e-01    2.00126e-01    2.00034e-01    1.99894e-01    1.99758e-01
+075 ||    3.65709e-01    3.65497e-01    3.65345e-01    3.65309e-01    3.65308e-01    3.65376e-01    3.65407e-01    3.65364e-01    3.65324e-01    3.65289e-01    3.65265e-01    3.65261e-01    3.65241e-01    3.65188e-01    3.65138e-01    3.65093e-01    3.65262e-01    3.65858e-01    3.66332e-01    3.66561e-01    3.66651e-01    3.66462e-01    3.66243e-01    3.65965e-01    3.65709e-01
+090 ||    5.67385e-01    5.67039e-01    5.66790e-01    5.66735e-01    5.66724e-01    5.66801e-01    5.66917e-01    5.67113e-01    5.67302e-01    5.67481e-01    5.67666e-01    5.67866e-01    5.67994e-01    5.67978e-01    5.67930e-01    5.67818e-01    5.67966e-01    5.68631e-01    5.69119e-01    5.69250e-01    5.69207e-01    5.68819e-01    5.68383e-01    5.67854e-01    5.67385e-01
+105 ||    4.05063e-01    4.04809e-01    4.04627e-01    4.04589e-01    4.04574e-01    4.04605e-01    4.04737e-01    4.05071e-01    4.05392e-01    4.05685e-01    4.05977e-01    4.06265e-01    4.06467e-01    4.06496e-01    4.06477e-01    4.06362e-01    4.06381e-01    4.06667e-01    4.06835e-01    4.06766e-01    4.06607e-01    4.06265e-01    4.05889e-01    4.05444e-01    4.05063e-01
+120 ||    3.93063e-01    3.92943e-01    3.92863e-01    3.92864e-01    3.92881e-01    3.92932e-01    3.93024e-01    3.93201e-01    3.93411e-01    3.93688e-01    3.93930e-01    3.94101e-01    3.94188e-01    3.94109e-01    3.94032e-01    3.93959e-01    3.93966e-01    3.94131e-01    3.94226e-01    3.94177e-01    3.94057e-01    3.93795e-01    3.93535e-01    3.93276e-01    3.93063e-01
+135 ||    3.72611e-01    3.72624e-01    3.72647e-01    3.72685e-01    3.72734e-01    3.72803e-01    3.72854e-01    3.72872e-01    3.72968e-01    3.73223e-01    3.73411e-01    3.73462e-01    3.73435e-01    3.73251e-01    3.73119e-01    3.73089e-01    3.73084e-01    3.73128e-01    3.73148e-01    3.73119e-01    3.73041e-01    3.72864e-01    3.72723e-01    3.72653e-01    3.72611e-01
+150 ||    3.21523e-01    3.21213e-01    3.20985e-01    3.20921e-01    3.20893e-01    3.20935e-01    3.20981e-01    3.21035e-01    3.21121e-01    3.21269e-01    3.21409e-01    3.21529e-01    3.21596e-01    3.21556e-01    3.21578e-01    3.21725e-01    3.21839e-01    3.21887e-01    3.21954e-01    3.22061e-01    3.22115e-01    3.22064e-01    3.21962e-01    3.21761e-01    3.21523e-01
+165 ||    2.12724e-01    2.12297e-01    2.11977e-01    2.11869e-01    2.11801e-01    2.11817e-01    2.11848e-01    2.11911e-01    2.11970e-01    2.12019e-01    2.12096e-01    2.12228e-01    2.12334e-01    2.12389e-01    2.12497e-01    2.12712e-01    2.12868e-01    2.12904e-01    2.12983e-01    2.13145e-01    2.13265e-01    2.13301e-01    2.13249e-01    2.13019e-01    2.12724e-01
+180 ||    1.13550e-01    1.13328e-01    1.13170e-01    1.13144e-01    1.13130e-01    1.13139e-01    1.13167e-01    1.13234e-01    1.13303e-01    1.13376e-01    1.13470e-01    1.13605e-01    1.13706e-01    1.13740e-01    1.13803e-01    1.13925e-01    1.13998e-01    1.13976e-01    1.13970e-01    1.13995e-01    1.13998e-01    1.13954e-01    1.13875e-01    1.13725e-01    1.13550e-01
+195 ||    7.69610e-02    7.68124e-02    7.67142e-02    7.67168e-02    7.67207e-02    7.67270e-02    7.67540e-02    7.68220e-02    7.68943e-02    7.69749e-02    7.70738e-02    7.72091e-02    7.73087e-02    7.73365e-02    7.73842e-02    7.74717e-02    7.75164e-02    7.74754e-02    7.74399e-02    7.74157e-02    7.73753e-02    7.73027e-02    7.72137e-02    7.70918e-02    7.69610e-02
+210 ||    2.22387e-01    2.22056e-01    2.21866e-01    2.21955e-01    2.22023e-01    2.22052e-01    2.22102e-01    2.22195e-01    2.22311e-01    2.22473e-01    2.22710e-01    2.23096e-01    2.23387e-01    2.23489e-01    2.23616e-01    2.23794e-01    2.23801e-01    2.23468e-01    2.23214e-01    2.23122e-01    2.23025e-01    2.22916e-01    2.22786e-01    2.22612e-01    2.22387e-01
+225 ||    1.40826e-01    1.40674e-01    1.40606e-01    1.40710e-01    1.40786e-01    1.40810e-01    1.40826e-01    1.40825e-01    1.40845e-01    1.40908e-01    1.41029e-01    1.41270e-01    1.41457e-01    1.41534e-01    1.41609e-01    1.41678e-01    1.41612e-01    1.41277e-01    1.41030e-01    1.40959e-01    1.40908e-01    1.40897e-01    1.40888e-01    1.40881e-01    1.40826e-01
+240 ||    1.86115e-01    1.85954e-01    1.85876e-01    1.85964e-01    1.86033e-01    1.86064e-01    1.86091e-01    1.86109e-01    1.86138e-01    1.86187e-01    1.86292e-01    1.86507e-01    1.86675e-01    1.86748e-01    1.86830e-01    1.86928e-01    1.86909e-01    1.86656e-01    1.86452e-01    1.86344e-01    1.86262e-01    1.86229e-01    1.86201e-01    1.86182e-01    1.86115e-01
+255 ||    1.73055e-01    1.72939e-01    1.72875e-01    1.72916e-01    1.72953e-01    1.72981e-01    1.73011e-01    1.73045e-01    1.73073e-01    1.73091e-01    1.73141e-01    1.73254e-01    1.73344e-01    1.73389e-01    1.73450e-01    1.73547e-01    1.73586e-01    1.73511e-01    1.73423e-01    1.73312e-01    1.73223e-01    1.73177e-01    1.73138e-01    1.73111e-01    1.73055e-01
+270 ||    1.28725e-01    1.28646e-01    1.28609e-01    1.28655e-01    1.28690e-01    1.28703e-01    1.28720e-01    1.28745e-01    1.28765e-01    1.28778e-01    1.28812e-01    1.28890e-01    1.28949e-01    1.28968e-01    1.28996e-01    1.29040e-01    1.29068e-01    1.29061e-01    1.29033e-01    1.28964e-01    1.28901e-01    1.28853e-01    1.28809e-01    1.28774e-01    1.28725e-01
+285 ||    1.41284e-01    1.41207e-01    1.41178e-01    1.41245e-01    1.41292e-01    1.41298e-01    1.41311e-01    1.41338e-01    1.41359e-01    1.41372e-01    1.41406e-01    1.41486e-01    1.41541e-01    1.41546e-01    1.41556e-01    1.41574e-01    1.41603e-01    1.41651e-01    1.41662e-01    1.41601e-01    1.41537e-01    1.41467e-01    1.41402e-01    1.41347e-01    1.41284e-01
+300 ||    1.70835e-01    1.70739e-01    1.70711e-01    1.70817e-01    1.70888e-01    1.70890e-01    1.70896e-01    1.70913e-01    1.70938e-01    1.70979e-01    1.71057e-01    1.71209e-01    1.71312e-01    1.71317e-01    1.71331e-01    1.71365e-01    1.71376e-01    1.71343e-01    1.71290e-01    1.71198e-01    1.71102e-01    1.70998e-01    1.70919e-01    1.70888e-01    1.70835e-01
+315 ||    1.23685e-01    1.23615e-01    1.23599e-01    1.23695e-01    1.23758e-01    1.23755e-01    1.23754e-01    1.23753e-01    1.23770e-01    1.23821e-01    1.23906e-01    1.24059e-01    1.24161e-01    1.24164e-01    1.24176e-01    1.24208e-01    1.24199e-01    1.24104e-01    1.24013e-01    1.23932e-01    1.23849e-01    1.23760e-01    1.23702e-01    1.23706e-01    1.23685e-01
+330 ||    1.31561e-01    1.31425e-01    1.31346e-01    1.31381e-01    1.31402e-01    1.31397e-01    1.31409e-01    1.31452e-01    1.31507e-01    1.31588e-01    1.31696e-01    1.31858e-01    1.31977e-01    1.32011e-01    1.32060e-01    1.32138e-01    1.32164e-01    1.32083e-01    1.32010e-01    1.31953e-01    1.31888e-01    1.31804e-01    1.31724e-01    1.31653e-01    1.31561e-01
+345 ||    1.19100e-01    1.18922e-01    1.18794e-01    1.18765e-01    1.18744e-01    1.18738e-01    1.18759e-01    1.18838e-01    1.18922e-01    1.19019e-01    1.19132e-01    1.19279e-01    1.19396e-01    1.19455e-01    1.19531e-01    1.19642e-01    1.19697e-01    1.19642e-01    1.19597e-01    1.19572e-01    1.19534e-01    1.19467e-01    1.19379e-01    1.19247e-01    1.19100e-01
+360 ||    9.76648e-02    9.75289e-02    9.74229e-02    9.73763e-02    9.73426e-02    9.73343e-02    9.73423e-02    9.73828e-02    9.74421e-02    9.75391e-02    9.76424e-02    9.77583e-02    9.78601e-02    9.79338e-02    9.80124e-02    9.81007e-02    9.81423e-02    9.80908e-02    9.80534e-02    9.80442e-02    9.80216e-02    9.79723e-02    9.79012e-02    9.77865e-02    9.76648e-02
##########################################################################################
### MCD_v6.1 with Martian Year 31 scenario.
### Latitude 83.8N. Longitude 235.0E. Altitude 0.0 m ALS.
### --------------------------------------------------------------------------------------
### Column 1 is Areocentric longitude (degrees)
### Columns 2+ are Water ice column (kg/m2)
### Line 1 is Local time (Martian hour)
### --------------------------------------------------------------------------------------
### Retrieved on: 2024-06-08T03:54:36.011368
### Mars Climate Database (c) LMD/OU/IAA/ESA/CNES
##########################################################################################
---- ||    0.00000e+00    1.00000e+00    2.00000e+00    3.00000e+00    4.00000e+00    5.00000e+00    6.00000e+00    7.00000e+00    8.00000e+00    9.00000e+00    1.00000e+01    1.10000e+01    1.20000e+01    1.30000e+01    1.40000e+01    1.50000e+01    1.60000e+01    1.70000e+01    1.80000e+01    1.90000e+01    2.00000e+01    2.10000e+01    2.20000e+01    2.30000e+01    2.40000e+01
-----------------------------------
+000 ||    3.65462e-03    3.64372e-03    3.63228e-03    3.61971e-03    3.60782e-03    3.59728e-03    3.58978e-03    3.58838e-03    3.58778e-03    3.58880e-03    3.58656e-03    3.57779e-03    3.56716e-03    3.55284e-03    3.54326e-03    3.54320e-03    3.54866e-03    3.56517e-03    3.58376e-03    3.60650e-03    3.62889e-03    3.65054e-03    3.66385e-03    3.66049e-03    3.65462e-03
+015 ||    3.78658e-03    3.77756e-03    3.76482e-03    3.74464e-03    3.72438e-03    3.70398e-03    3.68775e-03    3.67989e-03    3.67868e-03    3.69078e-03    3.70210e-03    3.71190e-03    3.71845e-03    3.71849e-03    3.71979e-03    3.72363e-03    3.71983e-03    3.70076e-03    3.69583e-03    3.71923e-03    3.74364e-03    3.77009e-03    3.78803e-03    3.78896e-03    3.78658e-03
+030 ||    7.14023e-03    7.16452e-03    7.18837e-03    7.21132e-03    7.23429e-03    7.25728e-03    7.27636e-03    7.28758e-03    7.29470e-03    7.29362e-03    7.28654e-03    7.26746e-03    7.24627e-03    7.22086e-03    7.20329e-03    7.20136e-03    7.16766e-03    7.07041e-03    7.00903e-03    7.01939e-03    7.03344e-03    7.05487e-03    7.07965e-03    7.11113e-03    7.14023e-03
+045 ||    1.05196e-02    1.05782e-02    1.06397e-02    1.07068e-02    1.07739e-02    1.08407e-02    1.08952e-02    1.09250e-02    1.09398e-02    1.09244e-02    1.08979e-02    1.08489e-02    1.07992e-02    1.07480e-02    1.07113e-02    1.07038e-02    1.06400e-02    1.04640e-02    1.03458e-02    1.03429e-02    1.03466e-02    1.03631e-02    1.03951e-02    1.04581e-02    1.05196e-02
+060 ||    1.82674e-02    1.86562e-02    1.90175e-02    1.93236e-02    1.95466e-02    1.96034e-02    1.95944e-02    1.94539e-02    1.92454e-02    1.89010e-02    1.85056e-02    1.80081e-02    1.75429e-02    1.71420e-02    1.68303e-02    1.66967e-02    1.66079e-02    1.66089e-02    1.66491e-02    1.67677e-02    1.69411e-02    1.72240e-02    1.75335e-02    1.78960e-02    1.82674e-02
+075 ||    2.53015e-02    2.60049e-02    2.66541e-02    2.71944e-02    2.75722e-02    2.76250e-02    2.75584e-02    2.72531e-02    2.68287e-02    2.61665e-02    2.54169e-02    2.44926e-02    2.36320e-02    2.28975e-02    2.23240e-02    2.20715e-02    2.19602e-02    2.21313e-02    2.23241e-02    2.25598e-02    2.28942e-02    2.34261e-02    2.39952e-02    2.46381e-02    2.53015e-02
+090 ||    1.46933e-02    1.52584e-02    1.57750e-02    1.61939e-02    1.65131e-02    1.66325e-02    1.66320e-02    1.63914e-02    1.60519e-02    1.55145e-02    1.49448e-02    1.43101e-02    1.37171e-02    1.32073e-02    1.27943e-02    1.25748e-02    1.24493e-02    1.25117e-02    1.25697e-02    1.26187e-02    1.27892e-02    1.32024e-02    1.36491e-02    1.41625e-02    1.46933e-02
+105 ||    4.09192e-03    4.51875e-03    4.90256e-03    5.20027e-03    5.46199e-03    5.65180e-03    5.71904e-03    5.54107e-03    5.28508e-03    4.87306e-03    4.48231e-03    4.13405e-03    3.80776e-03    3.52540e-03    3.27658e-03    3.09469e-03    2.95857e-03    2.91371e-03    2.83874e-03    2.70370e-03    2.70956e-03    2.99748e-03    3.31621e-03    3.69622e-03    4.09192e-03
+120 ||    4.90599e-03    5.22896e-03    5.52373e-03    5.76207e-03    5.96164e-03    6.08363e-03    6.13529e-03    6.04631e-03    5.89246e-03    5.60894e-03    5.31721e-03    5.00896e-03    4.72819e-03    4.50228e-03    4.31218e-03    4.19358e-03    4.09072e-03    4.01924e-03    3.95640e-03    3.91082e-03    3.94075e-03    4.12176e-03    4.33510e-03    4.61302e-03    4.90599e-03
+135 ||    5.82946e-03    6.05457e-03    6.26545e-03    6.44784e-03    6.58665e-03    6.63824e-03    6.67228e-03    6.67122e-03    6.61635e-03    6.45390e-03    6.25409e-03    5.97957e-03    5.73741e-03    5.55986e-03    5.42110e-03    5.35988e-03    5.28700e-03    5.19079e-03    5.14148e-03    5.18598e-03    5.24367e-03    5.32779e-03    5.44562e-03    5.63090e-03    5.82946e-03
+150 ||    1.14222e-02    1.15904e-02    1.17478e-02    1.18835e-02    1.19755e-02    1.19801e-02    1.19691e-02    1.19270e-02    1.18497e-02    1.17017e-02    1.15316e-02    1.13173e-02    1.11121e-02    1.09249e-02    1.07756e-02    1.07020e-02    1.06377e-02    1.05923e-02    1.05970e-02    1.07018e-02    1.08168e-02    1.09521e-02    1.10962e-02    1.12582e-02    1.14222e-02
+165 ||    1.75374e-02    1.76528e-02    1.77606e-02    1.78535e-02    1.79009e-02    1.78573e-02    1.78004e-02    1.77165e-02    1.76151e-02    1.74785e-02    1.73344e-02    1.71751e-02    1.70011e-02    1.67980e-02    1.66336e-02    1.65468e-02    1.64896e-02    1.64915e-02    1.65495e-02    1.67198e-02    1.68970e-02    1.70878e-02    1.72623e-02    1.74043e-02    1.75374e-02
+180 ||    1.02351e-02    1.02622e-02    1.02907e-02    1.03221e-02    1.03379e-02    1.03223e-02    1.02984e-02    1.02580e-02    1.02049e-02    1.01265e-02    1.00424e-02    9.94719e-03    9.85212e-03    9.75732e-03    9.67768e-03    9.62836e-03    9.61830e-03    9.68679e-03    9.76575e-03    9.86570e-03    9.96646e-03    1.00688e-02    1.01519e-02    1.01964e-02    1.02351e-02
+195 ||    3.13210e-03    3.06893e-03    3.01640e-03    2.98515e-03    2.96843e-03    2.98077e-03    2.99016e-03    2.99367e-03    2.98907e-03    2.96827e-03    2.94315e-03    2.90938e-03    2.89083e-03    2.90270e-03    2.90662e-03    2.89467e-03    2.93325e-03    3.07284e-03    3.17639e-03    3.20791e-03    3.23429e-03    3.25039e-03    3.24313e-03    3.18915e-03    3.13210e-03
+210 ||    2.21886e-03    2.18987e-03    2.16905e-03    2.16459e-03    2.16639e-03    2.18072e-03    2.19049e-03    2.19112e-03    2.18624e-03    2.17034e-03    2.15157e-03    2.12702e-03    2.11364e-03    2.12258e-03    2.13190e-03    2.14195e-03    2.17040e-03    2.23563e-03    2.28183e-03    2.28998e-03    2.29471e-03    2.29260e-03    2.28074e-03    2.24942e-03    2.21886e-03
+225 ||    1.27962e-03    1.28560e-03    1.29721e-03    1.32008e-03    1.34069e-03    1.35678e-03    1.36664e-03    1.36405e-03    1.35859e-03    1.34739e-03    1.33500e-03    1.32025e-03    1.31254e-03    1.31893e-03    1.33389e-03    1.36599e-03    1.38382e-03    1.37309e-03    1.36079e-03    1.34533e-03    1.32817e-03    1.30759e-03    1.29117e-03    1.28304e-03    1.27962e-03
+240 ||    1.29556e-03    1.29559e-03    1.29954e-03    1.31134e-03    1.32283e-03    1.33372e-03    1.34142e-03    1.34276e-03    1.34200e-03    1.33703e-03    1.33151e-03    1.32487e-03    1.32183e-03    1.32601e-03    1.33388e-03    1.34913e-03    1.35961e-03    1.36056e-03    1.35713e-03    1.34493e-03    1.33219e-03    1.31839e-03    1.30691e-03    1.30009e-03    1.29556e-03
+255 ||    1.27047e-03    1.26461e-03    1.26088e-03    1.26141e-03    1.26362e-03    1.26923e-03    1.27474e-03    1.28005e-03    1.28405e-03    1.28545e-03    1.28688e-03    1.28838e-03    1.28987e-03    1.29134e-03    1.29151e-03    1.28907e-03    1.29175e-03    1.30465e-03    1.31046e-03    1.30212e-03    1.29435e-03    1.28769e-03    1.28145e-03    1.27603e-03    1.27047e-03
+270 ||    7.16916e-04    7.13883e-04    7.12083e-04    7.12748e-04    7.14332e-04    7.17756e-04    7.21228e-04    7.24793e-04    7.27778e-04    7.29601e-04    7.31534e-04    7.33688e-04    7.35986e-04    7.38569e-04    7.40165e-04    7.39787e-04    7.40348e-04    7.42788e-04    7.42554e-04    7.36970e-04    7.31780e-04    7.27376e-04    7.23355e-04    7.20098e-04    7.16916e-04
+285 ||    1.48913e-04    1.48752e-04    1.48903e-04    1.49677e-04    1.50577e-04    1.51733e-04    1.53081e-04    1.54812e-04    1.56696e-04    1.58885e-04    1.61258e-04    1.64001e-04    1.67040e-04    1.70675e-04    1.73670e-04    1.75385e-04    1.73846e-04    1.65798e-04    1.59538e-04    1.56856e-04    1.54388e-04    1.52347e-04    1.50650e-04    1.49640e-04    1.48913e-04
+300 ||    7.78220e-04    7.81008e-04    7.84166e-04    7.88060e-04    7.91900e-04    7.95631e-04    7.99404e-04    8.03258e-04    8.06250e-04    8.07515e-04    8.07246e-04    8.03908e-04    8.00099e-04    7.95352e-04    7.93352e-04    7.96844e-04    7.92883e-04    7.74021e-04    7.62001e-04    7.63664e-04    7.65845e-04    7.69063e-04    7.72223e-04    7.75263e-04    7.78220e-04
+315 ||    1.40571e-03    1.41143e-03    1.41758e-03    1.42458e-03    1.43133e-03    1.43759e-03    1.44373e-03    1.44965e-03    1.45371e-03    1.45406e-03    1.45119e-03    1.44185e-03    1.43128e-03    1.41826e-03    1.41136e-03    1.41668e-03    1.41033e-03    1.38064e-03    1.36282e-03    1.36878e-03    1.37556e-03    1.38401e-03    1.39200e-03    1.39908e-03    1.40571e-03
+330 ||    2.58168e-03    2.58117e-03    2.58326e-03    2.59055e-03    2.59952e-03    2.61184e-03    2.62353e-03    2.63392e-03    2.64198e-03    2.64537e-03    2.64557e-03    2.63938e-03    2.63501e-03    2.63428e-03    2.63760e-03    2.64902e-03    2.65021e-03    2.63093e-03    2.61397e-03    2.60164e-03    2.59238e-03    2.58924e-03    2.58627e-03    2.58362e-03    2.58168e-03
+345 ||    3.77713e-03    3.77052e-03    3.76869e-03    3.77642e-03    3.78780e-03    3.80645e-03    3.82393e-03    3.83906e-03    3.85128e-03    3.85768e-03    3.86082e-03    3.85744e-03    3.85891e-03    3.87009e-03    3.88332e-03    3.90069e-03    3.90919e-03    3.89998e-03    3.88371e-03    3.85334e-03    3.82822e-03    3.81362e-03    3.79980e-03    3.78752e-03    3.77713e-03
+360 ||    3.53272e-03    3.52586e-03    3.51903e-03    3.51226e-03    3.51045e-03    3.51858e-03    3.53076e-03    3.55105e-03    3.57237e-03    3.59572e-03    3.61418e-03    3.62286e-03    3.62907e-03    3.63032e-03    3.63112e-03    3.63102e-03    3.62432e-03    3.60445e-03    3.58463e-03    3.56491e-03    3.55001e-03    3.54477e-03    3.54023e-03    3.53709e-03    3.53272e-03
##########################################################################################
### MCD_v6.1 with Martian Year 31 scenario.
### Latitude 83.8N. Longitude 235.0E. Altitude 0.0 m ALS.
### --------------------------------------------------------------------------------------
### Column 1 is Areocentric longitude (degrees)
### Columns 2+ are Surface pressure (Pa)
### Line 1 is Local time (Martian hour)
### --------------------------------------------------------------------------------------
### Retrieved on: 2024-06-08T03:54:36.012395
### Mars Climate Database (c) LMD/OU/IAA/ESA/CNES
##########################################################################################
---- ||    0.00000e+00    1.00000e+00    2.00000e+00    3.00000e+00    4.00000e+00    5.00000e+00    6.00000e+00    7.00000e+00    8.00000e+00    9.00000e+00    1.00000e+01    1.10000e+01    1.20000e+01    1.30000e+01    1.40000e+01    1.50000e+01    1.60000e+01    1.70000e+01    1.80000e+01    1.90000e+01    2.00000e+01    2.10000e+01    2.20000e+01    2.30000e+01    2.40000e+01
-----------------------------------
+000 ||    8.21454e+02    8.20319e+02    8.19492e+02    8.19283e+02    8.19143e+02    8.19140e+02    8.19276e+02    8.19689e+02    8.20251e+02    8.21114e+02    8.22002e+02    8.22937e+02    8.23708e+02    8.24149e+02    8.24703e+02    8.25482e+02    8.25825e+02    8.25295e+02    8.24912e+02    8.24821e+02    8.24579e+02    8.24035e+02    8.23366e+02    8.22446e+02    8.21454e+02
+015 ||    8.33311e+02    8.32212e+02    8.31305e+02    8.30782e+02    8.30434e+02    8.30434e+02    8.30522e+02    8.30789e+02    8.31317e+02    8.32367e+02    8.33380e+02    8.34320e+02    8.35187e+02    8.35911e+02    8.36620e+02    8.37301e+02    8.37552e+02    8.36942e+02    8.36561e+02    8.36637e+02    8.36545e+02    8.36115e+02    8.35470e+02    8.34394e+02    8.33311e+02
+030 ||    8.72959e+02    8.72092e+02    8.71335e+02    8.70801e+02    8.70436e+02    8.70410e+02    8.70383e+02    8.70354e+02    8.70550e+02    8.71196e+02    8.71811e+02    8.72365e+02    8.72924e+02    8.73494e+02    8.74061e+02    8.74623e+02    8.75045e+02    8.75186e+02    8.75321e+02    8.75442e+02    8.75424e+02    8.75126e+02    8.74648e+02    8.73808e+02    8.72959e+02
+045 ||    9.11017e+02    9.10384e+02    9.09781e+02    9.09236e+02    9.08855e+02    9.08803e+02    9.08659e+02    9.08332e+02    9.08194e+02    9.08431e+02    9.08643e+02    9.08808e+02    9.09055e+02    9.09470e+02    9.09894e+02    9.10335e+02    9.10929e+02    9.11827e+02    9.12481e+02    9.12647e+02    9.12703e+02    9.12538e+02    9.12228e+02    9.11627e+02    9.11017e+02
+060 ||    9.05115e+02    9.04545e+02    9.04061e+02    9.03747e+02    9.03558e+02    9.03618e+02    9.03584e+02    9.03361e+02    9.03234e+02    9.03296e+02    9.03359e+02    9.03420e+02    9.03506e+02    9.03640e+02    9.03785e+02    9.03952e+02    9.04460e+02    9.05649e+02    9.06566e+02    9.06941e+02    9.07089e+02    9.06780e+02    9.06363e+02    9.05728e+02    9.05115e+02
+075 ||    8.81076e+02    8.80566e+02    8.80198e+02    8.80113e+02    8.80110e+02    8.80274e+02    8.80349e+02    8.80246e+02    8.80149e+02    8.80065e+02    8.80006e+02    8.79996e+02    8.79948e+02    8.79821e+02    8.79701e+02    8.79593e+02    8.80000e+02    8.81436e+02    8.82578e+02    8.83130e+02    8.83346e+02    8.82890e+02    8.82363e+02    8.81692e+02    8.81076e+02
+090 ||    8.44484e+02    8.43969e+02    8.43598e+02    8.43516e+02    8.43499e+02    8.43614e+02    8.43787e+02    8.44078e+02    8.44360e+02    8.44625e+02    8.44902e+02    8.45200e+02    8.45390e+02    8.45366e+02    8.45295e+02    8.45128e+02    8.45348e+02    8.46339e+02    8.47064e+02    8.47259e+02    8.47196e+02    8.46617e+02    8.45969e+02    8.45181e+02    8.44484e+02
+105 ||    8.00510e+02    8.00008e+02    7.99649e+02    7.99573e+02    7.99543e+02    7.99605e+02    7.99866e+02    8.00527e+02    8.01160e+02    8.01741e+02    8.02317e+02    8.02887e+02    8.03285e+02    8.03343e+02    8.03305e+02    8.03078e+02    8.03115e+02    8.03680e+02    8.04012e+02    8.03876e+02    8.03561e+02    8.02886e+02    8.02142e+02    8.01263e+02    8.00510e+02
+120 ||    7.67317e+02    7.67083e+02    7.66927e+02    7.66928e+02    7.66962e+02    7.67061e+02    7.67241e+02    7.67585e+02    7.67995e+02    7.68537e+02    7.69009e+02    7.69342e+02    7.69512e+02    7.69358e+02    7.69208e+02    7.69066e+02    7.69079e+02    7.69402e+02    7.69586e+02    7.69491e+02    7.69257e+02    7.68746e+02    7.68237e+02    7.67732e+02    7.67317e+02
+135 ||    7.46424e+02    7.46452e+02    7.46496e+02    7.46574e+02    7.46671e+02    7.46809e+02    7.46912e+02    7.46947e+02    7.47140e+02    7.47652e+02    7.48027e+02    7.48130e+02    7.48076e+02    7.47708e+02    7.47443e+02    7.47383e+02    7.47373e+02    7.47462e+02    7.47501e+02    7.47443e+02    7.47287e+02    7.46933e+02    7.46650e+02    7.46509e+02    7.46424e+02
+150 ||    7.27246e+02    7.26544e+02    7.26029e+02    7.25885e+02    7.25821e+02    7.25915e+02    7.26019e+02    7.26142e+02    7.26336e+02    7.26672e+02    7.26987e+02    7.27259e+02    7.27410e+02    7.27320e+02    7.27371e+02    7.27703e+02    7.27960e+02    7.28069e+02    7.28222e+02    7.28463e+02    7.28585e+02    7.28469e+02    7.28240e+02    7.27784e+02    7.27246e+02
+165 ||    7.24099e+02    7.22647e+02    7.21557e+02    7.21187e+02    7.20959e+02    7.21012e+02    7.21118e+02    7.21333e+02    7.21532e+02    7.21700e+02    7.21962e+02    7.22411e+02    7.22772e+02    7.22958e+02    7.23326e+02    7.24060e+02    7.24590e+02    7.24714e+02    7.24980e+02    7.25531e+02    7.25940e+02    7.26064e+02    7.25887e+02    7.25105e+02    7.24099e+02
+180 ||    7.29648e+02    7.28218e+02    7.27208e+02    7.27041e+02    7.26948e+02    7.27005e+02    7.27188e+02    7.27619e+02    7.28063e+02    7.28530e+02    7.29131e+02    7.29998e+02    7.30649e+02    7.30868e+02    7.31274e+02    7.32054e+02    7.32527e+02    7.32387e+02    7.32347e+02    7.32510e+02    7.32525e+02    7.32245e+02    7.31736e+02    7.30769e+02    7.29648e+02
+195 ||    7.49158e+02    7.47712e+02    7.46756e+02    7.46781e+02    7.46818e+02    7.46881e+02    7.47143e+02    7.47805e+02    7.48508e+02    7.49293e+02    7.50256e+02    7.51573e+02    7.52542e+02    7.52813e+02    7.53277e+02    7.54130e+02    7.54564e+02    7.54165e+02    7.53820e+02    7.53584e+02    7.53191e+02    7.52484e+02    7.51618e+02    7.50431e+02    7.49158e+02
+210 ||    7.88990e+02    7.87818e+02    7.87142e+02    7.87457e+02    7.87702e+02    7.87803e+02    7.87980e+02    7.88310e+02    7.88722e+02    7.89298e+02    7.90138e+02    7.91506e+02    7.92538e+02    7.92901e+02    7.93353e+02    7.93983e+02    7.94009e+02    7.92825e+02    7.91927e+02    7.91600e+02    7.91253e+02    7.90867e+02    7.90405e+02    7.89790e+02    7.88990e+02
+225 ||    8.28560e+02    8.27664e+02    8.27269e+02    8.27876e+02    8.28328e+02    8.28468e+02    8.28560e+02    8.28555e+02    8.28674e+02    8.29040e+02    8.29757e+02    8.31175e+02    8.32272e+02    8.32726e+02    8.33165e+02    8.33572e+02    8.33186e+02    8.31215e+02    8.29762e+02    8.29343e+02    8.29043e+02    8.28980e+02    8.28925e+02    8.28885e+02    8.28560e+02
+240 ||    8.84980e+02    8.84213e+02    8.83841e+02    8.84259e+02    8.84587e+02    8.84734e+02    8.84861e+02    8.84951e+02    8.85088e+02    8.85322e+02    8.85819e+02    8.86842e+02    8.87640e+02    8.87989e+02    8.88377e+02    8.88842e+02    8.88751e+02    8.87551e+02    8.86581e+02    8.86068e+02    8.85676e+02    8.85521e+02    8.85388e+02    8.85296e+02    8.84980e+02
+255 ||    9.22493e+02    9.21873e+02    9.21533e+02    9.21751e+02    9.21947e+02    9.22098e+02    9.22258e+02    9.22438e+02    9.22590e+02    9.22685e+02    9.22950e+02    9.23553e+02    9.24035e+02    9.24271e+02    9.24600e+02    9.25113e+02    9.25321e+02    9.24921e+02    9.24457e+02    9.23863e+02    9.23386e+02    9.23144e+02    9.22935e+02    9.22793e+02    9.22493e+02
+270 ||    9.15633e+02    9.15074e+02    9.14810e+02    9.15135e+02    9.15384e+02    9.15478e+02    9.15599e+02    9.15775e+02    9.15922e+02    9.16009e+02    9.16253e+02    9.16812e+02    9.17229e+02    9.17364e+02    9.17560e+02    9.17878e+02    9.18074e+02    9.18025e+02    9.17828e+02    9.17334e+02    9.16888e+02    9.16543e+02    9.16230e+02    9.15984e+02    9.15633e+02
+285 ||    8.96146e+02    8.95656e+02    8.95472e+02    8.95899e+02    8.96197e+02    8.96233e+02    8.96313e+02    8.96483e+02    8.96622e+02    8.96699e+02    8.96919e+02    8.97426e+02    8.97774e+02    8.97806e+02    8.97866e+02    8.97985e+02    8.98165e+02    8.98469e+02    8.98542e+02    8.98154e+02    8.97747e+02    8.97302e+02    8.96890e+02    8.96542e+02    8.96146e+02
+300 ||    8.60872e+02    8.60391e+02    8.60248e+02    8.60781e+02    8.61140e+02    8.61149e+02    8.61183e+02    8.61266e+02    8.61391e+02    8.61600e+02    8.61994e+02    8.62760e+02    8.63278e+02    8.63302e+02    8.63373e+02    8.63542e+02    8.63599e+02    8.63432e+02    8.63166e+02    8.62700e+02    8.62217e+02    8.61697e+02    8.61297e+02    8.61138e+02    8.60872e+02
+315 ||    8.29418e+02    8.28944e+02    8.28842e+02    8.29483e+02    8.29904e+02    8.29887e+02    8.29875e+02    8.29872e+02    8.29985e+02    8.30326e+02    8.30896e+02    8.31921e+02    8.32609e+02    8.32624e+02    8.32707e+02    8.32926e+02    8.32859e+02    8.32223e+02    8.31617e+02    8.31074e+02    8.30513e+02    8.29916e+02    8.29528e+02    8.29556e+02    8.29418e+02
+330 ||    8.24278e+02    8.23426e+02    8.22931e+02    8.23150e+02    8.23285e+02    8.23254e+02    8.23323e+02    8.23593e+02    8.23942e+02    8.24446e+02    8.25122e+02    8.26139e+02    8.26887e+02    8.27099e+02    8.27403e+02    8.27896e+02    8.28055e+02    8.27549e+02    8.27093e+02    8.26737e+02    8.26324e+02    8.25799e+02    8.25301e+02    8.24857e+02    8.24278e+02
+345 ||    8.26034e+02    8.24800e+02    8.23911e+02    8.23712e+02    8.23565e+02    8.23520e+02    8.23671e+02    8.24214e+02    8.24799e+02    8.25470e+02    8.26256e+02    8.27273e+02    8.28087e+02    8.28495e+02    8.29023e+02    8.29791e+02    8.30176e+02    8.29795e+02    8.29483e+02    8.29310e+02    8.29041e+02    8.28582e+02    8.27971e+02    8.27056e+02    8.26034e+02
+360 ||    8.27559e+02    8.26408e+02    8.25509e+02    8.25114e+02    8.24828e+02    8.24759e+02    8.24826e+02    8.25170e+02    8.25672e+02    8.26494e+02    8.27369e+02    8.28351e+02    8.29214e+02    8.29838e+02    8.30504e+02    8.31252e+02    8.31605e+02    8.31168e+02    8.30851e+02    8.30774e+02    8.30583e+02    8.30165e+02    8.29562e+02    8.28590e+02    8.27559e+02
##########################################################################################
### MCD_v6.1 with Martian Year 31 scenario.
### Latitude 83.8N. Longitude 235.0E. Altitude 0.0 m ALS.
### --------------------------------------------------------------------------------------
### Column 1 is Areocentric longitude (degrees)
### Columns 2+ are Surface temperature (K)
### Line 1 is Local time (Martian hour)
### --------------------------------------------------------------------------------------
### Retrieved on: 2024-06-08T03:54:36.013374
### Mars Climate Database (c) LMD/OU/IAA/ESA/CNES
##########################################################################################
---- ||    0.00000e+00    1.00000e+00    2.00000e+00    3.00000e+00    4.00000e+00    5.00000e+00    6.00000e+00    7.00000e+00    8.00000e+00    9.00000e+00    1.00000e+01    1.10000e+01    1.20000e+01    1.30000e+01    1.40000e+01    1.50000e+01    1.60000e+01    1.70000e+01    1.80000e+01    1.90000e+01    2.00000e+01    2.10000e+01    2.20000e+01    2.30000e+01    2.40000e+01
-----------------------------------
+000 ||    1.49546e+02    1.49533e+02    1.49523e+02    1.49519e+02    1.49516e+02    1.49516e+02    1.49519e+02    1.49526e+02    1.49536e+02    1.49549e+02    1.49562e+02    1.49575e+02    1.49586e+02    1.49592e+02    1.49599e+02    1.49606e+02    1.49608e+02    1.49601e+02    1.49595e+02    1.49591e+02    1.49586e+02    1.49578e+02    1.49570e+02    1.49558e+02    1.49546e+02
+015 ||    1.49758e+02    1.49743e+02    1.49731e+02    1.49723e+02    1.49718e+02    1.49718e+02    1.49721e+02    1.49728e+02    1.49739e+02    1.49756e+02    1.49773e+02    1.49788e+02    1.49802e+02    1.49813e+02    1.49822e+02    1.49829e+02    1.49830e+02    1.49821e+02    1.49813e+02    1.49810e+02    1.49805e+02    1.49797e+02    1.49787e+02    1.49772e+02    1.49758e+02
+030 ||    1.50127e+02    1.50115e+02    1.50104e+02    1.50097e+02    1.50092e+02    1.50091e+02    1.50092e+02    1.50096e+02    1.50103e+02    1.50115e+02    1.50127e+02    1.50138e+02    1.50148e+02    1.50157e+02    1.50165e+02    1.50172e+02    1.50176e+02    1.50174e+02    1.50173e+02    1.50170e+02    1.50167e+02    1.50160e+02    1.50151e+02    1.50139e+02    1.50127e+02
+045 ||    1.50496e+02    1.50487e+02    1.50478e+02    1.50470e+02    1.50465e+02    1.50464e+02    1.50464e+02    1.50464e+02    1.50467e+02    1.50474e+02    1.50481e+02    1.50487e+02    1.50494e+02    1.50502e+02    1.50509e+02    1.50515e+02    1.50521e+02    1.50528e+02    1.50532e+02    1.50531e+02    1.50528e+02    1.50523e+02    1.50516e+02    1.50506e+02    1.50496e+02
+060 ||    1.58921e+02    1.58871e+02    1.58844e+02    1.58861e+02    1.58901e+02    1.58986e+02    1.59094e+02    1.59245e+02    1.59406e+02    1.59585e+02    1.59753e+02    1.59900e+02    1.60027e+02    1.60116e+02    1.60181e+02    1.60199e+02    1.60101e+02    1.59774e+02    1.59525e+02    1.59433e+02    1.59334e+02    1.59218e+02    1.59108e+02    1.59005e+02    1.58921e+02
+075 ||    1.67345e+02    1.67256e+02    1.67211e+02    1.67252e+02    1.67337e+02    1.67508e+02    1.67724e+02    1.68026e+02    1.68345e+02    1.68696e+02    1.69026e+02    1.69313e+02    1.69561e+02    1.69731e+02    1.69854e+02    1.69882e+02    1.69681e+02    1.69020e+02    1.68518e+02    1.68336e+02    1.68139e+02    1.67914e+02    1.67699e+02    1.67504e+02    1.67345e+02
+090 ||    1.92094e+02    1.91851e+02    1.91711e+02    1.91780e+02    1.91950e+02    1.92324e+02    1.92774e+02    1.93375e+02    1.93998e+02    1.94666e+02    1.95293e+02    1.95838e+02    1.96297e+02    1.96583e+02    1.96760e+02    1.96719e+02    1.96488e+02    1.95875e+02    1.95281e+02    1.94726e+02    1.94157e+02    1.93561e+02    1.92999e+02    1.92505e+02    1.92094e+02
+105 ||    2.16843e+02    2.16445e+02    2.16211e+02    2.16308e+02    2.16564e+02    2.17141e+02    2.17825e+02    2.18724e+02    2.19651e+02    2.20636e+02    2.21560e+02    2.22363e+02    2.23033e+02    2.23435e+02    2.23666e+02    2.23556e+02    2.23295e+02    2.22730e+02    2.22044e+02    2.21116e+02    2.20176e+02    2.19209e+02    2.18299e+02    2.17505e+02    2.16843e+02
+120 ||    2.12358e+02    2.11944e+02    2.11689e+02    2.11756e+02    2.11982e+02    2.12528e+02    2.13190e+02    2.14083e+02    2.15012e+02    2.16012e+02    2.16951e+02    2.17772e+02    2.18458e+02    2.18874e+02    2.19117e+02    2.19014e+02    2.18767e+02    2.18232e+02    2.17569e+02    2.16648e+02    2.15710e+02    2.14734e+02    2.13819e+02    2.13026e+02    2.12358e+02
+135 ||    2.07873e+02    2.07443e+02    2.07168e+02    2.07204e+02    2.07400e+02    2.07915e+02    2.08554e+02    2.09443e+02    2.10373e+02    2.11388e+02    2.12343e+02    2.13181e+02    2.13883e+02    2.14313e+02    2.14567e+02    2.14472e+02    2.14240e+02    2.13735e+02    2.13094e+02    2.12180e+02    2.11243e+02    2.10259e+02    2.09339e+02    2.08546e+02    2.07873e+02
+150 ||    1.98443e+02    1.98086e+02    1.97837e+02    1.97802e+02    1.97893e+02    1.98232e+02    1.98685e+02    1.99369e+02    2.00103e+02    2.00935e+02    2.01727e+02    2.02438e+02    2.03034e+02    2.03396e+02    2.03605e+02    2.03505e+02    2.03343e+02    2.03055e+02    2.02608e+02    2.01840e+02    2.01071e+02    2.00300e+02    1.99582e+02    1.98971e+02    1.98443e+02
+165 ||    1.89014e+02    1.88730e+02    1.88505e+02    1.88401e+02    1.88385e+02    1.88548e+02    1.88816e+02    1.89295e+02    1.89832e+02    1.90482e+02    1.91111e+02    1.91696e+02    1.92184e+02    1.92480e+02    1.92642e+02    1.92538e+02    1.92446e+02    1.92376e+02    1.92122e+02    1.91499e+02    1.90899e+02    1.90341e+02    1.89826e+02    1.89395e+02    1.89014e+02
+180 ||    1.70527e+02    1.70359e+02    1.70223e+02    1.70152e+02    1.70126e+02    1.70192e+02    1.70316e+02    1.70555e+02    1.70840e+02    1.71217e+02    1.71591e+02    1.71958e+02    1.72262e+02    1.72437e+02    1.72521e+02    1.72426e+02    1.72361e+02    1.72354e+02    1.72236e+02    1.71892e+02    1.71562e+02    1.71261e+02    1.70981e+02    1.70743e+02    1.70527e+02
+195 ||    1.52041e+02    1.51988e+02    1.51940e+02    1.51903e+02    1.51868e+02    1.51837e+02    1.51816e+02    1.51814e+02    1.51848e+02    1.51951e+02    1.52070e+02    1.52221e+02    1.52340e+02    1.52394e+02    1.52401e+02    1.52314e+02    1.52276e+02    1.52333e+02    1.52350e+02    1.52284e+02    1.52226e+02    1.52181e+02    1.52136e+02    1.52090e+02    1.52041e+02
+210 ||    1.50642e+02    1.50611e+02    1.50585e+02    1.50569e+02    1.50553e+02    1.50537e+02    1.50527e+02    1.50526e+02    1.50543e+02    1.50597e+02    1.50661e+02    1.50743e+02    1.50808e+02    1.50838e+02    1.50845e+02    1.50805e+02    1.50785e+02    1.50806e+02    1.50809e+02    1.50773e+02    1.50742e+02    1.50718e+02    1.50694e+02    1.50669e+02    1.50642e+02
+225 ||    1.49243e+02    1.49234e+02    1.49230e+02    1.49235e+02    1.49238e+02    1.49238e+02    1.49238e+02    1.49237e+02    1.49239e+02    1.49243e+02    1.49251e+02    1.49264e+02    1.49275e+02    1.49283e+02    1.49290e+02    1.49295e+02    1.49294e+02    1.49279e+02    1.49268e+02    1.49263e+02    1.49258e+02    1.49256e+02    1.49253e+02    1.49249e+02    1.49243e+02
+240 ||    1.49356e+02    1.49346e+02    1.49341e+02    1.49344e+02    1.49347e+02    1.49348e+02    1.49350e+02    1.49352e+02    1.49356e+02    1.49360e+02    1.49366e+02    1.49375e+02    1.49382e+02    1.49386e+02    1.49390e+02    1.49394e+02    1.49395e+02    1.49391e+02    1.49386e+02    1.49380e+02    1.49374e+02    1.49371e+02    1.49367e+02    1.49362e+02    1.49356e+02
+255 ||    1.49468e+02    1.49459e+02    1.49453e+02    1.49454e+02    1.49455e+02    1.49458e+02    1.49462e+02    1.49467e+02    1.49472e+02    1.49476e+02    1.49480e+02    1.49486e+02    1.49489e+02    1.49490e+02    1.49491e+02    1.49492e+02    1.49495e+02    1.49502e+02    1.49504e+02    1.49497e+02    1.49491e+02    1.49486e+02    1.49481e+02    1.49475e+02    1.49468e+02
+270 ||    1.48802e+02    1.48794e+02    1.48789e+02    1.48788e+02    1.48789e+02    1.48795e+02    1.48801e+02    1.48809e+02    1.48816e+02    1.48823e+02    1.48830e+02    1.48839e+02    1.48844e+02    1.48844e+02    1.48844e+02    1.48845e+02    1.48845e+02    1.48844e+02    1.48840e+02    1.48831e+02    1.48824e+02    1.48819e+02    1.48814e+02    1.48808e+02    1.48802e+02
+285 ||    1.48136e+02    1.48130e+02    1.48125e+02    1.48122e+02    1.48123e+02    1.48131e+02    1.48140e+02    1.48150e+02    1.48160e+02    1.48170e+02    1.48181e+02    1.48192e+02    1.48199e+02    1.48198e+02    1.48198e+02    1.48199e+02    1.48196e+02    1.48186e+02    1.48175e+02    1.48165e+02    1.48157e+02    1.48153e+02    1.48148e+02    1.48142e+02    1.48136e+02
+300 ||    1.48430e+02    1.48429e+02    1.48428e+02    1.48429e+02    1.48431e+02    1.48435e+02    1.48439e+02    1.48446e+02    1.48453e+02    1.48459e+02    1.48467e+02    1.48477e+02    1.48484e+02    1.48484e+02    1.48484e+02    1.48486e+02    1.48483e+02    1.48469e+02    1.48457e+02    1.48448e+02    1.48441e+02    1.48436e+02    1.48433e+02    1.48432e+02    1.48430e+02
+315 ||    1.48725e+02    1.48728e+02    1.48731e+02    1.48737e+02    1.48740e+02    1.48738e+02    1.48738e+02    1.48742e+02    1.48745e+02    1.48748e+02    1.48753e+02    1.48762e+02    1.48769e+02    1.48769e+02    1.48771e+02    1.48773e+02    1.48769e+02    1.48753e+02    1.48739e+02    1.48731e+02    1.48724e+02    1.48719e+02    1.48718e+02    1.48722e+02    1.48725e+02
+330 ||    1.49068e+02    1.49064e+02    1.49062e+02    1.49064e+02    1.49066e+02    1.49065e+02    1.49066e+02    1.49070e+02    1.49074e+02    1.49079e+02    1.49085e+02    1.49094e+02    1.49102e+02    1.49104e+02    1.49107e+02    1.49112e+02    1.49111e+02    1.49100e+02    1.49091e+02    1.49085e+02    1.49080e+02    1.49075e+02    1.49072e+02    1.49070e+02    1.49068e+02
+345 ||    1.49411e+02    1.49401e+02    1.49393e+02    1.49392e+02    1.49391e+02    1.49391e+02    1.49393e+02    1.49398e+02    1.49403e+02    1.49409e+02    1.49417e+02    1.49426e+02    1.49434e+02    1.49439e+02    1.49444e+02    1.49450e+02    1.49453e+02    1.49448e+02    1.49443e+02    1.49439e+02    1.49435e+02    1.49431e+02    1.49426e+02    1.49419e+02    1.49411e+02
+360 ||    1.49595e+02    1.49583e+02    1.49573e+02    1.49569e+02    1.49565e+02    1.49565e+02    1.49567e+02    1.49572e+02    1.49580e+02    1.49592e+02    1.49604e+02    1.49617e+02    1.49629e+02    1.49637e+02    1.49644e+02    1.49650e+02    1.49652e+02    1.49645e+02    1.49639e+02    1.49635e+02    1.49631e+02    1.49625e+02    1.49617e+02    1.49607e+02    1.49595e+02
