##########################################################################################
### MCD_v6.1 with Martian Year 35 scenario.
### Latitude 83.8N. Longitude 235.0E. Altitude 0.0 m ALS.
### --------------------------------------------------------------------------------------
### Column 1 is Areocentric longitude (degrees)
### Columns 2+ are Daily mean dust column visible optical depth above surface
### Line 1 is Local time (Martian hour)
### --------------------------------------------------------------------------------------
### Retrieved on: 2024-06-08T03:57:53.689972
### Mars Climate Database (c) LMD/OU/IAA/ESA/CNES
##########################################################################################
---- ||    0.00000e+00    1.00000e+00    2.00000e+00    3.00000e+00    4.00000e+00    5.00000e+00    6.00000e+00    7.00000e+00    8.00000e+00    9.00000e+00    1.00000e+01    1.10000e+01    1.20000e+01    1.30000e+01    1.40000e+01    1.50000e+01    1.60000e+01    1.70000e+01    1.80000e+01    1.90000e+01    2.00000e+01    2.10000e+01    2.20000e+01    2.30000e+01    2.40000e+01
-----------------------------------
+000 ||    2.76818e-01    2.76452e-01    2.76210e-01    2.76214e-01    2.76259e-01    2.76386e-01    2.76507e-01    2.76615e-01    2.76753e-01    2.76953e-01    2.77126e-01    2.77242e-01    2.77364e-01    2.77495e-01    2.77650e-01    2.77855e-01    2.77985e-01    2.77965e-01    2.77909e-01    2.77785e-01    2.77674e-01    2.77591e-01    2.77437e-01    2.77139e-01    2.76818e-01
+015 ||    2.07110e-01    2.06844e-01    2.06641e-01    2.06562e-01    2.06540e-01    2.06632e-01    2.06712e-01    2.06771e-01    2.06888e-01    2.07123e-01    2.07321e-01    2.07447e-01    2.07578e-01    2.07721e-01    2.07836e-01    2.07894e-01    2.07938e-01    2.07953e-01    2.07941e-01    2.07872e-01    2.07801e-01    2.07726e-01    2.07597e-01    2.07358e-01    2.07110e-01
+030 ||    2.41364e-01    2.41101e-01    2.40887e-01    2.40770e-01    2.40693e-01    2.40695e-01    2.40699e-01    2.40707e-01    2.40779e-01    2.40977e-01    2.41150e-01    2.41272e-01    2.41394e-01    2.41518e-01    2.41638e-01    2.41747e-01    2.41853e-01    2.41953e-01    2.42021e-01    2.42028e-01    2.42010e-01    2.41943e-01    2.41824e-01    2.41600e-01    2.41364e-01
+045 ||    2.23151e-01    2.22949e-01    2.22771e-01    2.22641e-01    2.22524e-01    2.22434e-01    2.22359e-01    2.22313e-01    2.22322e-01    2.22439e-01    2.22548e-01    2.22640e-01    2.22726e-01    2.22803e-01    2.22901e-01    2.23039e-01    2.23185e-01    2.23349e-01    2.23486e-01    2.23568e-01    2.23608e-01    2.23564e-01    2.23482e-01    2.23324e-01    2.23151e-01
+060 ||    1.88174e-01    1.88030e-01    1.87917e-01    1.87864e-01    1.87813e-01    1.87766e-01    1.87732e-01    1.87723e-01    1.87738e-01    1.87801e-01    1.87858e-01    1.87904e-01    1.87940e-01    1.87956e-01    1.87991e-01    1.88061e-01    1.88161e-01    1.88316e-01    1.88444e-01    1.88517e-01    1.88553e-01    1.88516e-01    1.88447e-01    1.88312e-01    1.88174e-01
+075 ||    2.83559e-01    2.83380e-01    2.83263e-01    2.83268e-01    2.83263e-01    2.83236e-01    2.83228e-01    2.83258e-01    2.83293e-01    2.83336e-01    2.83373e-01    2.83397e-01    2.83397e-01    2.83350e-01    2.83332e-01    2.83371e-01    2.83484e-01    2.83743e-01    2.83953e-01    2.84065e-01    2.84121e-01    2.84067e-01    2.83962e-01    2.83756e-01    2.83559e-01
+090 ||    4.66380e-01    4.65822e-01    4.65422e-01    4.65338e-01    4.65301e-01    4.65359e-01    4.65441e-01    4.65570e-01    4.65697e-01    4.65821e-01    4.65982e-01    4.66218e-01    4.66346e-01    4.66259e-01    4.66258e-01    4.66431e-01    4.66719e-01    4.67237e-01    4.67636e-01    4.67798e-01    4.67847e-01    4.67670e-01    4.67388e-01    4.66895e-01    4.66380e-01
+105 ||    3.40405e-01    3.39788e-01    3.39331e-01    3.39191e-01    3.39138e-01    3.39260e-01    3.39394e-01    3.39553e-01    3.39705e-01    3.39843e-01    3.40046e-01    3.40379e-01    3.40577e-01    3.40505e-01    3.40526e-01    3.40735e-01    3.41024e-01    3.41475e-01    3.41809e-01    3.41910e-01    3.41911e-01    3.41711e-01    3.41416e-01    3.40933e-01    3.40405e-01
+120 ||    3.64534e-01    3.64139e-01    3.63875e-01    3.63875e-01    3.63904e-01    3.63992e-01    3.64089e-01    3.64206e-01    3.64351e-01    3.64555e-01    3.64768e-01    3.65000e-01    3.65096e-01    3.64923e-01    3.64835e-01    3.64919e-01    3.65077e-01    3.65385e-01    3.65610e-01    3.65670e-01    3.65650e-01    3.65470e-01    3.65235e-01    3.64893e-01    3.64534e-01
+135 ||    2.15305e-01    2.15240e-01    2.15229e-01    2.15324e-01    2.15397e-01    2.15422e-01    2.15450e-01    2.15483e-01    2.15556e-01    2.15710e-01    2.15831e-01    2.15885e-01    2.15867e-01    2.15703e-01    2.15581e-01    2.15542e-01    2.15541e-01    2.15613e-01    2.15664e-01    2.15670e-01    2.15646e-01    2.15562e-01    2.15476e-01    2.15386e-01    2.15305e-01
+150 ||    3.26522e-01    3.26331e-01    3.26240e-01    3.26349e-01    3.26441e-01    3.26497e-01    3.26553e-01    3.26611e-01    3.26714e-01    3.26905e-01    3.27047e-01    3.27089e-01    3.27059e-01    3.26886e-01    3.26756e-01    3.26710e-01    3.26684e-01    3.26695e-01    3.26728e-01    3.26806e-01    3.26855e-01    3.26844e-01    3.26795e-01    3.26670e-01    3.26522e-01
+165 ||    1.84769e-01    1.84605e-01    1.84509e-01    1.84550e-01    1.84592e-01    1.84634e-01    1.84675e-01    1.84713e-01    1.84765e-01    1.84848e-01    1.84903e-01    1.84902e-01    1.84883e-01    1.84830e-01    1.84789e-01    1.84771e-01    1.84741e-01    1.84687e-01    1.84680e-01    1.84766e-01    1.84844e-01    1.84909e-01    1.84931e-01    1.84867e-01    1.84769e-01
+180 ||    1.38749e-01    1.38585e-01    1.38495e-01    1.38555e-01    1.38613e-01    1.38670e-01    1.38741e-01    1.38841e-01    1.38954e-01    1.39093e-01    1.39228e-01    1.39355e-01    1.39442e-01    1.39452e-01    1.39466e-01    1.39490e-01    1.39433e-01    1.39213e-01    1.39066e-01    1.39064e-01    1.39056e-01    1.39036e-01    1.38986e-01    1.38877e-01    1.38749e-01
+195 ||    1.50745e-01    1.50523e-01    1.50406e-01    1.50499e-01    1.50590e-01    1.50676e-01    1.50794e-01    1.50978e-01    1.51179e-01    1.51411e-01    1.51657e-01    1.51928e-01    1.52130e-01    1.52193e-01    1.52258e-01    1.52324e-01    1.52227e-01    1.51803e-01    1.51496e-01    1.51424e-01    1.51345e-01    1.51250e-01    1.51126e-01    1.50942e-01    1.50745e-01
+210 ||    1.78396e-01    1.78131e-01    1.77980e-01    1.78054e-01    1.78125e-01    1.78192e-01    1.78273e-01    1.78386e-01    1.78512e-01    1.78665e-01    1.78838e-01    1.79051e-01    1.79223e-01    1.79312e-01    1.79420e-01    1.79567e-01    1.79546e-01    1.79192e-01    1.78930e-01    1.78854e-01    1.78790e-01    1.78750e-01    1.78684e-01    1.78564e-01    1.78396e-01
+225 ||    2.00950e-01    2.00649e-01    2.00465e-01    2.00514e-01    2.00561e-01    2.00602e-01    2.00639e-01    2.00667e-01    2.00706e-01    2.00765e-01    2.00852e-01    2.00992e-01    2.01123e-01    2.01237e-01    2.01389e-01    2.01617e-01    2.01682e-01    2.01423e-01    2.01224e-01    2.01147e-01    2.01103e-01    2.01125e-01    2.01124e-01    2.01080e-01    2.00950e-01
+240 ||    2.23710e-01    2.23466e-01    2.23317e-01    2.23356e-01    2.23415e-01    2.23512e-01    2.23580e-01    2.23590e-01    2.23606e-01    2.23632e-01    2.23695e-01    2.23830e-01    2.23967e-01    2.24104e-01    2.24262e-01    2.24465e-01    2.24524e-01    2.24296e-01    2.24098e-01    2.23958e-01    2.23872e-01    2.23893e-01    2.23887e-01    2.23829e-01    2.23710e-01
+255 ||    1.79887e-01    1.79759e-01    1.79681e-01    1.79702e-01    1.79754e-01    1.79871e-01    1.79946e-01    1.79938e-01    1.79929e-01    1.79920e-01    1.79946e-01    1.80039e-01    1.80141e-01    1.80259e-01    1.80379e-01    1.80503e-01    1.80540e-01    1.80404e-01    1.80262e-01    1.80108e-01    1.80010e-01    1.80025e-01    1.80017e-01    1.79964e-01    1.79887e-01
+270 ||    9.64647e-02    9.64002e-02    9.63673e-02    9.63975e-02    9.64336e-02    9.64817e-02    9.65183e-02    9.65319e-02    9.65375e-02    9.65270e-02    9.65369e-02    9.65875e-02    9.66312e-02    9.66609e-02    9.66992e-02    9.67550e-02    9.67846e-02    9.67620e-02    9.67266e-02    9.66657e-02    9.66189e-02    9.65999e-02    9.65704e-02    9.65199e-02    9.64647e-02
+285 ||    1.53522e-01    1.53426e-01    1.53388e-01    1.53467e-01    1.53537e-01    1.53590e-01    1.53643e-01    1.53694e-01    1.53719e-01    1.53693e-01    1.53703e-01    1.53784e-01    1.53836e-01    1.53829e-01    1.53848e-01    1.53919e-01    1.53982e-01    1.54028e-01    1.54038e-01    1.53976e-01    1.53910e-01    1.53836e-01    1.53749e-01    1.53632e-01    1.53522e-01
+300 ||    1.45416e-01    1.45286e-01    1.45224e-01    1.45296e-01    1.45353e-01    1.45383e-01    1.45422e-01    1.45482e-01    1.45527e-01    1.45540e-01    1.45582e-01    1.45684e-01    1.45751e-01    1.45749e-01    1.45777e-01    1.45861e-01    1.45916e-01    1.45912e-01    1.45887e-01    1.45822e-01    1.45753e-01    1.45675e-01    1.45596e-01    1.45514e-01    1.45416e-01
+315 ||    1.76332e-01    1.76126e-01    1.76017e-01    1.76100e-01    1.76158e-01    1.76167e-01    1.76202e-01    1.76290e-01    1.76370e-01    1.76434e-01    1.76528e-01    1.76683e-01    1.76788e-01    1.76792e-01    1.76837e-01    1.76961e-01    1.77022e-01    1.76955e-01    1.76882e-01    1.76795e-01    1.76703e-01    1.76598e-01    1.76507e-01    1.76443e-01    1.76332e-01
+330 ||    1.82647e-01    1.82427e-01    1.82290e-01    1.82318e-01    1.82329e-01    1.82302e-01    1.82299e-01    1.82340e-01    1.82397e-01    1.82482e-01    1.82595e-01    1.82764e-01    1.82899e-01    1.82967e-01    1.83071e-01    1.83246e-01    1.83365e-01    1.83372e-01    1.83346e-01    1.83256e-01    1.83157e-01    1.83042e-01    1.82924e-01    1.82802e-01    1.82647e-01
+345 ||    1.61823e-01    1.61621e-01    1.61477e-01    1.61446e-01    1.61406e-01    1.61348e-01    1.61306e-01    1.61295e-01    1.61319e-01    1.61414e-01    1.61529e-01    1.61687e-01    1.61833e-01    1.61955e-01    1.62103e-01    1.62303e-01    1.62462e-01    1.62542e-01    1.62569e-01    1.62488e-01    1.62397e-01    1.62289e-01    1.62162e-01    1.61999e-01    1.61823e-01
+360 ||    2.58049e-01    2.57723e-01    2.57481e-01    2.57407e-01    2.57362e-01    2.57374e-01    2.57391e-01    2.57419e-01    2.57512e-01    2.57735e-01    2.57951e-01    2.58154e-01    2.58352e-01    2.58538e-01    2.58727e-01    2.58922e-01    2.59075e-01    2.59148e-01    2.59161e-01    2.59053e-01    2.58938e-01    2.58805e-01    2.58623e-01    2.58344e-01    2.58049e-01
##########################################################################################
### MCD_v6.1 with Martian Year 35 scenario.
### Latitude 83.8N. Longitude 235.0E. Altitude 0.0 m ALS.
### --------------------------------------------------------------------------------------
### Column 1 is Areocentric longitude (degrees)
### Columns 2+ are Water ice column (kg/m2)
### Line 1 is Local time (Martian hour)
### --------------------------------------------------------------------------------------
### Retrieved on: 2024-06-08T03:57:53.690646
### Mars Climate Database (c) LMD/OU/IAA/ESA/CNES
##########################################################################################
---- ||    0.00000e+00    1.00000e+00    2.00000e+00    3.00000e+00    4.00000e+00    5.00000e+00    6.00000e+00    7.00000e+00    8.00000e+00    9.00000e+00    1.00000e+01    1.10000e+01    1.20000e+01    1.30000e+01    1.40000e+01    1.50000e+01    1.60000e+01    1.70000e+01    1.80000e+01    1.90000e+01    2.00000e+01    2.10000e+01    2.20000e+01    2.30000e+01    2.40000e+01
-----------------------------------
+000 ||    5.17093e-03    5.16351e-03    5.15873e-03    5.15924e-03    5.15920e-03    5.15806e-03    5.15837e-03    5.16158e-03    5.17050e-03    5.19084e-03    5.21338e-03    5.24033e-03    5.26732e-03    5.29441e-03    5.31654e-03    5.32876e-03    5.32476e-03    5.28832e-03    5.25889e-03    5.24348e-03    5.22722e-03    5.20928e-03    5.19333e-03    5.18137e-03    5.17093e-03
+015 ||    6.08316e-03    6.08158e-03    6.07949e-03    6.07636e-03    6.07043e-03    6.05891e-03    6.04890e-03    6.04190e-03    6.04501e-03    6.06832e-03    6.09405e-03    6.12464e-03    6.15561e-03    6.18731e-03    6.21038e-03    6.21621e-03    6.20900e-03    6.17574e-03    6.14840e-03    6.13290e-03    6.11794e-03    6.10402e-03    6.09290e-03    6.08737e-03    6.08316e-03
+030 ||    8.61546e-03    8.60907e-03    8.60163e-03    8.59208e-03    8.58010e-03    8.56327e-03    8.54627e-03    8.52893e-03    8.51730e-03    8.51708e-03    8.51838e-03    8.52274e-03    8.52759e-03    8.53345e-03    8.54127e-03    8.55303e-03    8.55952e-03    8.55549e-03    8.55665e-03    8.56819e-03    8.57986e-03    8.59179e-03    8.60271e-03    8.61163e-03    8.61546e-03
+045 ||    1.11605e-02    1.11492e-02    1.11363e-02    1.11200e-02    1.11017e-02    1.10793e-02    1.10551e-02    1.10273e-02    1.10007e-02    1.09765e-02    1.09530e-02    1.09308e-02    1.09092e-02    1.08890e-02    1.08815e-02    1.08993e-02    1.09198e-02    1.09455e-02    1.09755e-02    1.10142e-02    1.10528e-02    1.10911e-02    1.11246e-02    1.11484e-02    1.11605e-02
+060 ||    1.65223e-02    1.65620e-02    1.66020e-02    1.66428e-02    1.66695e-02    1.66676e-02    1.66545e-02    1.66187e-02    1.65750e-02    1.65155e-02    1.64528e-02    1.63838e-02    1.63192e-02    1.62631e-02    1.62146e-02    1.61813e-02    1.61539e-02    1.61383e-02    1.61459e-02    1.61998e-02    1.62611e-02    1.63371e-02    1.64080e-02    1.64686e-02    1.65223e-02
+075 ||    2.13035e-02    2.13950e-02    2.14887e-02    2.15868e-02    2.16588e-02    2.16785e-02    2.16775e-02    2.16354e-02    2.15763e-02    2.14828e-02    2.13820e-02    2.12666e-02    2.11586e-02    2.10655e-02    2.09746e-02    2.08883e-02    2.08120e-02    2.07561e-02    2.07412e-02    2.08085e-02    2.08908e-02    2.10032e-02    2.11106e-02    2.12080e-02    2.13035e-02
+090 ||    2.36982e-02    2.41031e-02    2.44585e-02    2.47148e-02    2.48911e-02    2.49075e-02    2.48205e-02    2.45269e-02    2.41560e-02    2.36310e-02    2.30545e-02    2.23752e-02    2.17575e-02    2.12621e-02    2.08560e-02    2.06282e-02    2.05082e-02    2.06036e-02    2.07923e-02    2.11674e-02    2.16048e-02    2.21667e-02    2.27117e-02    2.32226e-02    2.36982e-02
+105 ||    2.55894e-02    2.62929e-02    2.68980e-02    2.73060e-02    2.75847e-02    2.76047e-02    2.74417e-02    2.69128e-02    2.62489e-02    2.53152e-02    2.42879e-02    2.30727e-02    2.19700e-02    2.10910e-02    2.03849e-02    2.00244e-02    1.98616e-02    2.00942e-02    2.04697e-02    2.11306e-02    2.19003e-02    2.28876e-02    2.38474e-02    2.47518e-02    2.55894e-02
+120 ||    2.37325e-02    2.43851e-02    2.49342e-02    2.52757e-02    2.55016e-02    2.54958e-02    2.53510e-02    2.49284e-02    2.43800e-02    2.35805e-02    2.27267e-02    2.17643e-02    2.08954e-02    2.02129e-02    1.96455e-02    1.93083e-02    1.91079e-02    1.91812e-02    1.93864e-02    1.98552e-02    2.04600e-02    2.13368e-02    2.21870e-02    2.29837e-02    2.37325e-02
+135 ||    2.25524e-02    2.31679e-02    2.36723e-02    2.39539e-02    2.41294e-02    2.40923e-02    2.39571e-02    2.36255e-02    2.31751e-02    2.24871e-02    2.17834e-02    2.10483e-02    2.03910e-02    1.98890e-02    1.94477e-02    1.91273e-02    1.88888e-02    1.88139e-02    1.88625e-02    1.91582e-02    1.96183e-02    2.04071e-02    2.11687e-02    2.18758e-02    2.25524e-02
+150 ||    2.25420e-02    2.28923e-02    2.31815e-02    2.33488e-02    2.34595e-02    2.34570e-02    2.34118e-02    2.32812e-02    2.30776e-02    2.27284e-02    2.23579e-02    2.19448e-02    2.15739e-02    2.12871e-02    2.10274e-02    2.08217e-02    2.06545e-02    2.05646e-02    2.05523e-02    2.06954e-02    2.09348e-02    2.13671e-02    2.17837e-02    2.21686e-02    2.25420e-02
+165 ||    2.32862e-02    2.33709e-02    2.34449e-02    2.34976e-02    2.35432e-02    2.35748e-02    2.36197e-02    2.36911e-02    2.37344e-02    2.37216e-02    2.36820e-02    2.35888e-02    2.35033e-02    2.34331e-02    2.33570e-02    2.32693e-02    2.31736e-02    2.30623e-02    2.29856e-02    2.29781e-02    2.29992e-02    2.30775e-02    2.31511e-02    2.32152e-02    2.32862e-02
+180 ||    1.68126e-02    1.68644e-02    1.69082e-02    1.69359e-02    1.69566e-02    1.69633e-02    1.69738e-02    1.69921e-02    1.70031e-02    1.69995e-02    1.69845e-02    1.69470e-02    1.69074e-02    1.68639e-02    1.68159e-02    1.67589e-02    1.67025e-02    1.66472e-02    1.66017e-02    1.65761e-02    1.65784e-02    1.66364e-02    1.66952e-02    1.67553e-02    1.68126e-02
+195 ||    1.07126e-02    1.07306e-02    1.07432e-02    1.07452e-02    1.07404e-02    1.07218e-02    1.06976e-02    1.06618e-02    1.06398e-02    1.06452e-02    1.06546e-02    1.06717e-02    1.06772e-02    1.06594e-02    1.06390e-02    1.06133e-02    1.05968e-02    1.05988e-02    1.05854e-02    1.05414e-02    1.05253e-02    1.05651e-02    1.06107e-02    1.06682e-02    1.07126e-02
+210 ||    8.08900e-03    8.08347e-03    8.07873e-03    8.07556e-03    8.06762e-03    8.05015e-03    8.02842e-03    7.99818e-03    7.97709e-03    7.97431e-03    7.97795e-03    7.99439e-03    8.00684e-03    8.01131e-03    8.01449e-03    8.01510e-03    8.02536e-03    8.05490e-03    8.06699e-03    8.04424e-03    8.03351e-03    8.04682e-03    8.06154e-03    8.07912e-03    8.08900e-03
+225 ||    5.43444e-03    5.40626e-03    5.38489e-03    5.37715e-03    5.36659e-03    5.35038e-03    5.33142e-03    5.30696e-03    5.28701e-03    5.27608e-03    5.27414e-03    5.29016e-03    5.30977e-03    5.33654e-03    5.36317e-03    5.38952e-03    5.42563e-03    5.48125e-03    5.51777e-03    5.51613e-03    5.51054e-03    5.49709e-03    5.48074e-03    5.45859e-03    5.43444e-03
+240 ||    3.87442e-03    3.85590e-03    3.84225e-03    3.83832e-03    3.83324e-03    3.82587e-03    3.81614e-03    3.80169e-03    3.78978e-03    3.78294e-03    3.78156e-03    3.79112e-03    3.80290e-03    3.81914e-03    3.83514e-03    3.85064e-03    3.87512e-03    3.91759e-03    3.94422e-03    3.93917e-03    3.93221e-03    3.92141e-03    3.90861e-03    3.89180e-03    3.87442e-03
+255 ||    2.24642e-03    2.23790e-03    2.23221e-03    2.23216e-03    2.23265e-03    2.23418e-03    2.23382e-03    2.22964e-03    2.22595e-03    2.22323e-03    2.22237e-03    2.22521e-03    2.22892e-03    2.23435e-03    2.23946e-03    2.24393e-03    2.25640e-03    2.28489e-03    2.30113e-03    2.29290e-03    2.28477e-03    2.27686e-03    2.26787e-03    2.25670e-03    2.24642e-03
+270 ||    1.39019e-03    1.38525e-03    1.38199e-03    1.38211e-03    1.38263e-03    1.38397e-03    1.38435e-03    1.38280e-03    1.38127e-03    1.37980e-03    1.37935e-03    1.38092e-03    1.38296e-03    1.38594e-03    1.38875e-03    1.39121e-03    1.39835e-03    1.41485e-03    1.42408e-03    1.41878e-03    1.41355e-03    1.40846e-03    1.40287e-03    1.39625e-03    1.39019e-03
+285 ||    5.15726e-04    5.14442e-04    5.13686e-04    5.13987e-04    5.14566e-04    5.15698e-04    5.16807e-04    5.17872e-04    5.18505e-04    5.18273e-04    5.18206e-04    5.18466e-04    5.18813e-04    5.19331e-04    5.19834e-04    5.20306e-04    5.22055e-04    5.26360e-04    5.28460e-04    5.26151e-04    5.23867e-04    5.21634e-04    5.19480e-04    5.17484e-04    5.15726e-04
+300 ||    1.29737e-03    1.29778e-03    1.30022e-03    1.30668e-03    1.31285e-03    1.31841e-03    1.32518e-03    1.33436e-03    1.34399e-03    1.35453e-03    1.36574e-03    1.37830e-03    1.38962e-03    1.39848e-03    1.40476e-03    1.40591e-03    1.39584e-03    1.36332e-03    1.33823e-03    1.32799e-03    1.31869e-03    1.31126e-03    1.30479e-03    1.30025e-03    1.29737e-03
+315 ||    2.09000e-03    2.09214e-03    2.09780e-03    2.11049e-03    2.12229e-03    2.13232e-03    2.14480e-03    2.16219e-03    2.18093e-03    2.20237e-03    2.22500e-03    2.25003e-03    2.27249e-03    2.28978e-03    2.30192e-03    2.30376e-03    2.28173e-03    2.21197e-03    2.15936e-03    2.14107e-03    2.12464e-03    2.11194e-03    2.10111e-03    2.09401e-03    2.09000e-03
+330 ||    3.22553e-03    3.22587e-03    3.22652e-03    3.22777e-03    3.22477e-03    3.21327e-03    3.20336e-03    3.19661e-03    3.19195e-03    3.19144e-03    3.19317e-03    3.19939e-03    3.20684e-03    3.21676e-03    3.22756e-03    3.24011e-03    3.24766e-03    3.24520e-03    3.24396e-03    3.24517e-03    3.24475e-03    3.24110e-03    3.23645e-03    3.22983e-03    3.22553e-03
+345 ||    4.37556e-03    4.37410e-03    4.36978e-03    4.35976e-03    4.34211e-03    4.30922e-03    4.27708e-03    4.24647e-03    4.21868e-03    4.19652e-03    4.17771e-03    4.16558e-03    4.15845e-03    4.16133e-03    4.17101e-03    4.19429e-03    4.23101e-03    4.29461e-03    4.34380e-03    4.36415e-03    4.37949e-03    4.38479e-03    4.38627e-03    4.38013e-03    4.37556e-03
+360 ||    5.18140e-03    5.17986e-03    5.17660e-03    5.16993e-03    5.15808e-03    5.13587e-03    5.11481e-03    5.09603e-03    5.08364e-03    5.08406e-03    5.08736e-03    5.09643e-03    5.10816e-03    5.12521e-03    5.14142e-03    5.15595e-03    5.17088e-03    5.18662e-03    5.19793e-03    5.20037e-03    5.20059e-03    5.19635e-03    5.19160e-03    5.18579e-03    5.18140e-03
##########################################################################################
### MCD_v6.1 with Martian Year 35 scenario.
### Latitude 83.8N. Longitude 235.0E. Altitude 0.0 m ALS.
### --------------------------------------------------------------------------------------
### Column 1 is Areocentric longitude (degrees)
### Columns 2+ are Surface pressure (Pa)
### Line 1 is Local time (Martian hour)
### --------------------------------------------------------------------------------------
### Retrieved on: 2024-06-08T03:57:53.691208
### Mars Climate Database (c) LMD/OU/IAA/ESA/CNES
##########################################################################################
---- ||    0.00000e+00    1.00000e+00    2.00000e+00    3.00000e+00    4.00000e+00    5.00000e+00    6.00000e+00    7.00000e+00    8.00000e+00    9.00000e+00    1.00000e+01    1.10000e+01    1.20000e+01    1.30000e+01    1.40000e+01    1.50000e+01    1.60000e+01    1.70000e+01    1.80000e+01    1.90000e+01    2.00000e+01    2.10000e+01    2.20000e+01    2.30000e+01    2.40000e+01
-----------------------------------
+000 ||    8.40112e+02    8.39002e+02    8.38266e+02    8.38278e+02    8.38415e+02    8.38801e+02    8.39168e+02    8.39495e+02    8.39916e+02    8.40523e+02    8.41047e+02    8.41401e+02    8.41769e+02    8.42166e+02    8.42638e+02    8.43261e+02    8.43655e+02    8.43592e+02    8.43424e+02    8.43046e+02    8.42710e+02    8.42460e+02    8.41991e+02    8.41086e+02    8.40112e+02
+015 ||    8.20493e+02    8.19442e+02    8.18636e+02    8.18324e+02    8.18236e+02    8.18599e+02    8.18918e+02    8.19149e+02    8.19614e+02    8.20545e+02    8.21331e+02    8.21827e+02    8.22347e+02    8.22913e+02    8.23368e+02    8.23600e+02    8.23775e+02    8.23835e+02    8.23784e+02    8.23512e+02    8.23232e+02    8.22935e+02    8.22422e+02    8.21475e+02    8.20493e+02
+030 ||    8.45559e+02    8.44639e+02    8.43889e+02    8.43479e+02    8.43208e+02    8.43216e+02    8.43230e+02    8.43258e+02    8.43509e+02    8.44205e+02    8.44812e+02    8.45238e+02    8.45667e+02    8.46101e+02    8.46519e+02    8.46903e+02    8.47274e+02    8.47623e+02    8.47863e+02    8.47886e+02    8.47823e+02    8.47588e+02    8.47170e+02    8.46387e+02    8.45559e+02
+045 ||    8.68949e+02    8.68164e+02    8.67471e+02    8.66963e+02    8.66508e+02    8.66158e+02    8.65865e+02    8.65687e+02    8.65721e+02    8.66179e+02    8.66603e+02    8.66959e+02    8.67296e+02    8.67596e+02    8.67975e+02    8.68512e+02    8.69082e+02    8.69721e+02    8.70254e+02    8.70574e+02    8.70730e+02    8.70558e+02    8.70237e+02    8.69622e+02    8.68949e+02
+060 ||    8.83950e+02    8.83273e+02    8.82740e+02    8.82492e+02    8.82254e+02    8.82034e+02    8.81872e+02    8.81828e+02    8.81898e+02    8.82196e+02    8.82465e+02    8.82680e+02    8.82848e+02    8.82925e+02    8.83086e+02    8.83419e+02    8.83885e+02    8.84617e+02    8.85218e+02    8.85558e+02    8.85727e+02    8.85556e+02    8.85231e+02    8.84598e+02    8.83950e+02
+075 ||    8.80438e+02    8.79882e+02    8.79517e+02    8.79535e+02    8.79519e+02    8.79435e+02    8.79410e+02    8.79504e+02    8.79612e+02    8.79747e+02    8.79861e+02    8.79934e+02    8.79935e+02    8.79789e+02    8.79732e+02    8.79855e+02    8.80205e+02    8.81009e+02    8.81661e+02    8.82008e+02    8.82183e+02    8.82014e+02    8.81688e+02    8.81049e+02    8.80438e+02
+090 ||    8.39556e+02    8.38552e+02    8.37832e+02    8.37680e+02    8.37613e+02    8.37718e+02    8.37865e+02    8.38098e+02    8.38327e+02    8.38549e+02    8.38839e+02    8.39264e+02    8.39495e+02    8.39338e+02    8.39337e+02    8.39648e+02    8.40166e+02    8.41099e+02    8.41818e+02    8.42109e+02    8.42197e+02    8.41878e+02    8.41370e+02    8.40483e+02    8.39556e+02
+105 ||    7.91477e+02    7.90042e+02    7.88978e+02    7.88653e+02    7.88531e+02    7.88813e+02    7.89124e+02    7.89496e+02    7.89849e+02    7.90169e+02    7.90642e+02    7.91416e+02    7.91877e+02    7.91708e+02    7.91757e+02    7.92242e+02    7.92915e+02    7.93964e+02    7.94741e+02    7.94976e+02    7.94977e+02    7.94512e+02    7.93827e+02    7.92704e+02    7.91477e+02
+120 ||    7.54605e+02    7.53786e+02    7.53241e+02    7.53240e+02    7.53300e+02    7.53483e+02    7.53684e+02    7.53925e+02    7.54226e+02    7.54649e+02    7.55090e+02    7.55569e+02    7.55769e+02    7.55409e+02    7.55228e+02    7.55402e+02    7.55730e+02    7.56366e+02    7.56832e+02    7.56957e+02    7.56916e+02    7.56542e+02    7.56056e+02    7.55349e+02    7.54605e+02
+135 ||    7.30006e+02    7.29788e+02    7.29750e+02    7.30073e+02    7.30318e+02    7.30405e+02    7.30500e+02    7.30609e+02    7.30857e+02    7.31379e+02    7.31789e+02    7.31974e+02    7.31912e+02    7.31357e+02    7.30944e+02    7.30812e+02    7.30807e+02    7.31053e+02    7.31224e+02    7.31246e+02    7.31165e+02    7.30879e+02    7.30586e+02    7.30282e+02    7.30006e+02
+150 ||    7.08696e+02    7.08281e+02    7.08083e+02    7.08321e+02    7.08520e+02    7.08641e+02    7.08764e+02    7.08890e+02    7.09112e+02    7.09528e+02    7.09835e+02    7.09926e+02    7.09862e+02    7.09486e+02    7.09204e+02    7.09105e+02    7.09047e+02    7.09071e+02    7.09144e+02    7.09313e+02    7.09419e+02    7.09396e+02    7.09290e+02    7.09016e+02    7.08696e+02
+165 ||    7.02693e+02    7.02069e+02    7.01705e+02    7.01862e+02    7.02020e+02    7.02180e+02    7.02335e+02    7.02479e+02    7.02680e+02    7.02996e+02    7.03204e+02    7.03200e+02    7.03129e+02    7.02927e+02    7.02770e+02    7.02702e+02    7.02589e+02    7.02384e+02    7.02356e+02    7.02681e+02    7.02981e+02    7.03228e+02    7.03310e+02    7.03065e+02    7.02693e+02
+180 ||    7.16903e+02    7.16053e+02    7.15589e+02    7.15897e+02    7.16199e+02    7.16490e+02    7.16857e+02    7.17374e+02    7.17958e+02    7.18678e+02    7.19376e+02    7.20029e+02    7.20481e+02    7.20530e+02    7.20604e+02    7.20728e+02    7.20432e+02    7.19297e+02    7.18537e+02    7.18526e+02    7.18485e+02    7.18383e+02    7.18127e+02    7.17562e+02    7.16903e+02
+195 ||    7.44711e+02    7.43612e+02    7.43033e+02    7.43495e+02    7.43944e+02    7.44369e+02    7.44955e+02    7.45864e+02    7.46853e+02    7.48002e+02    7.49215e+02    7.50554e+02    7.51551e+02    7.51866e+02    7.52185e+02    7.52513e+02    7.52034e+02    7.49937e+02    7.48421e+02    7.48066e+02    7.47674e+02    7.47206e+02    7.46591e+02    7.45683e+02    7.44711e+02
+210 ||    8.22081e+02    8.20861e+02    8.20162e+02    8.20505e+02    8.20835e+02    8.21140e+02    8.21516e+02    8.22035e+02    8.22616e+02    8.23322e+02    8.24120e+02    8.25102e+02    8.25893e+02    8.26303e+02    8.26802e+02    8.27477e+02    8.27382e+02    8.25748e+02    8.24542e+02    8.24193e+02    8.23899e+02    8.23715e+02    8.23408e+02    8.22856e+02    8.22081e+02
+225 ||    8.99310e+02    8.97965e+02    8.97141e+02    8.97361e+02    8.97569e+02    8.97754e+02    8.97919e+02    8.98046e+02    8.98220e+02    8.98485e+02    8.98871e+02    8.99500e+02    9.00088e+02    9.00597e+02    9.01276e+02    9.02297e+02    9.02590e+02    9.01428e+02    9.00539e+02    9.00193e+02    8.99996e+02    9.00093e+02    9.00092e+02    8.99892e+02    8.99310e+02
+240 ||    9.30890e+02    9.29875e+02    9.29254e+02    9.29419e+02    9.29664e+02    9.30069e+02    9.30352e+02    9.30393e+02    9.30457e+02    9.30566e+02    9.30828e+02    9.31392e+02    9.31959e+02    9.32529e+02    9.33190e+02    9.34032e+02    9.34277e+02    9.33331e+02    9.32506e+02    9.31923e+02    9.31564e+02    9.31651e+02    9.31629e+02    9.31388e+02    9.30890e+02
+255 ||    9.42465e+02    9.41797e+02    9.41388e+02    9.41496e+02    9.41772e+02    9.42384e+02    9.42777e+02    9.42733e+02    9.42687e+02    9.42641e+02    9.42774e+02    9.43264e+02    9.43797e+02    9.44417e+02    9.45045e+02    9.45693e+02    9.45887e+02    9.45173e+02    9.44429e+02    9.43624e+02    9.43113e+02    9.43189e+02    9.43147e+02    9.42871e+02    9.42465e+02
+270 ||    9.39028e+02    9.38401e+02    9.38080e+02    9.38374e+02    9.38726e+02    9.39194e+02    9.39550e+02    9.39683e+02    9.39737e+02    9.39635e+02    9.39731e+02    9.40224e+02    9.40649e+02    9.40938e+02    9.41312e+02    9.41854e+02    9.42142e+02    9.41922e+02    9.41578e+02    9.40985e+02    9.40529e+02    9.40344e+02    9.40057e+02    9.39565e+02    9.39028e+02
+285 ||    9.22629e+02    9.22050e+02    9.21822e+02    9.22297e+02    9.22720e+02    9.23038e+02    9.23353e+02    9.23660e+02    9.23813e+02    9.23656e+02    9.23714e+02    9.24204e+02    9.24515e+02    9.24471e+02    9.24585e+02    9.25015e+02    9.25394e+02    9.25668e+02    9.25727e+02    9.25355e+02    9.24959e+02    9.24517e+02    9.23990e+02    9.23289e+02    9.22629e+02
+300 ||    8.99193e+02    8.98392e+02    8.98006e+02    8.98450e+02    8.98806e+02    8.98987e+02    8.99232e+02    8.99604e+02    8.99879e+02    8.99958e+02    9.00221e+02    9.00850e+02    9.01266e+02    9.01256e+02    9.01424e+02    9.01947e+02    9.02287e+02    9.02259e+02    9.02107e+02    9.01706e+02    9.01279e+02    9.00798e+02    9.00308e+02    8.99799e+02    8.99193e+02
+315 ||    8.79659e+02    8.78632e+02    8.78086e+02    8.78501e+02    8.78792e+02    8.78836e+02    8.79011e+02    8.79451e+02    8.79850e+02    8.80167e+02    8.80636e+02    8.81408e+02    8.81931e+02    8.81955e+02    8.82178e+02    8.82797e+02    8.83099e+02    8.82766e+02    8.82401e+02    8.81971e+02    8.81510e+02    8.80988e+02    8.80534e+02    8.80215e+02    8.79659e+02
+330 ||    8.31717e+02    8.30716e+02    8.30091e+02    8.30221e+02    8.30268e+02    8.30148e+02    8.30131e+02    8.30322e+02    8.30579e+02    8.30967e+02    8.31483e+02    8.32251e+02    8.32867e+02    8.33178e+02    8.33650e+02    8.34445e+02    8.34986e+02    8.35018e+02    8.34901e+02    8.34490e+02    8.34040e+02    8.33516e+02    8.32980e+02    8.32423e+02    8.31717e+02
+345 ||    7.91219e+02    7.90233e+02    7.89527e+02    7.89376e+02    7.89181e+02    7.88898e+02    7.88691e+02    7.88638e+02    7.88757e+02    7.89219e+02    7.89785e+02    7.90556e+02    7.91269e+02    7.91865e+02    7.92588e+02    7.93565e+02    7.94347e+02    7.94738e+02    7.94867e+02    7.94470e+02    7.94028e+02    7.93497e+02    7.92877e+02    7.92079e+02    7.91219e+02
+360 ||    8.01675e+02    8.00662e+02    7.99910e+02    7.99680e+02    7.99539e+02    7.99577e+02    7.99631e+02    7.99719e+02    8.00008e+02    8.00699e+02    8.01371e+02    8.02002e+02    8.02616e+02    8.03195e+02    8.03782e+02    8.04386e+02    8.04864e+02    8.05089e+02    8.05129e+02    8.04796e+02    8.04436e+02    8.04023e+02    8.03459e+02    8.02591e+02    8.01675e+02
##########################################################################################
### MCD_v6.1 with Martian Year 35 scenario.
### Latitude 83.8N. Longitude 235.0E. Altitude 0.0 m ALS.
### --------------------------------------------------------------------------------------
### Column 1 is Areocentric longitude (degrees)
### Columns 2+ are Surface temperature (K)
### Line 1 is Local time (Martian hour)
### --------------------------------------------------------------------------------------
### Retrieved on: 2024-06-08T03:57:53.691774
### Mars Climate Database (c) LMD/OU/IAA/ESA/CNES
##########################################################################################
---- ||    0.00000e+00    1.00000e+00    2.00000e+00    3.00000e+00    4.00000e+00    5.00000e+00    6.00000e+00    7.00000e+00    8.00000e+00    9.00000e+00    1.00000e+01    1.10000e+01    1.20000e+01    1.30000e+01    1.40000e+01    1.50000e+01    1.60000e+01    1.70000e+01    1.80000e+01    1.90000e+01    2.00000e+01    2.10000e+01    2.20000e+01    2.30000e+01    2.40000e+01
-----------------------------------
+000 ||    1.49242e+02    1.49233e+02    1.49226e+02    1.49226e+02    1.49226e+02    1.49229e+02    1.49233e+02    1.49240e+02    1.49249e+02    1.49260e+02    1.49269e+02    1.49276e+02    1.49284e+02    1.49290e+02    1.49296e+02    1.49300e+02    1.49300e+02    1.49290e+02    1.49282e+02    1.49277e+02    1.49272e+02    1.49268e+02    1.49261e+02    1.49252e+02    1.49242e+02
+015 ||    1.49362e+02    1.49349e+02    1.49340e+02    1.49335e+02    1.49333e+02    1.49337e+02    1.49341e+02    1.49347e+02    1.49355e+02    1.49368e+02    1.49380e+02    1.49389e+02    1.49397e+02    1.49406e+02    1.49412e+02    1.49415e+02    1.49416e+02    1.49413e+02    1.49410e+02    1.49404e+02    1.49399e+02    1.49393e+02    1.49385e+02    1.49373e+02    1.49362e+02
+030 ||    1.49619e+02    1.49608e+02    1.49599e+02    1.49594e+02    1.49590e+02    1.49590e+02    1.49591e+02    1.49594e+02    1.49599e+02    1.49609e+02    1.49618e+02    1.49625e+02    1.49633e+02    1.49640e+02    1.49647e+02    1.49651e+02    1.49655e+02    1.49656e+02    1.49656e+02    1.49654e+02    1.49651e+02    1.49646e+02    1.49640e+02    1.49629e+02    1.49619e+02
+045 ||    1.49877e+02    1.49867e+02    1.49859e+02    1.49853e+02    1.49847e+02    1.49844e+02    1.49842e+02    1.49841e+02    1.49843e+02    1.49850e+02    1.49856e+02    1.49862e+02    1.49869e+02    1.49875e+02    1.49881e+02    1.49887e+02    1.49893e+02    1.49899e+02    1.49903e+02    1.49904e+02    1.49904e+02    1.49900e+02    1.49894e+02    1.49886e+02    1.49877e+02
+060 ||    1.49943e+02    1.49934e+02    1.49927e+02    1.49922e+02    1.49918e+02    1.49915e+02    1.49914e+02    1.49914e+02    1.49917e+02    1.49922e+02    1.49928e+02    1.49933e+02    1.49938e+02    1.49942e+02    1.49947e+02    1.49952e+02    1.49957e+02    1.49963e+02    1.49968e+02    1.49969e+02    1.49969e+02    1.49965e+02    1.49960e+02    1.49951e+02    1.49943e+02
+075 ||    1.50009e+02    1.50001e+02    1.49995e+02    1.49992e+02    1.49989e+02    1.49987e+02    1.49985e+02    1.49987e+02    1.49990e+02    1.49994e+02    1.49999e+02    1.50004e+02    1.50008e+02    1.50010e+02    1.50013e+02    1.50016e+02    1.50020e+02    1.50027e+02    1.50033e+02    1.50035e+02    1.50035e+02    1.50031e+02    1.50026e+02    1.50017e+02    1.50009e+02
+090 ||    1.66763e+02    1.66693e+02    1.66647e+02    1.66649e+02    1.66677e+02    1.66753e+02    1.66856e+02    1.67009e+02    1.67182e+02    1.67392e+02    1.67603e+02    1.67813e+02    1.68002e+02    1.68146e+02    1.68250e+02    1.68273e+02    1.68172e+02    1.67825e+02    1.67548e+02    1.67412e+02    1.67273e+02    1.67130e+02    1.66993e+02    1.66869e+02    1.66763e+02
+105 ||    1.83517e+02    1.83384e+02    1.83299e+02    1.83307e+02    1.83364e+02    1.83520e+02    1.83726e+02    1.84031e+02    1.84373e+02    1.84790e+02    1.85207e+02    1.85623e+02    1.85996e+02    1.86282e+02    1.86488e+02    1.86530e+02    1.86325e+02    1.85623e+02    1.85064e+02    1.84789e+02    1.84512e+02    1.84229e+02    1.83961e+02    1.83721e+02    1.83517e+02
+120 ||    1.96864e+02    1.96656e+02    1.96512e+02    1.96497e+02    1.96552e+02    1.96748e+02    1.97009e+02    1.97400e+02    1.97835e+02    1.98355e+02    1.98866e+02    1.99359e+02    1.99786e+02    2.00081e+02    2.00277e+02    2.00277e+02    2.00118e+02    1.99640e+02    1.99184e+02    1.98769e+02    1.98350e+02    1.97921e+02    1.97518e+02    1.97167e+02    1.96864e+02
+135 ||    2.10210e+02    2.09927e+02    2.09726e+02    2.09687e+02    2.09740e+02    2.09975e+02    2.10291e+02    2.10770e+02    2.11297e+02    2.11919e+02    2.12524e+02    2.13094e+02    2.13575e+02    2.13879e+02    2.14067e+02    2.14024e+02    2.13911e+02    2.13657e+02    2.13303e+02    2.12749e+02    2.12188e+02    2.11613e+02    2.11075e+02    2.10613e+02    2.10210e+02
+150 ||    1.99250e+02    1.98986e+02    1.98785e+02    1.98709e+02    1.98710e+02    1.98866e+02    1.99102e+02    1.99497e+02    1.99941e+02    2.00480e+02    2.01006e+02    2.01507e+02    2.01935e+02    2.02215e+02    2.02392e+02    2.02362e+02    2.02305e+02    2.02192e+02    2.01951e+02    2.01454e+02    2.00958e+02    2.00465e+02    2.00003e+02    1.99604e+02    1.99250e+02
+165 ||    1.88289e+02    1.88045e+02    1.87844e+02    1.87731e+02    1.87680e+02    1.87757e+02    1.87912e+02    1.88225e+02    1.88585e+02    1.89040e+02    1.89487e+02    1.89920e+02    1.90295e+02    1.90551e+02    1.90717e+02    1.90700e+02    1.90699e+02    1.90726e+02    1.90598e+02    1.90158e+02    1.89728e+02    1.89316e+02    1.88930e+02    1.88594e+02    1.88289e+02
+180 ||    1.71931e+02    1.71775e+02    1.71644e+02    1.71562e+02    1.71511e+02    1.71522e+02    1.71578e+02    1.71725e+02    1.71912e+02    1.72183e+02    1.72460e+02    1.72748e+02    1.72994e+02    1.73152e+02    1.73246e+02    1.73213e+02    1.73219e+02    1.73303e+02    1.73275e+02    1.73025e+02    1.72780e+02    1.72543e+02    1.72318e+02    1.72117e+02    1.71931e+02
+195 ||    1.55573e+02    1.55506e+02    1.55444e+02    1.55393e+02    1.55341e+02    1.55287e+02    1.55245e+02    1.55224e+02    1.55240e+02    1.55326e+02    1.55432e+02    1.55576e+02    1.55693e+02    1.55752e+02    1.55775e+02    1.55726e+02    1.55739e+02    1.55879e+02    1.55952e+02    1.55892e+02    1.55831e+02    1.55770e+02    1.55707e+02    1.55640e+02    1.55573e+02
+210 ||    1.52640e+02    1.52602e+02    1.52569e+02    1.52543e+02    1.52517e+02    1.52490e+02    1.52468e+02    1.52458e+02    1.52466e+02    1.52509e+02    1.52563e+02    1.52638e+02    1.52698e+02    1.52729e+02    1.52743e+02    1.52724e+02    1.52734e+02    1.52801e+02    1.52835e+02    1.52804e+02    1.52773e+02    1.52742e+02    1.52710e+02    1.52676e+02    1.52640e+02
+225 ||    1.49708e+02    1.49699e+02    1.49693e+02    1.49693e+02    1.49693e+02    1.49692e+02    1.49692e+02    1.49692e+02    1.49692e+02    1.49693e+02    1.49694e+02    1.49699e+02    1.49703e+02    1.49706e+02    1.49712e+02    1.49723e+02    1.49729e+02    1.49722e+02    1.49718e+02    1.49716e+02    1.49715e+02    1.49714e+02    1.49713e+02    1.49711e+02    1.49708e+02
+240 ||    1.49691e+02    1.49684e+02    1.49679e+02    1.49678e+02    1.49679e+02    1.49682e+02    1.49684e+02    1.49684e+02    1.49685e+02    1.49685e+02    1.49687e+02    1.49690e+02    1.49694e+02    1.49697e+02    1.49702e+02    1.49709e+02    1.49713e+02    1.49712e+02    1.49709e+02    1.49704e+02    1.49700e+02    1.49699e+02    1.49698e+02    1.49695e+02    1.49691e+02
+255 ||    1.49674e+02    1.49668e+02    1.49664e+02    1.49663e+02    1.49665e+02    1.49672e+02    1.49677e+02    1.49677e+02    1.49678e+02    1.49678e+02    1.49679e+02    1.49682e+02    1.49684e+02    1.49688e+02    1.49691e+02    1.49694e+02    1.49698e+02    1.49701e+02    1.49700e+02    1.49691e+02    1.49685e+02    1.49684e+02    1.49683e+02    1.49678e+02    1.49674e+02
+270 ||    1.49008e+02    1.49002e+02    1.48998e+02    1.48997e+02    1.48999e+02    1.49007e+02    1.49013e+02    1.49017e+02    1.49022e+02    1.49028e+02    1.49033e+02    1.49034e+02    1.49035e+02    1.49034e+02    1.49033e+02    1.49031e+02    1.49031e+02    1.49037e+02    1.49038e+02    1.49029e+02    1.49022e+02    1.49021e+02    1.49019e+02    1.49014e+02    1.49008e+02
+285 ||    1.48343e+02    1.48336e+02    1.48331e+02    1.48331e+02    1.48333e+02    1.48342e+02    1.48350e+02    1.48358e+02    1.48367e+02    1.48379e+02    1.48387e+02    1.48387e+02    1.48386e+02    1.48380e+02    1.48374e+02    1.48367e+02    1.48365e+02    1.48373e+02    1.48375e+02    1.48366e+02    1.48360e+02    1.48358e+02    1.48355e+02    1.48349e+02    1.48343e+02
+300 ||    1.48400e+02    1.48390e+02    1.48384e+02    1.48385e+02    1.48387e+02    1.48392e+02    1.48397e+02    1.48403e+02    1.48411e+02    1.48421e+02    1.48431e+02    1.48440e+02    1.48447e+02    1.48447e+02    1.48448e+02    1.48449e+02    1.48448e+02    1.48443e+02    1.48437e+02    1.48430e+02    1.48425e+02    1.48420e+02    1.48415e+02    1.48408e+02    1.48400e+02
+315 ||    1.48457e+02    1.48445e+02    1.48437e+02    1.48438e+02    1.48440e+02    1.48442e+02    1.48444e+02    1.48449e+02    1.48455e+02    1.48464e+02    1.48476e+02    1.48494e+02    1.48508e+02    1.48514e+02    1.48521e+02    1.48530e+02    1.48530e+02    1.48512e+02    1.48499e+02    1.48495e+02    1.48489e+02    1.48482e+02    1.48475e+02    1.48467e+02    1.48457e+02
+330 ||    1.48739e+02    1.48728e+02    1.48720e+02    1.48719e+02    1.48718e+02    1.48717e+02    1.48717e+02    1.48719e+02    1.48722e+02    1.48730e+02    1.48739e+02    1.48753e+02    1.48764e+02    1.48771e+02    1.48779e+02    1.48788e+02    1.48791e+02    1.48784e+02    1.48778e+02    1.48774e+02    1.48769e+02    1.48763e+02    1.48756e+02    1.48748e+02    1.48739e+02
+345 ||    1.49021e+02    1.49011e+02    1.49003e+02    1.49000e+02    1.48997e+02    1.48993e+02    1.48990e+02    1.48989e+02    1.48990e+02    1.48996e+02    1.49003e+02    1.49012e+02    1.49020e+02    1.49027e+02    1.49036e+02    1.49045e+02    1.49052e+02    1.49055e+02    1.49056e+02    1.49053e+02    1.49049e+02    1.49043e+02    1.49037e+02    1.49029e+02    1.49021e+02
+360 ||    1.49191e+02    1.49180e+02    1.49171e+02    1.49168e+02    1.49165e+02    1.49165e+02    1.49165e+02    1.49168e+02    1.49172e+02    1.49182e+02    1.49191e+02    1.49200e+02    1.49209e+02    1.49217e+02    1.49224e+02    1.49230e+02    1.49234e+02    1.49234e+02    1.49233e+02    1.49229e+02    1.49224e+02    1.49218e+02    1.49211e+02    1.49201e+02    1.49191e+02
