##########################################################################################
### MCD_v6.1 with Martian Year 24 scenario.
### Latitude 83.8N. Longitude 235.0E. Local time 12.0h
### --------------------------------------------------------------------------------------
### Column 1 is Areocentric longitude (degrees)
### Columns 2+ are Pressure (Pa)
### Line 1 is height above surface (m)
### --------------------------------------------------------------------------------------
### Retrieved on: 2024-06-07T22:15:20.158628
### Mars Climate Database (c) LMD/OU/IAA/ESA/CNES
##########################################################################################
---- ||    0.00000e+00    1.47059e+03    2.94118e+03    4.41176e+03    5.88235e+03    7.35294e+03    8.82353e+03    1.02941e+04    1.17647e+04    1.32353e+04    1.47059e+04    1.61765e+04    1.76471e+04    1.91176e+04    2.05882e+04    2.20588e+04    2.35294e+04    2.50000e+04    2.64706e+04    2.79412e+04    2.94118e+04    3.08824e+04    3.23529e+04    3.38235e+04    3.52941e+04    3.67647e+04    3.82353e+04    3.97059e+04    4.11765e+04    4.26471e+04    4.41176e+04    4.55882e+04    4.70588e+04    4.85294e+04    5.00000e+04
-----------------------------------
+000 ||    8.42660e+02    6.95506e+02    5.73500e+02    4.73151e+02    3.91194e+02    3.23869e+02    2.67990e+02    2.21369e+02    1.82461e+02    1.50058e+02    1.23075e+02    1.00720e+02    8.22349e+01    6.69951e+01    5.44827e+01    4.42377e+01    3.58716e+01    2.90574e+01    2.35213e+01    1.90341e+01    1.54043e+01    1.24726e+01    1.01138e+01    8.21381e+00    6.68142e+00    5.45102e+00    4.46042e+00    3.65892e+00    3.01228e+00    2.48968e+00    2.06150e+00    1.71627e+00    1.42977e+00    1.19711e+00    1.00328e+00
+015 ||    8.41220e+02    6.93864e+02    5.72072e+02    4.72739e+02    3.92904e+02    3.27932e+02    2.73800e+02    2.28119e+02    1.89508e+02    1.56917e+02    1.29574e+02    1.06693e+02    8.76604e+01    7.18803e+01    5.88337e+01    4.80852e+01    3.92606e+01    3.20349e+01    2.61327e+01    2.13228e+01    1.74122e+01    1.42358e+01    1.16547e+01    9.55930e+00    7.86257e+00    6.47847e+00    5.35234e+00    4.43632e+00    3.68404e+00    3.06918e+00    2.56341e+00    2.14524e+00    1.80078e+00    1.51396e+00    1.27560e+00
+030 ||    8.80771e+02    7.31520e+02    6.10775e+02    5.12497e+02    4.32795e+02    3.66889e+02    3.11249e+02    2.63662e+02    2.22842e+02    1.87774e+02    1.57808e+02    1.32218e+02    1.10476e+02    9.20752e+01    7.65546e+01    6.35078e+01    5.25788e+01    4.34555e+01    3.58651e+01    2.95702e+01    2.43644e+01    2.00693e+01    1.65306e+01    1.36243e+01    1.12378e+01    9.27548e+00    7.67206e+00    6.35303e+00    5.26877e+00    4.38083e+00    3.64739e+00    3.04343e+00    2.54467e+00    2.13053e+00    1.78819e+00
+045 ||    9.18775e+02    7.67836e+02    6.48376e+02    5.51636e+02    4.72724e+02    4.06610e+02    3.50040e+02    3.01040e+02    2.58437e+02    2.21306e+02    1.89054e+02    1.61068e+02    1.36811e+02    1.15887e+02    9.78916e+01    8.24670e+01    6.92936e+01    5.80847e+01    4.85833e+01    4.05586e+01    3.38044e+01    2.81357e+01    2.33866e+01    1.94266e+01    1.61305e+01    1.33900e+01    1.11178e+01    9.23294e+00    7.67469e+00    6.38349e+00    5.31411e+00    4.43056e+00    3.69686e+00    3.08956e+00    2.58508e+00
+060 ||    9.19703e+02    7.75488e+02    6.59880e+02    5.64302e+02    4.85053e+02    4.18633e+02    3.62167e+02    3.13257e+02    2.70498e+02    2.33103e+02    2.00325e+02    1.71706e+02    1.46774e+02    1.25105e+02    1.06322e+02    9.00941e+01    7.61224e+01    6.41396e+01    5.39040e+01    4.51964e+01    3.78179e+01    3.15890e+01    2.63481e+01    2.19501e+01    1.82639e+01    1.51900e+01    1.26293e+01    1.04995e+01    8.73072e+00    7.26229e+00    6.04511e+00    5.03417e+00    4.19727e+00    3.50268e+00    2.92537e+00
+075 ||    9.01589e+02    7.67175e+02    6.58150e+02    5.66442e+02    4.88794e+02    4.23369e+02    3.67952e+02    3.20022e+02    2.77939e+02    2.40884e+02    2.08293e+02    1.79626e+02    1.54446e+02    1.32412e+02    1.13183e+02    9.64529e+01    8.19462e+01    6.94154e+01    5.86354e+01    4.94003e+01    4.15216e+01    3.48236e+01    2.91397e+01    2.43467e+01    2.03177e+01    1.69377e+01    1.41056e+01    1.17439e+01    9.77477e+00    8.13617e+00    6.77266e+00    5.64003e+00    4.69893e+00    3.91659e+00    3.26851e+00
+090 ||    8.54480e+02    7.37256e+02    6.38629e+02    5.53762e+02    4.80429e+02    4.17305e+02    3.63010e+02    3.15696e+02    2.74117e+02    2.37424e+02    2.05114e+02    1.76729e+02    1.51834e+02    1.30013e+02    1.10985e+02    9.44428e+01    8.01102e+01    6.77397e+01    5.71082e+01    4.80127e+01    4.02672e+01    3.36951e+01    2.81375e+01    2.34634e+01    1.95447e+01    1.62670e+01    1.35282e+01    1.12496e+01    9.35397e+00    7.78082e+00    6.47419e+00    5.39010e+00    4.49188e+00    3.74561e+00    3.12791e+00
+105 ||    8.00130e+02    7.01263e+02    6.14300e+02    5.37437e+02    4.69433e+02    4.09518e+02    3.56938e+02    3.10578e+02    2.69553e+02    2.33387e+02    2.01439e+02    1.73360e+02    1.48752e+02    1.27242e+02    1.08467e+02    9.21483e+01    7.80228e+01    6.58428e+01    5.53872e+01    4.64565e+01    3.88670e+01    3.24439e+01    2.70316e+01    2.24935e+01    1.87005e+01    1.55373e+01    1.29038e+01    1.07178e+01    8.90377e+00    7.40167e+00    6.15744e+00    5.12526e+00    4.27315e+00    3.56606e+00    2.97962e+00
+120 ||    7.65143e+02    6.69342e+02    5.85672e+02    5.11846e+02    4.46561e+02    3.88963e+02    3.38190e+02    2.93357e+02    2.53816e+02    2.18956e+02    1.88313e+02    1.61483e+02    1.38014e+02    1.17553e+02    9.97955e+01    8.44352e+01    7.11975e+01    5.98372e+01    5.01343e+01    4.18895e+01    3.49198e+01    2.90565e+01    2.41443e+01    2.00425e+01    1.66256e+01    1.37899e+01    1.14389e+01    9.49228e+00    7.88372e+00    6.55178e+00    5.45141e+00    4.54199e+00    3.78750e+00    3.16513e+00    2.64786e+00
+135 ||    7.42423e+02    6.48181e+02    5.66481e+02    4.94582e+02    4.31056e+02    3.74845e+02    3.25112e+02    2.81183e+02    2.42528e+02    2.08491e+02    1.78701e+02    1.52681e+02    1.29983e+02    1.10297e+02    9.32763e+01    7.86128e+01    6.60307e+01    5.52827e+01    4.61460e+01    3.84194e+01    3.19199e+01    2.64795e+01    2.19444e+01    1.81762e+01    1.50519e+01    1.24673e+01    1.03332e+01    8.56996e+00    7.11489e+00    5.91554e+00    4.92314e+00    4.10415e+00    3.42726e+00    2.86457e+00    2.40101e+00
+150 ||    7.26135e+02    6.25455e+02    5.38171e+02    4.62214e+02    3.96245e+02    3.39210e+02    2.90076e+02    2.47741e+02    2.11198e+02    1.79552e+02    1.52226e+02    1.28603e+02    1.08304e+02    9.09240e+01    7.60974e+01    6.34974e+01    5.28322e+01    4.38552e+01    3.63317e+01    3.00522e+01    2.48284e+01    2.04998e+01    1.69231e+01    1.39728e+01    1.15414e+01    9.54244e+00    7.89920e+00    6.54547e+00    5.43306e+00    4.51796e+00    3.76132e+00    3.13933e+00    2.62394e+00    2.19729e+00    1.84349e+00
+165 ||    7.26067e+02    6.16618e+02    5.21923e+02    4.40760e+02    3.71727e+02    3.13547e+02    2.64773e+02    2.23622e+02    1.88644e+02    1.58703e+02    1.33148e+02    1.11344e+02    9.28290e+01    7.71827e+01    6.40126e+01    5.29712e+01    4.37483e+01    3.60768e+01    2.97174e+01    2.44595e+01    2.01253e+01    1.65602e+01    1.36324e+01    1.12295e+01    9.25989e+00    7.64868e+00    6.32609e+00    5.24019e+00    4.35216e+00    3.61973e+00    3.01699e+00    2.52056e+00    2.10844e+00    1.76886e+00    1.48532e+00
+180 ||    7.32743e+02    6.13735e+02    5.13186e+02    4.28996e+02    3.59028e+02    3.00727e+02    2.51890e+02    2.10727e+02    1.75858e+02    1.46342e+02    1.21394e+02    1.00415e+02    8.27976e+01    6.81027e+01    5.58899e+01    4.57763e+01    3.74298e+01    3.05640e+01    2.49340e+01    2.03310e+01    1.65779e+01    1.35248e+01    1.10441e+01    9.02903e+00    7.40010e+00    6.07643e+00    4.99871e+00    4.12455e+00    3.41212e+00    2.82685e+00    2.35241e+00    1.95927e+00    1.63848e+00    1.37072e+00    1.15199e+00
+195 ||    7.53144e+02    6.22361e+02    5.14377e+02    4.25931e+02    3.53889e+02    2.94313e+02    2.44433e+02    2.02501e+02    1.67279e+02    1.37744e+02    1.13075e+02    9.25508e+01    7.55635e+01    6.15307e+01    4.99988e+01    4.05547e+01    3.28438e+01    2.65670e+01    2.14733e+01    1.73524e+01    1.40283e+01    1.13520e+01    9.20153e+00    7.47893e+00    6.09319e+00    4.97604e+00    4.07792e+00    3.35328e+00    2.76304e+00    2.28736e+00    1.89750e+00    1.58031e+00    1.31851e+00    1.10489e+00    9.25881e-01
+210 ||    7.92595e+02    6.54699e+02    5.40875e+02    4.47183e+02    3.70002e+02    3.05950e+02    2.52512e+02    2.07891e+02    1.70710e+02    1.39843e+02    1.14254e+02    9.31535e+01    7.57792e+01    6.15213e+01    4.98557e+01    4.03326e+01    3.25761e+01    2.62738e+01    2.11665e+01    1.70392e+01    1.37146e+01    1.10451e+01    8.90629e+00    7.20442e+00    5.85023e+00    4.76702e+00    3.89816e+00    3.20605e+00    2.64392e+00    2.18934e+00    1.82028e+00    1.51797e+00    1.27049e+00    1.06710e+00    8.96872e-01
+225 ||    8.31779e+02    6.86813e+02    5.67190e+02    4.68320e+02    3.86048e+02    3.17550e+02    2.60592e+02    2.13331e+02    1.74245e+02    1.42054e+02    1.15601e+02    9.39181e+01    7.61666e+01    6.16729e+01    4.98559e+01    4.02352e+01    3.24151e+01    2.60706e+01    2.09345e+01    1.67873e+01    1.34508e+01    1.07799e+01    8.65129e+00    6.96250e+00    5.63714e+00    4.58520e+00    3.74542e+00    3.07890e+00    2.54203e+00    2.10556e+00    1.75509e+00    1.46555e+00    1.23080e+00    1.03618e+00    8.73965e-01
+240 ||    8.82814e+02    7.29930e+02    6.02425e+02    4.96770e+02    4.08932e+02    3.35991e+02    2.75511e+02    2.25457e+02    1.84134e+02    1.50123e+02    1.22172e+02    9.92681e+01    8.05075e+01    6.51879e+01    5.26966e+01    4.25268e+01    3.42606e+01    2.75540e+01    2.21247e+01    1.77412e+01    1.42135e+01    1.13850e+01    9.12313e+00    7.32869e+00    5.90764e+00    4.77998e+00    3.88356e+00    3.17814e+00    2.61052e+00    2.15434e+00    1.78815e+00    1.48848e+00    1.24565e+00    1.04582e+00    8.79492e-01
+255 ||    9.14887e+02    7.57393e+02    6.24749e+02    5.14483e+02    4.22899e+02    3.47033e+02    2.84295e+02    2.32509e+02    1.89831e+02    1.54735e+02    1.25912e+02    1.02289e+02    8.29459e+01    6.71513e+01    5.42734e+01    4.37903e+01    3.52709e+01    2.83599e+01    2.27664e+01    1.82517e+01    1.46192e+01    1.17051e+01    9.37182e+00    7.51467e+00    6.03784e+00    4.86481e+00    3.93563e+00    3.20553e+00    2.62173e+00    2.15556e+00    1.78325e+00    1.47973e+00    1.23515e+00    1.03414e+00    8.67842e-01
+270 ||    9.08513e+02    7.53350e+02    6.22018e+02    5.12535e+02    4.21372e+02    3.45788e+02    2.83265e+02    2.31644e+02    1.89104e+02    1.54121e+02    1.25385e+02    1.01844e+02    8.25645e+01    6.68246e+01    5.39936e+01    4.35506e+01    3.50653e+01    2.81829e+01    2.26124e+01    1.81151e+01    1.44946e+01    1.15885e+01    9.26100e+00    7.40513e+00    5.92987e+00    4.75890e+00    3.82984e+00    3.10048e+00    2.52190e+00    2.05855e+00    1.69553e+00    1.39779e+00    1.16310e+00    9.68142e-01    8.10423e-01
+285 ||    8.89613e+02    7.38933e+02    6.10715e+02    5.03446e+02    4.13926e+02    3.39645e+02    2.78182e+02    2.27435e+02    1.85618e+02    1.51235e+02    1.22997e+02    9.98670e+01    8.09322e+01    6.54777e+01    5.28830e+01    4.26354e+01    3.43112e+01    2.75612e+01    2.20983e+01    1.76876e+01    1.41356e+01    1.12834e+01    8.99945e+00    7.17592e+00    5.72677e+00    4.57754e+00    3.66749e+00    2.94916e+00    2.38655e+00    1.93829e+00    1.58742e+00    1.30451e+00    1.07950e+00    8.94202e-01    7.46540e-01
+300 ||    8.62255e+02    7.15089e+02    5.90526e+02    4.86547e+02    3.99927e+02    3.28106e+02    2.68698e+02    2.19654e+02    1.79242e+02    1.46015e+02    1.18733e+02    9.63808e+01    7.80894e+01    6.31625e+01    5.10006e+01    4.11076e+01    3.30739e+01    2.65616e+01    2.12931e+01    1.70406e+01    1.36169e+01    1.08683e+01    8.66817e+00    6.91118e+00    5.51531e+00    4.40985e+00    3.53584e+00    2.84349e+00    2.30412e+00    1.87446e+00    1.53463e+00    1.26267e+00    1.04408e+00    8.65532e-01    7.21909e-01
+315 ||    8.38645e+02    6.94364e+02    5.72928e+02    4.71820e+02    3.87732e+02    3.18062e+02    2.60448e+02    2.12895e+02    1.73709e+02    1.41489e+02    1.15037e+02    9.33620e+01    7.56283e+01    6.11586e+01    4.93718e+01    3.97861e+01    3.20015e+01    2.56961e+01    2.05983e+01    1.64830e+01    1.31703e+01    1.05111e+01    8.38292e+00    6.68382e+00    5.33293e+00    4.26527e+00    3.42242e+00    2.75525e+00    2.23303e+00    1.81910e+00    1.48882e+00    1.22609e+00    1.01308e+00    8.40290e-01    7.00182e-01
+330 ||    8.42312e+02    6.96524e+02    5.74559e+02    4.73236e+02    3.89082e+02    3.19337e+02    2.61675e+02    2.14128e+02    1.74949e+02    1.42698e+02    1.16168e+02    9.43775e+01    7.65094e+01    6.19072e+01    4.99993e+01    4.03084e+01    3.24367e+01    2.60594e+01    2.09034e+01    1.67450e+01    1.34011e+01    1.07199e+01    8.57529e+00    6.86246e+00    5.50206e+00    4.42213e+00    3.56490e+00    2.88348e+00    2.34804e+00    1.91766e+00    1.57616e+00    1.29942e+00    1.07722e+00    8.93840e-01    7.46804e-01
+345 ||    8.52990e+02    7.04496e+02    5.81000e+02    4.78665e+02    3.93758e+02    3.23371e+02    2.65185e+02    2.17238e+02    1.77737e+02    1.45186e+02    1.18351e+02    9.62622e+01    7.81023e+01    6.32375e+01    5.11012e+01    4.12168e+01    3.31856e+01    2.66762e+01    2.14140e+01    1.71727e+01    1.37648e+01    1.10348e+01    8.85170e+00    7.11081e+00    5.72646e+00    4.62346e+00    3.74346e+00    3.04531e+00    2.48854e+00    2.03852e+00    1.68202e+00    1.38834e+00    1.15474e+00    9.60443e-01    8.03006e-01
+360 ||    8.45061e+02    6.97575e+02    5.75286e+02    4.74558e+02    3.92078e+02    3.24351e+02    2.68226e+02    2.21467e+02    1.82487e+02    1.50046e+02    1.23043e+02    1.00678e+02    8.21876e+01    6.69462e+01    5.44337e+01    4.41896e+01    3.58248e+01    2.90123e+01    2.34783e+01    1.89937e+01    1.53669e+01    1.24383e+01    1.00830e+01    8.18657e+00    6.65760e+00    5.43002e+00    4.44242e+00    3.64365e+00    2.99908e+00    2.47867e+00    2.05205e+00    1.70845e+00    1.42310e+00    1.19161e+00    9.98591e-01
##########################################################################################
### MCD_v6.1 with Martian Year 24 scenario.
### Latitude 83.8N. Longitude 235.0E. Local time 12.0h
### --------------------------------------------------------------------------------------
### Column 1 is Areocentric longitude (degrees)
### Columns 2+ are Temperature (K)
### Line 1 is height above surface (m)
### --------------------------------------------------------------------------------------
### Retrieved on: 2024-06-07T22:15:20.169134
### Mars Climate Database (c) LMD/OU/IAA/ESA/CNES
##########################################################################################
---- ||    0.00000e+00    1.47059e+03    2.94118e+03    4.41176e+03    5.88235e+03    7.35294e+03    8.82353e+03    1.02941e+04    1.17647e+04    1.32353e+04    1.47059e+04    1.61765e+04    1.76471e+04    1.91176e+04    2.05882e+04    2.20588e+04    2.35294e+04    2.50000e+04    2.64706e+04    2.79412e+04    2.94118e+04    3.08824e+04    3.23529e+04    3.38235e+04    3.52941e+04    3.67647e+04    3.82353e+04    3.97059e+04    4.11765e+04    4.26471e+04    4.41176e+04    4.55882e+04    4.70588e+04    4.85294e+04    5.00000e+04
-----------------------------------
+000 ||    1.49576e+02    1.49057e+02    1.48591e+02    1.49830e+02    1.51701e+02    1.51885e+02    1.50738e+02    1.48964e+02    1.47029e+02    1.45073e+02    1.43175e+02    1.41373e+02    1.39744e+02    1.38320e+02    1.37080e+02    1.36028e+02    1.35171e+02    1.34532e+02    1.34132e+02    1.33997e+02    1.34141e+02    1.34586e+02    1.35469e+02    1.36609e+02    1.37980e+02    1.39678e+02    1.41621e+02    1.43736e+02    1.46059e+02    1.48483e+02    1.50954e+02    1.53266e+02    1.55559e+02    1.57605e+02    1.59604e+02
+015 ||    1.49790e+02    1.49086e+02    1.49069e+02    1.52673e+02    1.57603e+02    1.59272e+02    1.58056e+02    1.55501e+02    1.52710e+02    1.50124e+02    1.47823e+02    1.45844e+02    1.44117e+02    1.42629e+02    1.41394e+02    1.40421e+02    1.39714e+02    1.39287e+02    1.39152e+02    1.39351e+02    1.39883e+02    1.40704e+02    1.41773e+02    1.43112e+02    1.44708e+02    1.46429e+02    1.48314e+02    1.50301e+02    1.52324e+02    1.54375e+02    1.56395e+02    1.58392e+02    1.60266e+02    1.62078e+02    1.63702e+02
+030 ||    1.50183e+02    1.58527e+02    1.62926e+02    1.68651e+02    1.73643e+02    1.75424e+02    1.74515e+02    1.72102e+02    1.69167e+02    1.66146e+02    1.63209e+02    1.60439e+02    1.57856e+02    1.55477e+02    1.53324e+02    1.51416e+02    1.49770e+02    1.48397e+02    1.47307e+02    1.46503e+02    1.45983e+02    1.45731e+02    1.45724e+02    1.46090e+02    1.46666e+02    1.47408e+02    1.48453e+02    1.49606e+02    1.50903e+02    1.52339e+02    1.53810e+02    1.55320e+02    1.56817e+02    1.58307e+02    1.59712e+02
+045 ||    1.50576e+02    1.67573e+02    1.76033e+02    1.83993e+02    1.89877e+02    1.91824e+02    1.91150e+02    1.88897e+02    1.86020e+02    1.82864e+02    1.79630e+02    1.76384e+02    1.73188e+02    1.70095e+02    1.67157e+02    1.64421e+02    1.61919e+02    1.59671e+02    1.57685e+02    1.55961e+02    1.54495e+02    1.53286e+02    1.52401e+02    1.51755e+02    1.51317e+02    1.51154e+02    1.51249e+02    1.51472e+02    1.51962e+02    1.52559e+02    1.53301e+02    1.54184e+02    1.55111e+02    1.56088e+02    1.57069e+02
+060 ||    1.56684e+02    1.76732e+02    1.83220e+02    1.88391e+02    1.93591e+02    1.97640e+02    1.98609e+02    1.96834e+02    1.93903e+02    1.90623e+02    1.87160e+02    1.83639e+02    1.80114e+02    1.76645e+02    1.73289e+02    1.70098e+02    1.67121e+02    1.64398e+02    1.61953e+02    1.59795e+02    1.57918e+02    1.56309e+02    1.54954e+02    1.53846e+02    1.53089e+02    1.52548e+02    1.52182e+02    1.52162e+02    1.52241e+02    1.52479e+02    1.52887e+02    1.53388e+02    1.54083e+02    1.54841e+02    1.55654e+02
+075 ||    1.62792e+02    1.86004e+02    1.91108e+02    1.94092e+02    1.97652e+02    2.02859e+02    2.05790e+02    2.04467e+02    2.01568e+02    1.98152e+02    1.94529e+02    1.90784e+02    1.86985e+02    1.83208e+02    1.79508e+02    1.75940e+02    1.72552e+02    1.69392e+02    1.66498e+02    1.63889e+02    1.61567e+02    1.59529e+02    1.57821e+02    1.56374e+02    1.55170e+02    1.54213e+02    1.53606e+02    1.53163e+02    1.52929e+02    1.52861e+02    1.52868e+02    1.53072e+02    1.53414e+02    1.53892e+02    1.54525e+02
+090 ||    1.89107e+02    2.01775e+02    2.03235e+02    2.03465e+02    2.03634e+02    2.05375e+02    2.06118e+02    2.03975e+02    2.00789e+02    1.97117e+02    1.93304e+02    1.89434e+02    1.85558e+02    1.81716e+02    1.77938e+02    1.74267e+02    1.70754e+02    1.67466e+02    1.64474e+02    1.61823e+02    1.59527e+02    1.57590e+02    1.56017e+02    1.54733e+02    1.53712e+02    1.52925e+02    1.52512e+02    1.52286e+02    1.52230e+02    1.52403e+02    1.52665e+02    1.53086e+02    1.53709e+02    1.54429e+02    1.55298e+02
+105 ||    2.15421e+02    2.18351e+02    2.16287e+02    2.13966e+02    2.10813e+02    2.09552e+02    2.07307e+02    2.03893e+02    2.00162e+02    1.96190e+02    1.92142e+02    1.88110e+02    1.84131e+02    1.80211e+02    1.76354e+02    1.72581e+02    1.68940e+02    1.65515e+02    1.62413e+02    1.59712e+02    1.57442e+02    1.55610e+02    1.54183e+02    1.53078e+02    1.52258e+02    1.51687e+02    1.51451e+02    1.51467e+02    1.51642e+02    1.52042e+02    1.52582e+02    1.53231e+02    1.54134e+02    1.55118e+02    1.56208e+02
+120 ||    2.08733e+02    2.15887e+02    2.14312e+02    2.11870e+02    2.08716e+02    2.06245e+02    2.03044e+02    1.99290e+02    1.95385e+02    1.91376e+02    1.87368e+02    1.83403e+02    1.79498e+02    1.75656e+02    1.71894e+02    1.68257e+02    1.64810e+02    1.61638e+02    1.58831e+02    1.56455e+02    1.54531e+02    1.53030e+02    1.51905e+02    1.51111e+02    1.50704e+02    1.50550e+02    1.50611e+02    1.50925e+02    1.51443e+02    1.52074e+02    1.52881e+02    1.53836e+02    1.54873e+02    1.56053e+02    1.57272e+02
+135 ||    2.02045e+02    2.13448e+02    2.12404e+02    2.10083e+02    2.06766e+02    2.03032e+02    1.99093e+02    1.95077e+02    1.91037e+02    1.87024e+02    1.83064e+02    1.79167e+02    1.75330e+02    1.71557e+02    1.67892e+02    1.64396e+02    1.61140e+02    1.58192e+02    1.55631e+02    1.53532e+02    1.51921e+02    1.50765e+02    1.50006e+02    1.49584e+02    1.49448e+02    1.49633e+02    1.50054e+02    1.50631e+02    1.51394e+02    1.52321e+02    1.53335e+02    1.54475e+02    1.55701e+02    1.56970e+02    1.58319e+02
+150 ||    1.91048e+02    1.94371e+02    1.92134e+02    1.89575e+02    1.87127e+02    1.84965e+02    1.83212e+02    1.80907e+02    1.78043e+02    1.74687e+02    1.71207e+02    1.67767e+02    1.64437e+02    1.61275e+02    1.58338e+02    1.55685e+02    1.53369e+02    1.51406e+02    1.49824e+02    1.48626e+02    1.47829e+02    1.47377e+02    1.47227e+02    1.47340e+02    1.47680e+02    1.48303e+02    1.49122e+02    1.50076e+02    1.51209e+02    1.52462e+02    1.53778e+02    1.55195e+02    1.56636e+02    1.58107e+02    1.59550e+02
+165 ||    1.80051e+02    1.74974e+02    1.72012e+02    1.69930e+02    1.69119e+02    1.69469e+02    1.70036e+02    1.69055e+02    1.66874e+02    1.63930e+02    1.60912e+02    1.58026e+02    1.55368e+02    1.52984e+02    1.50905e+02    1.49145e+02    1.47708e+02    1.46570e+02    1.45719e+02    1.45174e+02    1.44917e+02    1.44933e+02    1.45203e+02    1.45702e+02    1.46451e+02    1.47453e+02    1.48600e+02    1.49897e+02    1.51345e+02    1.52844e+02    1.54411e+02    1.55992e+02    1.57581e+02    1.59102e+02    1.60601e+02
+180 ||    1.65422e+02    1.62525e+02    1.61249e+02    1.61351e+02    1.62230e+02    1.62471e+02    1.61734e+02    1.59890e+02    1.57283e+02    1.54497e+02    1.51794e+02    1.49273e+02    1.47034e+02    1.45048e+02    1.43334e+02    1.41886e+02    1.40699e+02    1.39786e+02    1.39155e+02    1.38829e+02    1.38836e+02    1.39173e+02    1.39812e+02    1.40730e+02    1.41997e+02    1.43429e+02    1.45001e+02    1.46733e+02    1.48557e+02    1.50431e+02    1.52400e+02    1.54363e+02    1.56304e+02    1.58224e+02    1.59879e+02
+195 ||    1.50793e+02    1.50381e+02    1.50856e+02    1.53383e+02    1.55477e+02    1.54992e+02    1.53153e+02    1.50778e+02    1.48249e+02    1.45757e+02    1.43420e+02    1.41313e+02    1.39413e+02    1.37747e+02    1.36305e+02    1.35063e+02    1.34043e+02    1.33277e+02    1.32811e+02    1.32715e+02    1.33024e+02    1.33719e+02    1.34814e+02    1.36283e+02    1.37956e+02    1.39796e+02    1.41812e+02    1.43958e+02    1.46177e+02    1.48544e+02    1.50923e+02    1.53325e+02    1.55634e+02    1.57724e+02    1.59813e+02
+210 ||    1.49980e+02    1.49953e+02    1.50380e+02    1.51243e+02    1.51447e+02    1.50279e+02    1.48372e+02    1.46235e+02    1.44140e+02    1.42197e+02    1.40388e+02    1.38724e+02    1.37202e+02    1.35799e+02    1.34511e+02    1.33326e+02    1.32267e+02    1.31368e+02    1.30674e+02    1.30255e+02    1.30221e+02    1.30688e+02    1.31734e+02    1.33753e+02    1.36158e+02    1.38781e+02    1.41550e+02    1.44335e+02    1.47135e+02    1.49959e+02    1.52821e+02    1.55711e+02    1.58394e+02    1.60878e+02    1.63295e+02
+225 ||    1.49167e+02    1.49525e+02    1.49913e+02    1.49118e+02    1.47376e+02    1.45544e+02    1.43629e+02    1.41789e+02    1.40198e+02    1.38839e+02    1.37539e+02    1.36312e+02    1.35124e+02    1.33946e+02    1.32779e+02    1.31614e+02    1.30476e+02    1.29403e+02    1.28433e+02    1.27635e+02    1.27253e+02    1.27577e+02    1.28834e+02    1.31364e+02    1.34584e+02    1.38008e+02    1.41523e+02    1.44902e+02    1.48225e+02    1.51505e+02    1.54855e+02    1.58225e+02    1.61243e+02    1.64111e+02    1.66760e+02
+240 ||    1.49055e+02    1.49071e+02    1.48846e+02    1.47938e+02    1.46414e+02    1.44848e+02    1.43244e+02    1.41672e+02    1.40223e+02    1.38903e+02    1.37623e+02    1.36384e+02    1.35180e+02    1.33992e+02    1.32820e+02    1.31660e+02    1.30527e+02    1.29449e+02    1.28486e+02    1.27703e+02    1.27238e+02    1.27243e+02    1.27815e+02    1.29549e+02    1.31884e+02    1.34730e+02    1.38045e+02    1.41479e+02    1.44954e+02    1.48479e+02    1.51943e+02    1.55376e+02    1.58535e+02    1.61525e+02    1.64312e+02
+255 ||    1.48942e+02    1.48629e+02    1.47755e+02    1.46592e+02    1.45278e+02    1.43980e+02    1.42688e+02    1.41385e+02    1.40095e+02    1.38823e+02    1.37563e+02    1.36319e+02    1.35100e+02    1.33904e+02    1.32727e+02    1.31572e+02    1.30448e+02    1.29370e+02    1.28425e+02    1.27677e+02    1.27195e+02    1.27038e+02    1.27237e+02    1.28191e+02    1.29713e+02    1.31919e+02    1.34999e+02    1.38457e+02    1.42064e+02    1.45841e+02    1.49430e+02    1.52928e+02    1.56175e+02    1.59291e+02    1.62106e+02
+270 ||    1.48325e+02    1.48229e+02    1.47507e+02    1.46489e+02    1.45226e+02    1.43946e+02    1.42650e+02    1.41344e+02    1.40044e+02    1.38759e+02    1.37490e+02    1.36238e+02    1.35008e+02    1.33797e+02    1.32603e+02    1.31427e+02    1.30270e+02    1.29144e+02    1.28103e+02    1.27207e+02    1.26502e+02    1.26053e+02    1.25908e+02    1.26439e+02    1.27494e+02    1.29176e+02    1.31531e+02    1.34472e+02    1.37860e+02    1.41583e+02    1.45377e+02    1.49179e+02    1.52327e+02    1.55452e+02    1.58031e+02
+285 ||    1.47708e+02    1.47825e+02    1.47221e+02    1.46293e+02    1.45082e+02    1.43820e+02    1.42520e+02    1.41209e+02    1.39901e+02    1.38604e+02    1.37327e+02    1.36068e+02    1.34829e+02    1.33603e+02    1.32393e+02    1.31197e+02    1.30008e+02    1.28835e+02    1.27702e+02    1.26665e+02    1.25742e+02    1.25013e+02    1.24558e+02    1.24641e+02    1.25231e+02    1.26383e+02    1.28115e+02    1.30455e+02    1.33866e+02    1.37618e+02    1.41738e+02    1.45531e+02    1.48658e+02    1.51719e+02    1.54272e+02
+300 ||    1.47956e+02    1.47915e+02    1.47174e+02    1.46109e+02    1.44868e+02    1.43626e+02    1.42364e+02    1.41080e+02    1.39786e+02    1.38488e+02    1.37201e+02    1.35932e+02    1.34681e+02    1.33457e+02    1.32253e+02    1.31065e+02    1.29892e+02    1.28748e+02    1.27646e+02    1.26632e+02    1.25729e+02    1.25022e+02    1.24603e+02    1.24589e+02    1.25264e+02    1.26598e+02    1.28529e+02    1.30941e+02    1.34488e+02    1.38185e+02    1.42096e+02    1.45556e+02    1.48567e+02    1.51429e+02    1.53934e+02
+315 ||    1.48204e+02    1.48002e+02    1.47135e+02    1.45950e+02    1.44682e+02    1.43459e+02    1.42236e+02    1.40981e+02    1.39699e+02    1.38399e+02    1.37101e+02    1.35821e+02    1.34558e+02    1.33336e+02    1.32137e+02    1.30957e+02    1.29804e+02    1.28688e+02    1.27615e+02    1.26621e+02    1.25734e+02    1.25034e+02    1.24621e+02    1.24597e+02    1.25281e+02    1.26804e+02    1.28923e+02    1.31538e+02    1.35018e+02    1.38614e+02    1.42315e+02    1.45489e+02    1.48381e+02    1.51076e+02    1.53533e+02
+330 ||    1.48783e+02    1.48516e+02    1.47638e+02    1.46515e+02    1.45208e+02    1.43943e+02    1.42890e+02    1.41863e+02    1.40681e+02    1.39342e+02    1.37891e+02    1.36417e+02    1.35004e+02    1.33678e+02    1.32423e+02    1.31229e+02    1.30104e+02    1.29064e+02    1.28134e+02    1.27374e+02    1.26832e+02    1.26584e+02    1.26660e+02    1.27085e+02    1.28172e+02    1.29807e+02    1.31929e+02    1.34481e+02    1.37653e+02    1.40888e+02    1.44137e+02    1.47209e+02    1.49956e+02    1.52646e+02    1.54901e+02
+345 ||    1.49362e+02    1.49030e+02    1.48168e+02    1.47137e+02    1.45789e+02    1.44478e+02    1.43594e+02    1.42793e+02    1.41718e+02    1.40349e+02    1.38752e+02    1.37082e+02    1.35518e+02    1.34082e+02    1.32767e+02    1.31553e+02    1.30448e+02    1.29475e+02    1.28677e+02    1.28128e+02    1.27894e+02    1.28041e+02    1.28561e+02    1.29499e+02    1.30887e+02    1.32652e+02    1.34782e+02    1.37394e+02    1.40250e+02    1.43237e+02    1.46059e+02    1.48874e+02    1.51479e+02    1.54085e+02    1.56294e+02
+360 ||    1.49585e+02    1.49175e+02    1.48716e+02    1.49492e+02    1.51055e+02    1.51347e+02    1.50329e+02    1.48699e+02    1.46855e+02    1.44948e+02    1.43074e+02    1.41284e+02    1.39659e+02    1.38232e+02    1.36983e+02    1.35916e+02    1.35041e+02    1.34380e+02    1.33961e+02    1.33811e+02    1.33946e+02    1.34381e+02    1.35265e+02    1.36412e+02    1.37794e+02    1.39503e+02    1.41469e+02    1.43610e+02    1.45955e+02    1.48405e+02    1.50898e+02    1.53222e+02    1.55530e+02    1.57580e+02    1.59590e+02
##########################################################################################
### MCD_v6.1 with Martian Year 24 scenario.
### Latitude 83.8N. Longitude 235.0E. Local time 12.0h
### --------------------------------------------------------------------------------------
### Column 1 is Areocentric longitude (degrees)
### Columns 2+ are Dust mass mixing ratio (kg/kg)
### Line 1 is height above surface (m)
### --------------------------------------------------------------------------------------
### Retrieved on: 2024-06-07T22:15:20.181749
### Mars Climate Database (c) LMD/OU/IAA/ESA/CNES
##########################################################################################
---- ||    0.00000e+00    1.47059e+03    2.94118e+03    4.41176e+03    5.88235e+03    7.35294e+03    8.82353e+03    1.02941e+04    1.17647e+04    1.32353e+04    1.47059e+04    1.61765e+04    1.76471e+04    1.91176e+04    2.05882e+04    2.20588e+04    2.35294e+04    2.50000e+04    2.64706e+04    2.79412e+04    2.94118e+04    3.08824e+04    3.23529e+04    3.38235e+04    3.52941e+04    3.67647e+04    3.82353e+04    3.97059e+04    4.11765e+04    4.26471e+04    4.41176e+04    4.55882e+04    4.70588e+04    4.85294e+04    5.00000e+04
-----------------------------------
+000 ||    3.20627e-06    3.15429e-06    3.12387e-06    3.04911e-06    2.83989e-06    2.51175e-06    2.04637e-06    1.49517e-06    9.64398e-07    5.23566e-07    2.44089e-07    9.01573e-08    2.69075e-08    8.28955e-09    3.01313e-09    1.58451e-09    1.05964e-09    6.81296e-10    3.79557e-10    1.68532e-10    4.81846e-11    6.30706e-12    1.24345e-12    1.88377e-14    4.91397e-14    1.14780e-13    9.91485e-14    5.83929e-14    3.50943e-14    2.48709e-14    2.07075e-14    2.30587e-14    2.61809e-14    2.26364e-14    1.78202e-14
+015 ||    2.34825e-06    2.25146e-06    2.00644e-06    1.69208e-06    1.29161e-06    8.76211e-07    4.99485e-07    2.25358e-07    9.07211e-08    3.76872e-08    1.36937e-08    5.09156e-09    1.73343e-09    4.96093e-10    1.06500e-10    1.84335e-11    5.42295e-12    2.87016e-12    9.95607e-13    2.17739e-13    4.88347e-14    1.04848e-14    5.95681e-15    9.17041e-15    4.82165e-14    1.18215e-13    2.41348e-13    1.95726e-13    1.18410e-13    7.46181e-14    5.03917e-14    4.15246e-14    3.51674e-14    3.00787e-14    2.43951e-14
+030 ||    1.68513e-06    1.99718e-06    1.83304e-06    1.51499e-06    1.17497e-06    8.33091e-07    5.41072e-07    3.14617e-07    1.71280e-07    1.01751e-07    6.17589e-08    3.87959e-08    2.43530e-08    1.49071e-08    8.81023e-09    5.00824e-09    2.71466e-09    1.35858e-09    6.07396e-10    2.38871e-10    8.37325e-11    3.01868e-11    1.32956e-11    6.78714e-12    2.77293e-12    7.05393e-13    4.83268e-13    3.36277e-13    2.89644e-13    1.99178e-13    1.19027e-13    7.58630e-14    5.09786e-14    3.81311e-14    2.95115e-14
+045 ||    1.02200e-06    1.73519e-06    1.65411e-06    1.34310e-06    1.02017e-06    7.42858e-07    5.02471e-07    3.36442e-07    2.29750e-07    1.66048e-07    1.21962e-07    8.93732e-08    6.44577e-08    4.47750e-08    2.97974e-08    1.90183e-08    1.16502e-08    6.81377e-09    3.72153e-09    1.82440e-09    7.58542e-10    2.65370e-10    1.18310e-10    5.06682e-11    2.35543e-11    1.13248e-11    5.03647e-12    1.36739e-12    9.00447e-13    5.43889e-13    3.36986e-13    2.15077e-13    1.25234e-13    8.26952e-14    5.34253e-14
+060 ||    1.67170e-06    2.40041e-06    2.24561e-06    2.02010e-06    1.73937e-06    1.31845e-06    9.39592e-07    6.04219e-07    4.08311e-07    2.98546e-07    2.28867e-07    1.75366e-07    1.32544e-07    9.78334e-08    6.97130e-08    4.71261e-08    2.97335e-08    1.74561e-08    9.59463e-09    4.92048e-09    2.43581e-09    1.27509e-09    8.00717e-10    5.86272e-10    3.99592e-10    2.52189e-10    1.38010e-10    8.06676e-11    3.73317e-11    1.64910e-11    7.14980e-12    2.77543e-12    1.75101e-12    1.05716e-12    6.52103e-13
+075 ||    2.32140e-06    3.09624e-06    2.82997e-06    2.63724e-06    2.44371e-06    1.89981e-06    1.40620e-06    9.12041e-07    6.00205e-07    4.44925e-07    3.45003e-07    2.69450e-07    2.09440e-07    1.59954e-07    1.18962e-07    8.47382e-08    5.65971e-08    3.49297e-08    1.98039e-08    1.02763e-08    4.86610e-09    2.40891e-09    1.67977e-09    1.27372e-09    9.64468e-10    6.27378e-10    4.01407e-10    2.26374e-10    1.15832e-10    5.79284e-11    1.97372e-11    1.02290e-11    4.52550e-12    2.57793e-12    1.70705e-12
+090 ||    1.24129e-05    4.72275e-06    3.84837e-06    3.25736e-06    2.76495e-06    2.20522e-06    1.61806e-06    1.14028e-06    8.04830e-07    6.18602e-07    4.91002e-07    3.92280e-07    3.11891e-07    2.43039e-07    1.81925e-07    1.28614e-07    8.40472e-08    4.99765e-08    2.69275e-08    1.32148e-08    6.08328e-09    3.15052e-09    2.06747e-09    1.44910e-09    1.00527e-09    6.08161e-10    3.63157e-10    1.89013e-10    7.90916e-11    4.03070e-11    1.45580e-11    6.87638e-12    3.55508e-12    1.87113e-12    1.17231e-12
+105 ||    2.25043e-05    6.47089e-06    5.02912e-06    4.02329e-06    3.10503e-06    2.55980e-06    1.84878e-06    1.34030e-06    1.01719e-06    8.02886e-07    6.45976e-07    5.22925e-07    4.22230e-07    3.32817e-07    2.50680e-07    1.77046e-07    1.14510e-07    6.65663e-08    3.46162e-08    1.62501e-08    7.28852e-09    3.85187e-09    2.42988e-09    1.60068e-09    1.02859e-09    5.86270e-10    3.11375e-10    1.48979e-10    5.21527e-11    2.48824e-11    1.00823e-11    4.37193e-12    2.57253e-12    1.28302e-12    6.55214e-13
+120 ||    3.09821e-05    5.60264e-06    3.90476e-06    2.93275e-06    2.24164e-06    1.78957e-06    1.33448e-06    1.02771e-06    8.20417e-07    6.75881e-07    5.60150e-07    4.64694e-07    3.82073e-07    3.04817e-07    2.32846e-07    1.67521e-07    1.11501e-07    6.79029e-08    3.71671e-08    1.78382e-08    7.42342e-09    2.81912e-09    1.23510e-09    7.29024e-10    4.37517e-10    2.36695e-10    1.04916e-10    4.41268e-11    1.87427e-11    6.45680e-12    3.29760e-12    1.66717e-12    7.89730e-13    4.84493e-13    2.71894e-13
+135 ||    3.94598e-05    4.71836e-06    2.81075e-06    1.94616e-06    1.43264e-06    1.10860e-06    9.05754e-07    7.72151e-07    6.65315e-07    5.76492e-07    4.96608e-07    4.24879e-07    3.56516e-07    2.89536e-07    2.26244e-07    1.66937e-07    1.14330e-07    7.12159e-08    3.83419e-08    1.68911e-08    5.81645e-09    1.60236e-09    4.03757e-10    1.57607e-10    6.18775e-11    2.76029e-11    1.14966e-11    3.80065e-12    1.44804e-12    5.63262e-13    1.93862e-13    1.12220e-13    9.52759e-14    1.12056e-13    1.44052e-13
+150 ||    2.53381e-05    5.34669e-06    3.89577e-06    3.19134e-06    2.57257e-06    1.88491e-06    1.30712e-06    8.94695e-07    6.04936e-07    4.22711e-07    3.07388e-07    2.32890e-07    1.74509e-07    1.26996e-07    8.79082e-08    5.70984e-08    3.40589e-08    1.73368e-08    6.90688e-09    1.84377e-09    4.69289e-10    1.58183e-10    6.60051e-11    2.80478e-11    1.15327e-11    5.94483e-12    2.97008e-12    1.39377e-12    8.02675e-13    4.85699e-13    2.96733e-13    2.11189e-13    1.52939e-13    1.30768e-13    1.21340e-13
+165 ||    1.12163e-05    6.06638e-06    5.18450e-06    4.53005e-06    3.56050e-06    2.38084e-06    1.44215e-06    8.21578e-07    4.26228e-07    2.30193e-07    1.25676e-07    6.95289e-08    3.62176e-08    1.68841e-08    7.44052e-09    3.33125e-09    1.53186e-09    6.55580e-10    1.86714e-10    4.58637e-11    1.54667e-11    8.25869e-12    6.26331e-12    5.31713e-12    4.22648e-12    2.93246e-12    1.84012e-12    1.11767e-12    7.49225e-13    4.66985e-13    2.77548e-13    1.60881e-13    8.28396e-14    4.92234e-14    2.94828e-14
+180 ||    8.76696e-06    5.62828e-06    4.82774e-06    3.89738e-06    2.75545e-06    1.68416e-06    9.37071e-07    4.77556e-07    2.31456e-07    1.09090e-07    5.31676e-08    2.45687e-08    1.13617e-08    4.86919e-09    2.10879e-09    9.27265e-10    3.87724e-10    1.18786e-10    2.76978e-11    7.98861e-12    4.10111e-12    3.10379e-12    2.60308e-12    2.03668e-12    1.34777e-12    8.42229e-13    4.98468e-13    3.26590e-13    2.05830e-13    1.13498e-13    1.04279e-13    9.20449e-14    6.53767e-14    3.97986e-14    2.77968e-14
+195 ||    6.31762e-06    5.26889e-06    4.49665e-06    3.31333e-06    2.11668e-06    1.16789e-06    5.86860e-07    2.66458e-07    1.02372e-07    3.35830e-08    8.37839e-09    1.92990e-09    3.11169e-10    2.90714e-11    6.12970e-12    3.81103e-12    2.05281e-12    6.79617e-13    1.36118e-13    1.34542e-14    4.58395e-18    4.62370e-18    4.62370e-18    4.62370e-18    4.62369e-18    9.76044e-18    3.98239e-17    6.96757e-15    2.36732e-14    8.72997e-14    1.17378e-13    8.34827e-14    5.38513e-14    3.45197e-14    1.51881e-14
+210 ||    7.83073e-06    6.71252e-06    6.04145e-06    4.74885e-06    3.31306e-06    2.03772e-06    1.12884e-06    5.43720e-07    2.22843e-07    7.12330e-08    2.63808e-08    1.04644e-08    4.40670e-09    2.06799e-09    1.09372e-09    6.05699e-10    3.48826e-10    2.00080e-10    1.01364e-10    4.21569e-11    1.34506e-11    2.81584e-12    5.20821e-13    1.04845e-13    3.84227e-14    2.04821e-13    5.61951e-13    1.64028e-12    2.73825e-12    3.79890e-12    4.25933e-12    4.27651e-12    3.76590e-12    2.74683e-12    1.78173e-12
+225 ||    9.34383e-06    8.15676e-06    7.58502e-06    6.18317e-06    4.50254e-06    2.88039e-06    1.62947e-06    7.78164e-07    3.16661e-07    1.04553e-07    4.01797e-08    1.70393e-08    7.63376e-09    3.65782e-09    1.93732e-09    1.06765e-09    6.19386e-10    3.52634e-10    1.70955e-10    6.76456e-11    2.14192e-11    4.76750e-12    8.98010e-13    6.43422e-14    9.45126e-14    5.47828e-13    1.49505e-12    3.73362e-12    5.86664e-12    7.92135e-12    8.42264e-12    8.49016e-12    7.11469e-12    5.12267e-12    3.39482e-12
+240 ||    6.82661e-06    5.53625e-06    5.13873e-06    4.33160e-06    3.34441e-06    2.28304e-06    1.36278e-06    7.06492e-07    3.29453e-07    1.40987e-07    6.96873e-08    3.69542e-08    2.17975e-08    1.35150e-08    8.68069e-09    5.57051e-09    3.44091e-09    1.95650e-09    9.79126e-10    4.15761e-10    1.38825e-10    2.82060e-11    2.26272e-12    5.14245e-13    3.69156e-14    2.08467e-13    5.99551e-13    1.87408e-12    3.07433e-12    4.13158e-12    4.50692e-12    4.54129e-12    3.88869e-12    2.81698e-12    1.86335e-12
+255 ||    4.30939e-06    2.91531e-06    2.64775e-06    2.36770e-06    2.07802e-06    1.57474e-06    1.00991e-06    5.76855e-07    3.13504e-07    1.67423e-07    9.37397e-08    5.49491e-08    3.48495e-08    2.27375e-08    1.50474e-08    9.84853e-09    6.13754e-09    3.50028e-09    1.76723e-09    7.65148e-10    2.61978e-10    5.36410e-11    4.10641e-12    1.03274e-12    3.27349e-16    1.26733e-14    5.90042e-14    3.63010e-13    5.71552e-13    5.91555e-13    5.98191e-13    5.98246e-13    5.18080e-13    3.96423e-13    2.87971e-13
+270 ||    3.20209e-06    2.00749e-06    1.77284e-06    1.59957e-06    1.48609e-06    1.22862e-06    8.36043e-07    4.90748e-07    2.69159e-07    1.44323e-07    8.19176e-08    4.77846e-08    3.00520e-08    1.93819e-08    1.27012e-08    8.26707e-09    5.18976e-09    3.04068e-09    1.60861e-09    7.40431e-10    2.75146e-10    6.51596e-11    4.98093e-12    1.22240e-12    1.96090e-16    8.74220e-15    3.72915e-14    2.09103e-13    3.17603e-13    3.78702e-13    3.66039e-13    3.45961e-13    2.70333e-13    1.92727e-13    1.38322e-13
+285 ||    2.09478e-06    1.10012e-06    8.86792e-07    8.16301e-07    8.72163e-07    8.46345e-07    6.27330e-07    3.78974e-07    2.11187e-07    1.15296e-07    6.63833e-08    3.91257e-08    2.42938e-08    1.53999e-08    9.93370e-09    6.39485e-09    4.04031e-09    2.44587e-09    1.36582e-09    6.68887e-10    2.66837e-10    7.06908e-11    5.84268e-12    9.19293e-13    5.86310e-17    4.62360e-18    2.75031e-16    1.45047e-15    8.72575e-14    1.61738e-13    1.20152e-13    8.22250e-14    5.17352e-14    2.38815e-14    1.64288e-14
+300 ||    3.26871e-06    2.43014e-06    2.40399e-06    2.33185e-06    2.14680e-06    1.75475e-06    1.19264e-06    6.91876e-07    3.58412e-07    1.70310e-07    8.00206e-08    3.90546e-08    2.23455e-08    1.37849e-08    8.85373e-09    5.72807e-09    3.66786e-09    2.26999e-09    1.30370e-09    6.64374e-10    2.85278e-10    9.08994e-11    1.34305e-11    1.63737e-12    3.36759e-13    1.55298e-14    9.13699e-15    3.20269e-14    1.78903e-13    3.15259e-13    4.30353e-13    4.42408e-13    3.51396e-13    2.64280e-13    1.86542e-13
+315 ||    4.44263e-06    3.76603e-06    3.92411e-06    3.84442e-06    3.41403e-06    2.65766e-06    1.75687e-06    1.00347e-06    5.04233e-07    2.24616e-07    9.32459e-08    3.91788e-08    2.06123e-08    1.23418e-08    7.90192e-09    5.15716e-09    3.39070e-09    2.15850e-09    1.27158e-09    6.74315e-10    3.05445e-10    1.06108e-10    1.93538e-11    2.38481e-12    3.78664e-13    2.33579e-14    2.44753e-14    8.85828e-14    2.81793e-13    5.16490e-13    7.88780e-13    7.84427e-13    6.32419e-13    4.81884e-13    3.33120e-13
+330 ||    4.25345e-06    3.91066e-06    4.07768e-06    4.11367e-06    3.89435e-06    3.39663e-06    2.65965e-06    1.84078e-06    1.10380e-06    5.61758e-07    2.38731e-07    8.46356e-08    3.00539e-08    1.19312e-08    6.15414e-09    3.91557e-09    2.58784e-09    1.60789e-09    8.95044e-10    4.36392e-10    1.83722e-10    5.99314e-11    1.05426e-11    1.31938e-12    3.27289e-13    1.58528e-14    8.07434e-15    2.98080e-14    1.18377e-13    2.25051e-13    3.64535e-13    4.27680e-13    3.51356e-13    2.75070e-13    1.99059e-13
+345 ||    4.06428e-06    4.05500e-06    4.22854e-06    4.39653e-06    4.39807e-06    4.17133e-06    3.59785e-06    2.71268e-06    1.73400e-06    9.20646e-07    4.00821e-07    1.35281e-07    4.17089e-08    1.22630e-08    4.61409e-09    2.71252e-09    1.80972e-09    1.08084e-09    5.29724e-10    1.98426e-10    5.19578e-11    4.84236e-12    4.62153e-18    4.62331e-18    4.62366e-18    4.70127e-18    1.12946e-17    5.62918e-17    8.05733e-16    1.93653e-15    1.36400e-14    2.58171e-14    2.26050e-14    1.93928e-14    1.46221e-14
+360 ||    3.33796e-06    3.33339e-06    3.32406e-06    3.23846e-06    2.96730e-06    2.54387e-06    2.03739e-06    1.50069e-06    9.68207e-07    5.23405e-07    2.43330e-07    8.92162e-08    2.65207e-08    8.15639e-09    2.99727e-09    1.58964e-09    1.05998e-09    6.78245e-10    3.76420e-10    1.66736e-10    4.76201e-11    5.69985e-12    1.19546e-12    6.73350e-17    1.60670e-16    1.71515e-16    1.19550e-16    8.04201e-17    1.26434e-16    5.20470e-16    1.05930e-15    6.40109e-15    1.21687e-14    1.16012e-14    1.00492e-14
##########################################################################################
### MCD_v6.1 with Martian Year 24 scenario.
### Latitude 83.8N. Longitude 235.0E. Local time 12.0h
### --------------------------------------------------------------------------------------
### Column 1 is Areocentric longitude (degrees)
### Columns 2+ are Water ice mixing ratio (mol/mol)
### Line 1 is height above surface (m)
### --------------------------------------------------------------------------------------
### Retrieved on: 2024-06-07T22:15:20.182564
### Mars Climate Database (c) LMD/OU/IAA/ESA/CNES
##########################################################################################
---- ||    0.00000e+00    1.47059e+03    2.94118e+03    4.41176e+03    5.88235e+03    7.35294e+03    8.82353e+03    1.02941e+04    1.17647e+04    1.32353e+04    1.47059e+04    1.61765e+04    1.76471e+04    1.91176e+04    2.05882e+04    2.20588e+04    2.35294e+04    2.50000e+04    2.64706e+04    2.79412e+04    2.94118e+04    3.08824e+04    3.23529e+04    3.38235e+04    3.52941e+04    3.67647e+04    3.82353e+04    3.97059e+04    4.11765e+04    4.26471e+04    4.41176e+04    4.55882e+04    4.70588e+04    4.85294e+04    5.00000e+04
-----------------------------------
+000 ||    7.49800e-05    7.92960e-05    7.13571e-05    5.32287e-05    3.95512e-05    3.05083e-05    2.21739e-05    1.39790e-05    6.98262e-06    2.63634e-06    1.10400e-06    6.84352e-07    6.19086e-07    6.14967e-07    5.86359e-07    5.22159e-07    4.28103e-07    3.15138e-07    2.07999e-07    1.27532e-07    7.57873e-08    4.43435e-08    2.48882e-08    1.25159e-08    5.82685e-09    3.84083e-09    2.46820e-09    1.46336e-09    8.08703e-10    4.22772e-10    1.61392e-10    7.94859e-11    1.88214e-11    5.90220e-12    2.08928e-12
+015 ||    8.95460e-05    9.40060e-05    7.46071e-05    3.73967e-05    1.19446e-05    2.87233e-06    6.85187e-07    2.19261e-07    1.48513e-07    1.53814e-07    1.76473e-07    2.01897e-07    2.14557e-07    2.03759e-07    1.73370e-07    1.38743e-07    1.12378e-07    9.13052e-08    6.00320e-08    4.44352e-08    3.94869e-08    3.05119e-08    1.88707e-08    8.21655e-09    3.38735e-09    7.27193e-10    1.53968e-10    1.91828e-11    1.41806e-12    6.01967e-13    1.72751e-13    4.72313e-14    3.52496e-15    1.17252e-15    0.00000e+00
+030 ||    1.00089e-04    9.29915e-05    6.50112e-05    3.35064e-05    1.29297e-05    4.22118e-06    1.26927e-06    4.10728e-07    1.81872e-07    1.32867e-07    1.11874e-07    1.06740e-07    1.17143e-07    1.26473e-07    1.15459e-07    9.45655e-08    7.49969e-08    6.11204e-08    5.17275e-08    3.85258e-08    2.77628e-08    2.20444e-08    2.00508e-08    1.39133e-08    8.29401e-09    3.15137e-09    1.43359e-09    3.31864e-10    5.30010e-11    8.80109e-12    6.86685e-13    2.82153e-13    8.37902e-14    2.11901e-14    1.71490e-15
+045 ||    1.10631e-04    9.33550e-05    5.56034e-05    2.73010e-05    1.15455e-05    4.69478e-06    1.86418e-06    7.65422e-07    2.97097e-07    1.67675e-07    1.08202e-07    6.24182e-08    3.40406e-08    3.10211e-08    3.88173e-08    2.91275e-08    1.33890e-08    4.43253e-09    1.97843e-09    2.23327e-09    2.89594e-09    3.13423e-09    2.81368e-09    2.33430e-09    1.69921e-09    8.05273e-10    3.28067e-10    3.86138e-11    1.47396e-11    7.34027e-13    1.08185e-13    5.54357e-16    0.00000e+00    0.00000e+00    0.00000e+00
+060 ||    2.54158e-04    2.91782e-04    2.54245e-04    2.10600e-04    1.31970e-04    4.82153e-05    1.05389e-05    5.33983e-07    2.11521e-07    9.94312e-08    6.45199e-08    4.11915e-08    2.27132e-08    1.63718e-08    2.67924e-08    3.43331e-08    2.96934e-08    2.02940e-08    1.08995e-08    5.33348e-09    3.09586e-09    2.21525e-09    1.69950e-09    1.36148e-09    1.08279e-09    7.15068e-10    2.75030e-10    1.17475e-10    1.57946e-11    3.85224e-12    2.74580e-13    5.32142e-16    1.69225e-16    0.00000e+00    0.00000e+00
+075 ||    3.97685e-04    4.90471e-04    4.53060e-04    3.95243e-04    2.67492e-04    1.09786e-04    2.57277e-05    1.34853e-06    3.42762e-10    1.13237e-14    2.11327e-20    4.11331e-18    1.02419e-11    2.22546e-09    1.06847e-08    2.33661e-08    3.42480e-08    3.55069e-08    2.66038e-08    1.40303e-08    5.48800e-09    2.33071e-09    8.73081e-10    2.18382e-10    2.71238e-12    1.86087e-13    6.22456e-16    1.13136e-24    2.19331e-25    0.00000e+00    0.00000e+00    0.00000e+00    0.00000e+00    0.00000e+00    0.00000e+00
+090 ||    2.40035e-04    2.88023e-04    2.85322e-04    2.69038e-04    2.06143e-04    9.05955e-05    2.72331e-05    4.79437e-06    1.75167e-06    2.02006e-06    1.90884e-06    1.64051e-06    1.46440e-06    1.30245e-06    1.08698e-06    7.82426e-07    4.68056e-07    2.28805e-07    9.33706e-08    3.29037e-08    1.21743e-08    5.09464e-09    1.76528e-09    3.95522e-10    4.38757e-12    5.92427e-14    1.90924e-14    2.48566e-18    1.35024e-19    0.00000e+00    0.00000e+00    0.00000e+00    0.00000e+00    0.00000e+00    0.00000e+00
+105 ||    8.23845e-05    8.02498e-05    1.08070e-04    1.31043e-04    1.27768e-04    5.08550e-05    1.87566e-05    6.56947e-06    3.35764e-06    4.01781e-06    3.92870e-06    3.40042e-06    2.99140e-06    2.67161e-06    2.26306e-06    1.64333e-06    9.74633e-07    4.55674e-07    1.69650e-07    5.31480e-08    1.90743e-08    7.86152e-09    2.56332e-09    5.35253e-10    5.71584e-12    1.08207e-13    2.62703e-14    4.12828e-18    0.00000e+00    0.00000e+00    0.00000e+00    0.00000e+00    0.00000e+00    0.00000e+00    0.00000e+00
+120 ||    4.27732e-05    4.05343e-05    5.53258e-05    6.63389e-05    6.13622e-05    2.26194e-05    1.11029e-05    5.67666e-06    4.83908e-06    5.37640e-06    5.13682e-06    4.63163e-06    3.91128e-06    3.08749e-06    2.24790e-06    1.48813e-06    8.75446e-07    4.50441e-07    2.08690e-07    9.04710e-08    3.77852e-08    1.47549e-08    5.38776e-09    1.84337e-09    5.70611e-10    8.41546e-11    5.27614e-13    9.74074e-14    1.08406e-16    0.00000e+00    0.00000e+00    0.00000e+00    0.00000e+00    0.00000e+00    0.00000e+00
+135 ||    3.16182e-06    6.87638e-07    1.44318e-06    2.40589e-06    3.28627e-06    4.30571e-06    5.11312e-06    5.77034e-06    6.26664e-06    6.71845e-06    6.38338e-06    5.90567e-06    4.69314e-06    3.36495e-06    2.20205e-06    1.41019e-06    8.52644e-07    4.72740e-07    2.33512e-07    1.04901e-07    4.36310e-08    1.79320e-08    7.30952e-09    2.55628e-09    2.93672e-10    6.08134e-11    6.27385e-13    3.52298e-16    6.42689e-17    0.00000e+00    0.00000e+00    0.00000e+00    0.00000e+00    0.00000e+00    0.00000e+00
+150 ||    1.47272e-04    1.44741e-04    1.40301e-04    1.23274e-04    9.44534e-05    6.24402e-05    3.03641e-05    1.36659e-05    5.93667e-06    4.04519e-06    3.42295e-06    2.69308e-06    1.90879e-06    1.23199e-06    7.76392e-07    4.60876e-07    2.61029e-07    1.37197e-07    6.82707e-08    3.49602e-08    2.37605e-08    1.80717e-08    1.27256e-08    7.94960e-09    4.21906e-09    2.01617e-09    8.77116e-10    3.13327e-10    1.71727e-10    8.92522e-11    3.57776e-11    1.33185e-11    4.12179e-13    1.32178e-13    7.71864e-18
+165 ||    2.91383e-04    2.88059e-04    2.75460e-04    2.32584e-04    1.66369e-04    9.53302e-05    3.60207e-05    1.14181e-05    2.32911e-06    9.93615e-07    7.00374e-07    5.03444e-07    3.46834e-07    2.25364e-07    1.45157e-07    1.01619e-07    7.62111e-08    5.34675e-08    3.89651e-08    3.44207e-08    3.05848e-08    2.31875e-08    1.50083e-08    7.93538e-09    3.42147e-09    1.53504e-09    5.75914e-10    2.88639e-10    1.54729e-10    6.20202e-11    1.67591e-11    6.97509e-13    1.34110e-13    1.31863e-17    3.67001e-18
+180 ||    1.85668e-04    1.75818e-04    1.59861e-04    1.19613e-04    7.56333e-05    3.74083e-05    1.26194e-05    2.86426e-06    9.18368e-07    5.81881e-07    4.81294e-07    4.08614e-07    3.50919e-07    2.97099e-07    2.34750e-07    1.53822e-07    9.09343e-08    7.37015e-08    7.68020e-08    8.20208e-08    7.92529e-08    6.83296e-08    5.23434e-08    3.42323e-08    2.26838e-08    1.43625e-08    8.62660e-09    5.04183e-09    2.69990e-09    1.03996e-09    5.41981e-10    1.19411e-10    5.79105e-11    9.50666e-13    5.44114e-13
+195 ||    7.99531e-05    6.31736e-05    4.70354e-05    1.86705e-05    3.00341e-06    9.13946e-07    4.71781e-07    3.66062e-07    3.44713e-07    3.60567e-07    3.94154e-07    4.30755e-07    4.45590e-07    3.98210e-07    2.84769e-07    1.58787e-07    1.10011e-07    1.14884e-07    1.29919e-07    1.35917e-07    1.25612e-07    1.01029e-07    6.83382e-08    4.51204e-08    2.83598e-08    1.68432e-08    9.54618e-09    5.04767e-09    1.95515e-09    9.31552e-10    2.16785e-10    9.09521e-11    1.71971e-12    8.93000e-13    6.62864e-14
+210 ||    5.18457e-05    3.82106e-05    2.90047e-05    1.36295e-05    4.20015e-06    2.15077e-06    1.43056e-06    1.17969e-06    1.14549e-06    1.20976e-06    1.32101e-06    1.40354e-06    1.43246e-06    1.40749e-06    1.30687e-06    1.14576e-06    9.73077e-07    7.84298e-07    6.08983e-07    4.85269e-07    4.02585e-07    3.25743e-07    2.34396e-07    1.55443e-07    1.02216e-07    6.48452e-08    3.94504e-08    2.37453e-08    1.17992e-08    5.43430e-09    1.97782e-09    6.69103e-10    2.12449e-11    1.00338e-11    1.34757e-15
+225 ||    2.37383e-05    1.32604e-05    1.08337e-05    8.48962e-06    5.43683e-06    3.36469e-06    2.35518e-06    1.97663e-06    1.95110e-06    2.08188e-06    2.26688e-06    2.38362e-06    2.42979e-06    2.43273e-06    2.33704e-06    2.10831e-06    1.77798e-06    1.37935e-06    1.02207e-06    7.98390e-07    6.64803e-07    5.30536e-07    3.82424e-07    2.46472e-07    1.64482e-07    1.06022e-07    6.46539e-08    3.76542e-08    1.94431e-08    7.75294e-09    3.26696e-09    7.92665e-10    3.70129e-11    1.56959e-11    2.49651e-15
+240 ||    1.50080e-05    8.09935e-06    6.37899e-06    5.35211e-06    3.90938e-06    2.77898e-06    2.24492e-06    2.10537e-06    2.15136e-06    2.25767e-06    2.39264e-06    2.51200e-06    2.62095e-06    2.73112e-06    2.81850e-06    2.83402e-06    2.73324e-06    2.45889e-06    2.00116e-06    1.52040e-06    1.13690e-06    8.24621e-07    5.37450e-07    3.03900e-07    1.60610e-07    7.97003e-08    4.35563e-08    2.57984e-08    1.29432e-08    5.84946e-09    2.40288e-09    7.79999e-10    1.23115e-10    5.55875e-11    2.83436e-12
+255 ||    6.27778e-06    2.91829e-06    1.84592e-06    2.05658e-06    2.23044e-06    2.10625e-06    2.10464e-06    2.23346e-06    2.36112e-06    2.44797e-06    2.53292e-06    2.65265e-06    2.82374e-06    3.03955e-06    3.30173e-06    3.54744e-06    3.65992e-06    3.49437e-06    2.93846e-06    2.22669e-06    1.61120e-06    1.11609e-06    6.92304e-07    3.62907e-07    1.52563e-07    4.67395e-08    1.86783e-08    9.85610e-09    4.84419e-09    2.53140e-09    1.27184e-09    5.30788e-10    2.02240e-10    8.70493e-11    5.49319e-12
+270 ||    4.46396e-06    2.09284e-06    1.45538e-06    1.44869e-06    1.50639e-06    1.49616e-06    1.56024e-06    1.69040e-06    1.80560e-06    1.88653e-06    1.95929e-06    2.05157e-06    2.17939e-06    2.33128e-06    2.50351e-06    2.66584e-06    2.74940e-06    2.63657e-06    2.22131e-06    1.66689e-06    1.17523e-06    7.84039e-07    4.67248e-07    2.33182e-07    9.28111e-08    2.58090e-08    8.75951e-09    4.87650e-09    2.45146e-09    1.11796e-09    6.05559e-10    1.75699e-10    9.48434e-11    2.64070e-11    3.35185e-12
+285 ||    2.65014e-06    1.24445e-06    1.05845e-06    8.59215e-07    7.82753e-07    8.77863e-07    1.02168e-06    1.15745e-06    1.25747e-06    1.33044e-06    1.39164e-06    1.46036e-06    1.54636e-06    1.63577e-06    1.71870e-06    1.79539e-06    1.84366e-06    1.77027e-06    1.47670e-06    1.07448e-06    7.16583e-07    4.41021e-07    2.40640e-07    1.05082e-07    3.56262e-08    6.68275e-09    1.61195e-09    8.18230e-10    4.44257e-10    2.03889e-10    1.07980e-10    3.76073e-11    1.91486e-11    2.68001e-12    1.61325e-12
+300 ||    1.17833e-05    1.09053e-05    1.02023e-05    8.39314e-06    6.85181e-06    4.96607e-06    3.10644e-06    1.92724e-06    1.42300e-06    1.28200e-06    1.30483e-06    1.38205e-06    1.46347e-06    1.52624e-06    1.55564e-06    1.54608e-06    1.48788e-06    1.34191e-06    1.06869e-06    7.60114e-07    5.14393e-07    3.34192e-07    2.02226e-07    1.02026e-07    5.26396e-08    2.76233e-08    1.56187e-08    8.14229e-09    4.32714e-09    1.62204e-09    6.50372e-10    1.28135e-10    5.54500e-11    3.63154e-12    2.06128e-12
+315 ||    2.09165e-05    2.05687e-05    1.93319e-05    1.59087e-05    1.28919e-05    9.00579e-06    5.15202e-06    2.66432e-06    1.57496e-06    1.22976e-06    1.21647e-06    1.30203e-06    1.37778e-06    1.41263e-06    1.38635e-06    1.28705e-06    1.11808e-06    9.06416e-07    6.72491e-07    4.71718e-07    3.37682e-07    2.46142e-07    1.75285e-07    1.13973e-07    7.25151e-08    4.60925e-08    2.76401e-08    1.43965e-08    7.18050e-09    2.77946e-09    9.29149e-10    2.02227e-10    7.48903e-11    4.43834e-12    2.35935e-12
+330 ||    4.06652e-05    4.25237e-05    4.34182e-05    4.21859e-05    4.01601e-05    3.35999e-05    2.39655e-05    1.43065e-05    6.82842e-06    2.79698e-06    1.44846e-06    1.19404e-06    1.20294e-06    1.22445e-06    1.18944e-06    1.07712e-06    8.96449e-07    6.85322e-07    4.75930e-07    3.15218e-07    2.14528e-07    1.48934e-07    1.02196e-07    6.50142e-08    4.29234e-08    2.73715e-08    1.65202e-08    8.91479e-09    4.79411e-09    1.74968e-09    7.79026e-10    1.28166e-10    6.15514e-11    2.61950e-12    1.57605e-12
+345 ||    6.04139e-05    6.45222e-05    6.75861e-05    6.86037e-05    6.75622e-05    5.84463e-05    4.30532e-05    2.62884e-05    1.23773e-05    4.48958e-06    1.74039e-06    1.09070e-06    1.02766e-06    1.03637e-06    9.95380e-07    8.73408e-07    6.83360e-07    4.72316e-07    2.85668e-07    1.60054e-07    8.96667e-08    4.94531e-08    2.48388e-08    1.31607e-08    8.28734e-09    5.32050e-09    3.07902e-09    1.69026e-09    8.44122e-10    2.91730e-10    1.45582e-10    1.82024e-11    1.02485e-11    2.29463e-12    7.35676e-14
+360 ||    7.43636e-05    7.57882e-05    7.16181e-05    5.72031e-05    4.16580e-05    3.10589e-05    2.22877e-05    1.39875e-05    6.97084e-06    2.63071e-06    1.11821e-06    7.06036e-07    6.42223e-07    6.32829e-07    5.96497e-07    5.31219e-07    4.42237e-07    3.27843e-07    2.06350e-07    1.12221e-07    5.86034e-08    3.31912e-08    1.93747e-08    1.05106e-08    5.47659e-09    3.75028e-09    2.45725e-09    1.45663e-09    7.96519e-10    4.17362e-10    1.55096e-10    7.79758e-11    1.72689e-11    5.80276e-12    1.98811e-12
