##########################################################################################
### MCD_v6.1 with Martian Year 32 scenario.
### Latitude 83.8N. Longitude 235.0E. Altitude 0.0 m ALS.
### --------------------------------------------------------------------------------------
### Column 1 is Areocentric longitude (degrees)
### Columns 2+ are Daily mean dust column visible optical depth above surface
### Line 1 is Local time (Martian hour)
### --------------------------------------------------------------------------------------
### Retrieved on: 2024-06-08T03:55:15.677755
### Mars Climate Database (c) LMD/OU/IAA/ESA/CNES
##########################################################################################
---- ||    0.00000e+00    1.00000e+00    2.00000e+00    3.00000e+00    4.00000e+00    5.00000e+00    6.00000e+00    7.00000e+00    8.00000e+00    9.00000e+00    1.00000e+01    1.10000e+01    1.20000e+01    1.30000e+01    1.40000e+01    1.50000e+01    1.60000e+01    1.70000e+01    1.80000e+01    1.90000e+01    2.00000e+01    2.10000e+01    2.20000e+01    2.30000e+01    2.40000e+01
-----------------------------------
+000 ||    7.40996e-02    7.39965e-02    7.39160e-02    7.38807e-02    7.38551e-02    7.38489e-02    7.38549e-02    7.38856e-02    7.39307e-02    7.40042e-02    7.40826e-02    7.41705e-02    7.42477e-02    7.43037e-02    7.43633e-02    7.44303e-02    7.44619e-02    7.44228e-02    7.43944e-02    7.43874e-02    7.43703e-02    7.43329e-02    7.42790e-02    7.41919e-02    7.40996e-02
+015 ||    1.53262e-01    1.53065e-01    1.52897e-01    1.52788e-01    1.52710e-01    1.52693e-01    1.52690e-01    1.52717e-01    1.52795e-01    1.52975e-01    1.53152e-01    1.53328e-01    1.53496e-01    1.53651e-01    1.53799e-01    1.53934e-01    1.53993e-01    1.53902e-01    1.53843e-01    1.53846e-01    1.53824e-01    1.53755e-01    1.53645e-01    1.53455e-01    1.53262e-01
+030 ||    2.22023e-01    2.21837e-01    2.21677e-01    2.21568e-01    2.21493e-01    2.21488e-01    2.21479e-01    2.21463e-01    2.21501e-01    2.21647e-01    2.21787e-01    2.21917e-01    2.22058e-01    2.22221e-01    2.22378e-01    2.22522e-01    2.22605e-01    2.22565e-01    2.22547e-01    2.22575e-01    2.22573e-01    2.22511e-01    2.22406e-01    2.22213e-01    2.22023e-01
+045 ||    1.36358e-01    1.36301e-01    1.36250e-01    1.36210e-01    1.36186e-01    1.36193e-01    1.36185e-01    1.36144e-01    1.36125e-01    1.36151e-01    1.36171e-01    1.36180e-01    1.36209e-01    1.36274e-01    1.36338e-01    1.36398e-01    1.36447e-01    1.36474e-01    1.36502e-01    1.36532e-01    1.36547e-01    1.36532e-01    1.36497e-01    1.36425e-01    1.36358e-01
+060 ||    2.05101e-01    2.04943e-01    2.04796e-01    2.04673e-01    2.04585e-01    2.04568e-01    2.04552e-01    2.04536e-01    2.04541e-01    2.04588e-01    2.04634e-01    2.04678e-01    2.04738e-01    2.04831e-01    2.04917e-01    2.04992e-01    2.05122e-01    2.05363e-01    2.05538e-01    2.05581e-01    2.05585e-01    2.05510e-01    2.05409e-01    2.05256e-01    2.05101e-01
+075 ||    4.81325e-01    4.80770e-01    4.80249e-01    4.79800e-01    4.79465e-01    4.79359e-01    4.79317e-01    4.79400e-01    4.79504e-01    4.79648e-01    4.79807e-01    4.79994e-01    4.80188e-01    4.80397e-01    4.80582e-01    4.80719e-01    4.81159e-01    4.82206e-01    4.82934e-01    4.83025e-01    4.82983e-01    4.82675e-01    4.82310e-01    4.81830e-01    4.81325e-01
+090 ||    3.13158e-01    3.12884e-01    3.12646e-01    3.12479e-01    3.12365e-01    3.12358e-01    3.12411e-01    3.12584e-01    3.12745e-01    3.12883e-01    3.13030e-01    3.13196e-01    3.13327e-01    3.13387e-01    3.13422e-01    3.13405e-01    3.13538e-01    3.13969e-01    3.14262e-01    3.14274e-01    3.14214e-01    3.14008e-01    3.13768e-01    3.13457e-01    3.13158e-01
+105 ||    3.17606e-01    3.17427e-01    3.17297e-01    3.17264e-01    3.17261e-01    3.17317e-01    3.17455e-01    3.17753e-01    3.18012e-01    3.18193e-01    3.18383e-01    3.18593e-01    3.18724e-01    3.18699e-01    3.18638e-01    3.18505e-01    3.18476e-01    3.18651e-01    3.18756e-01    3.18723e-01    3.18630e-01    3.18422e-01    3.18180e-01    3.17871e-01    3.17606e-01
+120 ||    2.33132e-01    2.33025e-01    2.32941e-01    2.32901e-01    2.32893e-01    2.32947e-01    2.33034e-01    2.33184e-01    2.33340e-01    2.33511e-01    2.33672e-01    2.33817e-01    2.33906e-01    2.33884e-01    2.33858e-01    2.33824e-01    2.33833e-01    2.33923e-01    2.33961e-01    2.33894e-01    2.33791e-01    2.33615e-01    2.33442e-01    2.33277e-01    2.33132e-01
+135 ||    2.37632e-01    2.37551e-01    2.37477e-01    2.37419e-01    2.37404e-01    2.37474e-01    2.37546e-01    2.37624e-01    2.37747e-01    2.37962e-01    2.38151e-01    2.38288e-01    2.38371e-01    2.38344e-01    2.38338e-01    2.38374e-01    2.38415e-01    2.38465e-01    2.38460e-01    2.38347e-01    2.38203e-01    2.37999e-01    2.37828e-01    2.37726e-01    2.37632e-01
+150 ||    3.31510e-01    3.31203e-01    3.30988e-01    3.30958e-01    3.30982e-01    3.31111e-01    3.31241e-01    3.31376e-01    3.31550e-01    3.31803e-01    3.32025e-01    3.32182e-01    3.32267e-01    3.32208e-01    3.32198e-01    3.32289e-01    3.32373e-01    3.32441e-01    3.32474e-01    3.32433e-01    3.32354e-01    3.32196e-01    3.32011e-01    3.31772e-01    3.31510e-01
+165 ||    1.90755e-01    1.90461e-01    1.90271e-01    1.90286e-01    1.90327e-01    1.90420e-01    1.90514e-01    1.90608e-01    1.90709e-01    1.90825e-01    1.90925e-01    1.90993e-01    1.91022e-01    1.90973e-01    1.90965e-01    1.91041e-01    1.91104e-01    1.91140e-01    1.91181e-01    1.91232e-01    1.91261e-01    1.91250e-01    1.91177e-01    1.90982e-01    1.90755e-01
+180 ||    9.53997e-02    9.52359e-02    9.51310e-02    9.51441e-02    9.51617e-02    9.51881e-02    9.52260e-02    9.52870e-02    9.53522e-02    9.54257e-02    9.55068e-02    9.56034e-02    9.56677e-02    9.56675e-02    9.56922e-02    9.57666e-02    9.58034e-02    9.57649e-02    9.57425e-02    9.57523e-02    9.57449e-02    9.57027e-02    9.56378e-02    9.55277e-02    9.53997e-02
+195 ||    8.76793e-02    8.75123e-02    8.74064e-02    8.74226e-02    8.74354e-02    8.74411e-02    8.74679e-02    8.75370e-02    8.76104e-02    8.76926e-02    8.77960e-02    8.79418e-02    8.80466e-02    8.80695e-02    8.81186e-02    8.82203e-02    8.82601e-02    8.81761e-02    8.81183e-02    8.81125e-02    8.80844e-02    8.80113e-02    8.79247e-02    8.78109e-02    8.76793e-02
+210 ||    1.09685e-01    1.09498e-01    1.09401e-01    1.09482e-01    1.09559e-01    1.09629e-01    1.09695e-01    1.09752e-01    1.09818e-01    1.09902e-01    1.10012e-01    1.10174e-01    1.10300e-01    1.10355e-01    1.10409e-01    1.10462e-01    1.10419e-01    1.10184e-01    1.10011e-01    1.09958e-01    1.09916e-01    1.09894e-01    1.09858e-01    1.09792e-01    1.09685e-01
+225 ||    2.33551e-01    2.33196e-01    2.33056e-01    2.33348e-01    2.33632e-01    2.33903e-01    2.34105e-01    2.34169e-01    2.34260e-01    2.34401e-01    2.34598e-01    2.34904e-01    2.35164e-01    2.35331e-01    2.35432e-01    2.35401e-01    2.35129e-01    2.34376e-01    2.33807e-01    2.33608e-01    2.33505e-01    2.33594e-01    2.33656e-01    2.33664e-01    2.33551e-01
+240 ||    1.85976e-01    1.85800e-01    1.85733e-01    1.85886e-01    1.86031e-01    1.86157e-01    1.86256e-01    1.86301e-01    1.86354e-01    1.86423e-01    1.86526e-01    1.86696e-01    1.86838e-01    1.86924e-01    1.86988e-01    1.87007e-01    1.86902e-01    1.86551e-01    1.86265e-01    1.86111e-01    1.86010e-01    1.86019e-01    1.86026e-01    1.86032e-01    1.85976e-01
+255 ||    1.08535e-01    1.08488e-01    1.08473e-01    1.08521e-01    1.08562e-01    1.08589e-01    1.08614e-01    1.08637e-01    1.08658e-01    1.08675e-01    1.08707e-01    1.08767e-01    1.08816e-01    1.08843e-01    1.08871e-01    1.08905e-01    1.08902e-01    1.08827e-01    1.08748e-01    1.08660e-01    1.08592e-01    1.08565e-01    1.08547e-01    1.08549e-01    1.08535e-01
+270 ||    1.72384e-01    1.72305e-01    1.72278e-01    1.72354e-01    1.72412e-01    1.72434e-01    1.72460e-01    1.72495e-01    1.72522e-01    1.72535e-01    1.72578e-01    1.72684e-01    1.72766e-01    1.72798e-01    1.72834e-01    1.72878e-01    1.72893e-01    1.72852e-01    1.72790e-01    1.72686e-01    1.72594e-01    1.72527e-01    1.72471e-01    1.72434e-01    1.72384e-01
+285 ||    1.46944e-01    1.46873e-01    1.46848e-01    1.46913e-01    1.46956e-01    1.46956e-01    1.46966e-01    1.46995e-01    1.47013e-01    1.47010e-01    1.47041e-01    1.47141e-01    1.47214e-01    1.47232e-01    1.47254e-01    1.47284e-01    1.47314e-01    1.47346e-01    1.47349e-01    1.47291e-01    1.47227e-01    1.47151e-01    1.47077e-01    1.47012e-01    1.46944e-01
+300 ||    1.71503e-01    1.71386e-01    1.71333e-01    1.71407e-01    1.71458e-01    1.71463e-01    1.71472e-01    1.71488e-01    1.71504e-01    1.71517e-01    1.71580e-01    1.71742e-01    1.71862e-01    1.71895e-01    1.71941e-01    1.72011e-01    1.72053e-01    1.72037e-01    1.72000e-01    1.71925e-01    1.71841e-01    1.71743e-01    1.71654e-01    1.71587e-01    1.71503e-01
+315 ||    9.23952e-02    9.23121e-02    9.22697e-02    9.23086e-02    9.23363e-02    9.23416e-02    9.23449e-02    9.23442e-02    9.23493e-02    9.23661e-02    9.24153e-02    9.25297e-02    9.26140e-02    9.26384e-02    9.26746e-02    9.27341e-02    9.27602e-02    9.27195e-02    9.26772e-02    9.26314e-02    9.25814e-02    9.25232e-02    9.24742e-02    9.24434e-02    9.23952e-02
+330 ||    1.73188e-01    1.72995e-01    1.72884e-01    1.72937e-01    1.72966e-01    1.72944e-01    1.72944e-01    1.72990e-01    1.73045e-01    1.73117e-01    1.73235e-01    1.73442e-01    1.73598e-01    1.73651e-01    1.73739e-01    1.73896e-01    1.73969e-01    1.73879e-01    1.73791e-01    1.73710e-01    1.73620e-01    1.73512e-01    1.73408e-01    1.73315e-01    1.73188e-01
+345 ||    1.98593e-01    1.98328e-01    1.98164e-01    1.98203e-01    1.98208e-01    1.98146e-01    1.98140e-01    1.98247e-01    1.98362e-01    1.98493e-01    1.98657e-01    1.98886e-01    1.99062e-01    1.99133e-01    1.99257e-01    1.99488e-01    1.99602e-01    1.99480e-01    1.99371e-01    1.99284e-01    1.99185e-01    1.99061e-01    1.98929e-01    1.98781e-01    1.98593e-01
+360 ||    7.61947e-02    7.60968e-02    7.60271e-02    7.60139e-02    7.60031e-02    7.59970e-02    7.60023e-02    7.60305e-02    7.60723e-02    7.61414e-02    7.62148e-02    7.62968e-02    7.63654e-02    7.64069e-02    7.64578e-02    7.65272e-02    7.65560e-02    7.65034e-02    7.64648e-02    7.64542e-02    7.64357e-02    7.64012e-02    7.63530e-02    7.62776e-02    7.61947e-02
##########################################################################################
### MCD_v6.1 with Martian Year 32 scenario.
### Latitude 83.8N. Longitude 235.0E. Altitude 0.0 m ALS.
### --------------------------------------------------------------------------------------
### Column 1 is Areocentric longitude (degrees)
### Columns 2+ are Water ice column (kg/m2)
### Line 1 is Local time (Martian hour)
### --------------------------------------------------------------------------------------
### Retrieved on: 2024-06-08T03:55:15.678850
### Mars Climate Database (c) LMD/OU/IAA/ESA/CNES
##########################################################################################
---- ||    0.00000e+00    1.00000e+00    2.00000e+00    3.00000e+00    4.00000e+00    5.00000e+00    6.00000e+00    7.00000e+00    8.00000e+00    9.00000e+00    1.00000e+01    1.10000e+01    1.20000e+01    1.30000e+01    1.40000e+01    1.50000e+01    1.60000e+01    1.70000e+01    1.80000e+01    1.90000e+01    2.00000e+01    2.10000e+01    2.20000e+01    2.30000e+01    2.40000e+01
-----------------------------------
+000 ||    3.53272e-03    3.52586e-03    3.51903e-03    3.51226e-03    3.51045e-03    3.51858e-03    3.53076e-03    3.55105e-03    3.57237e-03    3.59572e-03    3.61418e-03    3.62286e-03    3.62907e-03    3.63032e-03    3.63112e-03    3.63102e-03    3.62432e-03    3.60445e-03    3.58463e-03    3.56491e-03    3.55001e-03    3.54477e-03    3.54023e-03    3.53709e-03    3.53272e-03
+015 ||    3.35092e-03    3.34381e-03    3.33202e-03    3.31085e-03    3.29603e-03    3.29394e-03    3.30112e-03    3.32686e-03    3.35749e-03    3.39791e-03    3.43172e-03    3.45233e-03    3.46324e-03    3.45473e-03    3.44328e-03    3.42595e-03    3.40411e-03    3.37328e-03    3.34958e-03    3.34014e-03    3.33513e-03    3.33898e-03    3.34351e-03    3.34938e-03    3.35092e-03
+030 ||    6.23400e-03    6.26544e-03    6.28973e-03    6.29970e-03    6.31338e-03    6.33449e-03    6.35151e-03    6.36035e-03    6.36258e-03    6.35158e-03    6.33566e-03    6.30988e-03    6.28158e-03    6.24825e-03    6.21977e-03    6.20098e-03    6.16505e-03    6.09481e-03    6.04886e-03    6.05152e-03    6.06517e-03    6.10082e-03    6.14108e-03    6.19054e-03    6.23400e-03
+045 ||    9.13909e-03    9.20996e-03    9.27112e-03    9.31281e-03    9.35549e-03    9.40013e-03    9.42711e-03    9.41875e-03    9.39204e-03    9.32866e-03    9.26201e-03    9.18880e-03    9.12039e-03    9.06154e-03    9.01543e-03    8.99480e-03    8.94442e-03    8.83451e-03    8.76620e-03    8.78113e-03    8.81376e-03    8.88181e-03    8.95855e-03    9.05269e-03    9.13909e-03
+060 ||    1.75565e-02    1.79555e-02    1.83059e-02    1.85590e-02    1.87525e-02    1.88267e-02    1.88118e-02    1.86186e-02    1.83395e-02    1.78886e-02    1.73935e-02    1.68099e-02    1.62884e-02    1.58908e-02    1.55742e-02    1.54196e-02    1.53342e-02    1.53871e-02    1.55165e-02    1.57987e-02    1.60963e-02    1.64246e-02    1.67735e-02    1.71635e-02    1.75565e-02
+075 ||    2.52832e-02    2.60021e-02    2.66337e-02    2.70905e-02    2.74272e-02    2.75235e-02    2.74638e-02    2.70918e-02    2.65714e-02    2.57544e-02    2.48537e-02    2.37850e-02    2.28317e-02    2.21080e-02    2.15304e-02    2.12444e-02    2.11224e-02    2.13285e-02    2.16448e-02    2.21808e-02    2.27308e-02    2.33085e-02    2.39187e-02    2.45935e-02    2.52832e-02
+090 ||    1.45732e-02    1.51466e-02    1.57010e-02    1.62174e-02    1.66376e-02    1.68650e-02    1.69471e-02    1.67389e-02    1.64084e-02    1.58334e-02    1.52090e-02    1.44854e-02    1.37706e-02    1.30733e-02    1.25237e-02    1.22690e-02    1.21463e-02    1.22874e-02    1.24659e-02    1.27189e-02    1.29810e-02    1.32610e-02    1.36035e-02    1.40706e-02    1.45732e-02
+105 ||    3.90287e-03    4.32942e-03    4.80301e-03    5.37069e-03    5.86577e-03    6.21555e-03    6.43355e-03    6.38782e-03    6.24548e-03    5.90993e-03    5.55930e-03    5.17846e-03    4.70446e-03    4.04428e-03    3.53040e-03    3.30861e-03    3.18691e-03    3.26532e-03    3.30894e-03    3.28298e-03    3.26131e-03    3.24821e-03    3.32634e-03    3.58694e-03    3.90287e-03
+120 ||    1.97756e-03    2.21759e-03    2.47367e-03    2.76185e-03    3.01294e-03    3.18978e-03    3.29730e-03    3.26612e-03    3.18628e-03    3.00911e-03    2.82498e-03    2.62689e-03    2.38256e-03    2.04581e-03    1.78327e-03    1.66898e-03    1.60396e-03    1.63748e-03    1.65470e-03    1.63930e-03    1.62846e-03    1.62674e-03    1.67092e-03    1.80690e-03    1.97756e-03
+135 ||    9.13087e-05    1.48808e-04    1.92733e-04    2.09485e-04    2.24202e-04    2.34865e-04    2.35915e-04    2.17734e-04    1.98294e-04    1.76336e-04    1.55458e-04    1.36733e-04    1.16169e-04    9.19168e-05    7.28604e-05    6.41909e-05    5.51987e-05    4.55786e-05    3.72515e-05    3.15075e-05    3.05822e-05    3.93084e-05    4.96358e-05    6.31424e-05    9.13087e-05
+150 ||    8.07359e-03    8.15515e-03    8.22082e-03    8.25463e-03    8.30422e-03    8.38537e-03    8.45698e-03    8.50949e-03    8.53881e-03    8.52177e-03    8.47977e-03    8.38787e-03    8.30225e-03    8.22916e-03    8.18148e-03    8.18461e-03    8.16841e-03    8.11356e-03    8.05511e-03    7.98939e-03    7.94214e-03    7.93182e-03    7.94517e-03    8.00591e-03    8.07359e-03
+165 ||    1.65152e-02    1.66253e-02    1.67161e-02    1.67684e-02    1.68554e-02    1.70117e-02    1.71580e-02    1.72840e-02    1.73640e-02    1.73520e-02    1.72872e-02    1.71172e-02    1.69620e-02    1.68364e-02    1.67573e-02    1.67709e-02    1.67448e-02    1.66389e-02    1.65259e-02    1.63982e-02    1.63037e-02    1.62756e-02    1.62938e-02    1.64046e-02    1.65152e-02
+180 ||    9.47160e-03    9.52395e-03    9.56493e-03    9.58316e-03    9.62023e-03    9.69500e-03    9.77001e-03    9.84544e-03    9.89778e-03    9.90395e-03    9.88497e-03    9.81577e-03    9.75098e-03    9.69497e-03    9.65790e-03    9.65868e-03    9.64348e-03    9.59636e-03    9.53850e-03    9.45911e-03    9.39662e-03    9.36795e-03    9.36638e-03    9.41905e-03    9.47160e-03
+195 ||    2.55372e-03    2.54943e-03    2.54135e-03    2.52568e-03    2.51301e-03    2.50632e-03    2.51045e-03    2.53619e-03    2.56155e-03    2.58612e-03    2.61300e-03    2.64448e-03    2.66985e-03    2.68302e-03    2.68740e-03    2.67418e-03    2.66877e-03    2.67897e-03    2.67499e-03    2.64265e-03    2.61150e-03    2.58272e-03    2.56213e-03    2.55794e-03    2.55372e-03
+210 ||    1.68470e-03    1.67975e-03    1.67456e-03    1.66889e-03    1.66613e-03    1.66918e-03    1.67909e-03    1.70270e-03    1.72727e-03    1.75372e-03    1.77936e-03    1.80338e-03    1.81939e-03    1.81940e-03    1.81453e-03    1.79988e-03    1.78928e-03    1.78677e-03    1.77722e-03    1.75358e-03    1.73136e-03    1.71198e-03    1.69694e-03    1.69058e-03    1.68470e-03
+225 ||    8.03201e-04    7.97477e-04    7.95113e-04    7.99468e-04    8.06645e-04    8.19465e-04    8.35211e-04    8.56807e-04    8.80677e-04    9.09101e-04    9.33567e-04    9.50113e-04    9.56738e-04    9.43524e-04    9.29338e-04    9.13205e-04    8.97397e-04    8.82240e-04    8.67219e-04    8.52471e-04    8.39287e-04    8.29231e-04    8.19624e-04    8.10916e-04    8.03201e-04
+240 ||    8.15297e-04    8.12554e-04    8.11457e-04    8.13652e-04    8.16959e-04    8.22493e-04    8.29446e-04    8.39239e-04    8.49990e-04    8.62658e-04    8.73136e-04    8.79235e-04    8.80790e-04    8.73255e-04    8.66123e-04    8.59794e-04    8.55283e-04    8.54410e-04    8.51280e-04    8.43637e-04    8.36559e-04    8.30612e-04    8.24908e-04    8.19690e-04    8.15297e-04
+255 ||    7.99588e-04    8.00065e-04    8.00372e-04    8.00341e-04    7.99653e-04    7.97650e-04    7.95403e-04    7.92670e-04    7.89506e-04    7.85482e-04    7.81238e-04    7.76551e-04    7.72931e-04    7.71441e-04    7.71781e-04    7.75782e-04    7.82975e-04    7.96553e-04    8.05547e-04    8.05374e-04    8.04740e-04    8.03182e-04    8.01691e-04    8.00334e-04    7.99588e-04
+270 ||    4.75458e-04    4.75707e-04    4.75979e-04    4.76296e-04    4.76315e-04    4.75734e-04    4.75061e-04    4.74202e-04    4.73115e-04    4.71571e-04    4.69989e-04    4.68331e-04    4.67184e-04    4.67059e-04    4.67620e-04    4.69554e-04    4.72828e-04    4.78779e-04    4.82360e-04    4.81201e-04    4.79918e-04    4.78389e-04    4.77037e-04    4.76040e-04    4.75458e-04
+285 ||    1.40620e-04    1.40620e-04    1.40845e-04    1.41520e-04    1.42270e-04    1.43166e-04    1.44128e-04    1.45223e-04    1.46296e-04    1.47328e-04    1.48488e-04    1.49905e-04    1.51252e-04    1.52458e-04    1.53193e-04    1.52989e-04    1.52243e-04    1.50415e-04    1.48480e-04    1.46330e-04    1.44398e-04    1.42901e-04    1.41690e-04    1.41048e-04    1.40620e-04
+300 ||    5.83815e-04    5.86403e-04    5.88558e-04    5.89843e-04    5.90737e-04    5.90848e-04    5.90954e-04    5.91046e-04    5.90319e-04    5.87954e-04    5.84850e-04    5.80262e-04    5.75681e-04    5.71113e-04    5.67584e-04    5.66130e-04    5.62356e-04    5.53942e-04    5.50486e-04    5.56948e-04    5.63540e-04    5.70390e-04    5.76290e-04    5.80287e-04    5.83815e-04
+315 ||    1.02552e-03    1.03070e-03    1.03478e-03    1.03668e-03    1.03772e-03    1.03703e-03    1.03627e-03    1.03536e-03    1.03283e-03    1.02708e-03    1.01973e-03    1.00916e-03    9.98674e-04    9.88353e-04    9.80565e-04    9.77846e-04    9.71025e-04    9.55998e-04    9.51000e-04    9.66069e-04    9.81180e-04    9.96378e-04    1.00939e-03    1.01803e-03    1.02552e-03
+330 ||    2.31275e-03    2.32452e-03    2.33395e-03    2.33869e-03    2.34087e-03    2.33790e-03    2.33425e-03    2.32921e-03    2.32331e-03    2.31570e-03    2.30782e-03    2.29939e-03    2.29214e-03    2.28724e-03    2.28327e-03    2.28120e-03    2.27167e-03    2.24723e-03    2.23279e-03    2.23837e-03    2.24713e-03    2.26227e-03    2.27844e-03    2.29667e-03    2.31275e-03
+345 ||    3.61900e-03    3.63749e-03    3.65238e-03    3.66006e-03    3.66344e-03    3.65824e-03    3.65171e-03    3.64252e-03    3.63321e-03    3.62369e-03    3.61520e-03    3.60878e-03    3.60464e-03    3.60501e-03    3.60478e-03    3.60336e-03    3.59107e-03    3.55706e-03    3.53311e-03    3.52925e-03    3.53172e-03    3.54686e-03    3.56627e-03    3.59421e-03    3.61900e-03
+360 ||    3.51228e-03    3.51920e-03    3.52366e-03    3.52318e-03    3.52084e-03    3.51478e-03    3.51130e-03    3.51297e-03    3.51740e-03    3.52735e-03    3.53696e-03    3.54589e-03    3.55274e-03    3.55544e-03    3.55231e-03    3.53751e-03    3.51489e-03    3.47662e-03    3.45003e-03    3.44681e-03    3.45077e-03    3.46910e-03    3.48609e-03    3.50042e-03    3.51228e-03
##########################################################################################
### MCD_v6.1 with Martian Year 32 scenario.
### Latitude 83.8N. Longitude 235.0E. Altitude 0.0 m ALS.
### --------------------------------------------------------------------------------------
### Column 1 is Areocentric longitude (degrees)
### Columns 2+ are Surface pressure (Pa)
### Line 1 is Local time (Martian hour)
### --------------------------------------------------------------------------------------
### Retrieved on: 2024-06-08T03:55:15.679788
### Mars Climate Database (c) LMD/OU/IAA/ESA/CNES
##########################################################################################
---- ||    0.00000e+00    1.00000e+00    2.00000e+00    3.00000e+00    4.00000e+00    5.00000e+00    6.00000e+00    7.00000e+00    8.00000e+00    9.00000e+00    1.00000e+01    1.10000e+01    1.20000e+01    1.30000e+01    1.40000e+01    1.50000e+01    1.60000e+01    1.70000e+01    1.80000e+01    1.90000e+01    2.00000e+01    2.10000e+01    2.20000e+01    2.30000e+01    2.40000e+01
-----------------------------------
+000 ||    8.27559e+02    8.26408e+02    8.25509e+02    8.25114e+02    8.24828e+02    8.24759e+02    8.24826e+02    8.25170e+02    8.25672e+02    8.26494e+02    8.27369e+02    8.28351e+02    8.29214e+02    8.29838e+02    8.30504e+02    8.31252e+02    8.31605e+02    8.31168e+02    8.30851e+02    8.30774e+02    8.30583e+02    8.30165e+02    8.29562e+02    8.28590e+02    8.27559e+02
+015 ||    8.37606e+02    8.36526e+02    8.35608e+02    8.35016e+02    8.34589e+02    8.34494e+02    8.34480e+02    8.34629e+02    8.35055e+02    8.36034e+02    8.37006e+02    8.37963e+02    8.38883e+02    8.39729e+02    8.40539e+02    8.41275e+02    8.41601e+02    8.41104e+02    8.40778e+02    8.40794e+02    8.40678e+02    8.40297e+02    8.39697e+02    8.38659e+02    8.37606e+02
+030 ||    8.79268e+02    8.78532e+02    8.77898e+02    8.77466e+02    8.77171e+02    8.77149e+02    8.77113e+02    8.77050e+02    8.77201e+02    8.77779e+02    8.78336e+02    8.78849e+02    8.79407e+02    8.80052e+02    8.80673e+02    8.81246e+02    8.81574e+02    8.81415e+02    8.81345e+02    8.81454e+02    8.81446e+02    8.81202e+02    8.80785e+02    8.80022e+02    8.79268e+02
+045 ||    9.19354e+02    9.18967e+02    9.18620e+02    9.18351e+02    9.18189e+02    9.18241e+02    9.18184e+02    9.17908e+02    9.17782e+02    9.17953e+02    9.18089e+02    9.18154e+02    9.18345e+02    9.18787e+02    9.19217e+02    9.19623e+02    9.19954e+02    9.20135e+02    9.20324e+02    9.20526e+02    9.20626e+02    9.20521e+02    9.20290e+02    9.19806e+02    9.19354e+02
+060 ||    9.06284e+02    9.05585e+02    9.04938e+02    9.04391e+02    9.04003e+02    9.03929e+02    9.03857e+02    9.03788e+02    9.03811e+02    9.04019e+02    9.04222e+02    9.04415e+02    9.04681e+02    9.05090e+02    9.05472e+02    9.05802e+02    9.06378e+02    9.07443e+02    9.08216e+02    9.08406e+02    9.08422e+02    9.08092e+02    9.07647e+02    9.06969e+02    9.06284e+02
+075 ||    8.75036e+02    8.74027e+02    8.73081e+02    8.72264e+02    8.71655e+02    8.71463e+02    8.71385e+02    8.71537e+02    8.71726e+02    8.71988e+02    8.72276e+02    8.72616e+02    8.72970e+02    8.73350e+02    8.73687e+02    8.73935e+02    8.74735e+02    8.76638e+02    8.77962e+02    8.78128e+02    8.78052e+02    8.77492e+02    8.76828e+02    8.75955e+02    8.75036e+02
+090 ||    8.42256e+02    8.41519e+02    8.40878e+02    8.40428e+02    8.40123e+02    8.40104e+02    8.40246e+02    8.40710e+02    8.41144e+02    8.41515e+02    8.41911e+02    8.42358e+02    8.42711e+02    8.42872e+02    8.42965e+02    8.42919e+02    8.43276e+02    8.44438e+02    8.45224e+02    8.45258e+02    8.45096e+02    8.44543e+02    8.43895e+02    8.43059e+02    8.42256e+02
+105 ||    8.02087e+02    8.01635e+02    8.01306e+02    8.01223e+02    8.01215e+02    8.01358e+02    8.01704e+02    8.02458e+02    8.03112e+02    8.03568e+02    8.04048e+02    8.04578e+02    8.04910e+02    8.04846e+02    8.04692e+02    8.04358e+02    8.04283e+02    8.04725e+02    8.04992e+02    8.04906e+02    8.04674e+02    8.04146e+02    8.03535e+02    8.02757e+02    8.02087e+02
+120 ||    7.68076e+02    7.67725e+02    7.67448e+02    7.67316e+02    7.67289e+02    7.67468e+02    7.67753e+02    7.68247e+02    7.68764e+02    7.69325e+02    7.69858e+02    7.70334e+02    7.70627e+02    7.70553e+02    7.70467e+02    7.70359e+02    7.70385e+02    7.70682e+02    7.70808e+02    7.70588e+02    7.70248e+02    7.69668e+02    7.69100e+02    7.68555e+02    7.68076e+02
+135 ||    7.46381e+02    7.46128e+02    7.45897e+02    7.45715e+02    7.45666e+02    7.45886e+02    7.46114e+02    7.46357e+02    7.46745e+02    7.47420e+02    7.48014e+02    7.48445e+02    7.48704e+02    7.48618e+02    7.48600e+02    7.48713e+02    7.48841e+02    7.48999e+02    7.48985e+02    7.48628e+02    7.48176e+02    7.47534e+02    7.46999e+02    7.46679e+02    7.46381e+02
+150 ||    7.22249e+02    7.21580e+02    7.21112e+02    7.21048e+02    7.21098e+02    7.21379e+02    7.21664e+02    7.21958e+02    7.22337e+02    7.22889e+02    7.23371e+02    7.23714e+02    7.23899e+02    7.23769e+02    7.23749e+02    7.23947e+02    7.24129e+02    7.24279e+02    7.24349e+02    7.24261e+02    7.24088e+02    7.23744e+02    7.23341e+02    7.22819e+02    7.22249e+02
+165 ||    7.14065e+02    7.12968e+02    7.12255e+02    7.12310e+02    7.12463e+02    7.12814e+02    7.13165e+02    7.13516e+02    7.13895e+02    7.14330e+02    7.14705e+02    7.14959e+02    7.15067e+02    7.14882e+02    7.14854e+02    7.15138e+02    7.15373e+02    7.15509e+02    7.15663e+02    7.15851e+02    7.15962e+02    7.15919e+02    7.15647e+02    7.14917e+02    7.14065e+02
+180 ||    7.24111e+02    7.22868e+02    7.22072e+02    7.22171e+02    7.22305e+02    7.22505e+02    7.22793e+02    7.23256e+02    7.23751e+02    7.24309e+02    7.24924e+02    7.25657e+02    7.26145e+02    7.26144e+02    7.26332e+02    7.26896e+02    7.27175e+02    7.26883e+02    7.26713e+02    7.26788e+02    7.26731e+02    7.26411e+02    7.25919e+02    7.25083e+02    7.24111e+02
+195 ||    7.47985e+02    7.46560e+02    7.45657e+02    7.45795e+02    7.45904e+02    7.45953e+02    7.46182e+02    7.46771e+02    7.47397e+02    7.48099e+02    7.48981e+02    7.50224e+02    7.51118e+02    7.51313e+02    7.51733e+02    7.52600e+02    7.52940e+02    7.52223e+02    7.51730e+02    7.51681e+02    7.51441e+02    7.50818e+02    7.50079e+02    7.49108e+02    7.47985e+02
+210 ||    7.82850e+02    7.81516e+02    7.80820e+02    7.81399e+02    7.81952e+02    7.82450e+02    7.82918e+02    7.83326e+02    7.83797e+02    7.84397e+02    7.85182e+02    7.86339e+02    7.87240e+02    7.87629e+02    7.88015e+02    7.88394e+02    7.88089e+02    7.86413e+02    7.85172e+02    7.84799e+02    7.84499e+02    7.84342e+02    7.84081e+02    7.83609e+02    7.82850e+02
+225 ||    8.17449e+02    8.16204e+02    8.15714e+02    8.16735e+02    8.17732e+02    8.18680e+02    8.19386e+02    8.19612e+02    8.19927e+02    8.20424e+02    8.21112e+02    8.22185e+02    8.23094e+02    8.23679e+02    8.24032e+02    8.23922e+02    8.22970e+02    8.20334e+02    8.18345e+02    8.17647e+02    8.17286e+02    8.17598e+02    8.17815e+02    8.17844e+02    8.17449e+02
+240 ||    8.75971e+02    8.75141e+02    8.74828e+02    8.75548e+02    8.76227e+02    8.76822e+02    8.77290e+02    8.77501e+02    8.77750e+02    8.78077e+02    8.78560e+02    8.79360e+02    8.80029e+02    8.80437e+02    8.80738e+02    8.80825e+02    8.80331e+02    8.78677e+02    8.77331e+02    8.76604e+02    8.76133e+02    8.76173e+02    8.76208e+02    8.76232e+02    8.75971e+02
+255 ||    9.15791e+02    9.15395e+02    9.15265e+02    9.15669e+02    9.16013e+02    9.16241e+02    9.16457e+02    9.16650e+02    9.16827e+02    9.16974e+02    9.17242e+02    9.17751e+02    9.18164e+02    9.18386e+02    9.18629e+02    9.18912e+02    9.18890e+02    9.18257e+02    9.17588e+02    9.16846e+02    9.16274e+02    9.16041e+02    9.15891e+02    9.15910e+02    9.15791e+02
+270 ||    9.12602e+02    9.12185e+02    9.12041e+02    9.12444e+02    9.12751e+02    9.12866e+02    9.13005e+02    9.13191e+02    9.13336e+02    9.13401e+02    9.13631e+02    9.14194e+02    9.14625e+02    9.14794e+02    9.14985e+02    9.15216e+02    9.15298e+02    9.15079e+02    9.14750e+02    9.14200e+02    9.13715e+02    9.13361e+02    9.13062e+02    9.12869e+02    9.12602e+02
+285 ||    8.96836e+02    8.96404e+02    8.96248e+02    8.96644e+02    8.96909e+02    8.96910e+02    8.96970e+02    8.97146e+02    8.97257e+02    8.97238e+02    8.97428e+02    8.98036e+02    8.98480e+02    8.98594e+02    8.98730e+02    8.98907e+02    8.99091e+02    8.99291e+02    8.99306e+02    8.98955e+02    8.98565e+02    8.98096e+02    8.97649e+02    8.97247e+02    8.96836e+02
+300 ||    8.59767e+02    8.59181e+02    8.58914e+02    8.59285e+02    8.59541e+02    8.59565e+02    8.59610e+02    8.59693e+02    8.59771e+02    8.59837e+02    8.60153e+02    8.60967e+02    8.61565e+02    8.61731e+02    8.61960e+02    8.62315e+02    8.62524e+02    8.62441e+02    8.62259e+02    8.61880e+02    8.61462e+02    8.60968e+02    8.60526e+02    8.60188e+02    8.59767e+02
+315 ||    8.26519e+02    8.25776e+02    8.25397e+02    8.25745e+02    8.25993e+02    8.26040e+02    8.26070e+02    8.26063e+02    8.26108e+02    8.26259e+02    8.26700e+02    8.27722e+02    8.28477e+02    8.28695e+02    8.29018e+02    8.29551e+02    8.29785e+02    8.29421e+02    8.29042e+02    8.28632e+02    8.28185e+02    8.27664e+02    8.27226e+02    8.26950e+02    8.26519e+02
+330 ||    8.16174e+02    8.15262e+02    8.14739e+02    8.14991e+02    8.15125e+02    8.15021e+02    8.15023e+02    8.15239e+02    8.15497e+02    8.15839e+02    8.16392e+02    8.17369e+02    8.18104e+02    8.18356e+02    8.18770e+02    8.19507e+02    8.19855e+02    8.19427e+02    8.19015e+02    8.18634e+02    8.18210e+02    8.17698e+02    8.17211e+02    8.16771e+02    8.16174e+02
+345 ||    8.12705e+02    8.11618e+02    8.10947e+02    8.11107e+02    8.11128e+02    8.10872e+02    8.10848e+02    8.11287e+02    8.11758e+02    8.12294e+02    8.12964e+02    8.13902e+02    8.14623e+02    8.14912e+02    8.15420e+02    8.16365e+02    8.16830e+02    8.16334e+02    8.15885e+02    8.15531e+02    8.15126e+02    8.14619e+02    8.14079e+02    8.13472e+02    8.12705e+02
+360 ||    8.20584e+02    8.19529e+02    8.18779e+02    8.18637e+02    8.18520e+02    8.18454e+02    8.18511e+02    8.18815e+02    8.19265e+02    8.20009e+02    8.20800e+02    8.21684e+02    8.22422e+02    8.22869e+02    8.23417e+02    8.24165e+02    8.24474e+02    8.23908e+02    8.23492e+02    8.23378e+02    8.23179e+02    8.22807e+02    8.22289e+02    8.21477e+02    8.20584e+02
##########################################################################################
### MCD_v6.1 with Martian Year 32 scenario.
### Latitude 83.8N. Longitude 235.0E. Altitude 0.0 m ALS.
### --------------------------------------------------------------------------------------
### Column 1 is Areocentric longitude (degrees)
### Columns 2+ are Surface temperature (K)
### Line 1 is Local time (Martian hour)
### --------------------------------------------------------------------------------------
### Retrieved on: 2024-06-08T03:55:15.680704
### Mars Climate Database (c) LMD/OU/IAA/ESA/CNES
##########################################################################################
---- ||    0.00000e+00    1.00000e+00    2.00000e+00    3.00000e+00    4.00000e+00    5.00000e+00    6.00000e+00    7.00000e+00    8.00000e+00    9.00000e+00    1.00000e+01    1.10000e+01    1.20000e+01    1.30000e+01    1.40000e+01    1.50000e+01    1.60000e+01    1.70000e+01    1.80000e+01    1.90000e+01    2.00000e+01    2.10000e+01    2.20000e+01    2.30000e+01    2.40000e+01
-----------------------------------
+000 ||    1.49595e+02    1.49583e+02    1.49573e+02    1.49569e+02    1.49565e+02    1.49565e+02    1.49567e+02    1.49572e+02    1.49580e+02    1.49592e+02    1.49604e+02    1.49617e+02    1.49629e+02    1.49637e+02    1.49644e+02    1.49650e+02    1.49652e+02    1.49645e+02    1.49639e+02    1.49635e+02    1.49631e+02    1.49625e+02    1.49617e+02    1.49607e+02    1.49595e+02
+015 ||    1.49780e+02    1.49765e+02    1.49753e+02    1.49745e+02    1.49740e+02    1.49739e+02    1.49741e+02    1.49747e+02    1.49757e+02    1.49775e+02    1.49792e+02    1.49808e+02    1.49823e+02    1.49834e+02    1.49844e+02    1.49850e+02    1.49851e+02    1.49843e+02    1.49835e+02    1.49832e+02    1.49827e+02    1.49818e+02    1.49808e+02    1.49794e+02    1.49780e+02
+030 ||    1.50170e+02    1.50160e+02    1.50151e+02    1.50145e+02    1.50141e+02    1.50141e+02    1.50142e+02    1.50145e+02    1.50151e+02    1.50163e+02    1.50175e+02    1.50185e+02    1.50196e+02    1.50205e+02    1.50213e+02    1.50218e+02    1.50220e+02    1.50215e+02    1.50211e+02    1.50209e+02    1.50206e+02    1.50200e+02    1.50192e+02    1.50181e+02    1.50170e+02
+045 ||    1.50561e+02    1.50554e+02    1.50549e+02    1.50544e+02    1.50542e+02    1.50542e+02    1.50543e+02    1.50543e+02    1.50546e+02    1.50552e+02    1.50558e+02    1.50563e+02    1.50569e+02    1.50575e+02    1.50581e+02    1.50585e+02    1.50588e+02    1.50588e+02    1.50588e+02    1.50587e+02    1.50585e+02    1.50581e+02    1.50575e+02    1.50568e+02    1.50561e+02
+060 ||    1.59412e+02    1.59371e+02    1.59351e+02    1.59371e+02    1.59414e+02    1.59503e+02    1.59606e+02    1.59737e+02    1.59878e+02    1.60038e+02    1.60196e+02    1.60348e+02    1.60483e+02    1.60583e+02    1.60657e+02    1.60680e+02    1.60586e+02    1.60256e+02    1.60001e+02    1.59896e+02    1.59788e+02    1.59674e+02    1.59569e+02    1.59483e+02    1.59412e+02
+075 ||    1.68263e+02    1.68189e+02    1.68154e+02    1.68198e+02    1.68287e+02    1.68464e+02    1.68669e+02    1.68931e+02    1.69211e+02    1.69525e+02    1.69834e+02    1.70133e+02    1.70397e+02    1.70590e+02    1.70733e+02    1.70776e+02    1.70584e+02    1.69925e+02    1.69415e+02    1.69206e+02    1.68991e+02    1.68767e+02    1.68563e+02    1.68398e+02    1.68263e+02
+090 ||    1.92800e+02    1.92560e+02    1.92424e+02    1.92498e+02    1.92676e+02    1.93060e+02    1.93514e+02    1.94105e+02    1.94719e+02    1.95377e+02    1.96004e+02    1.96569e+02    1.97044e+02    1.97341e+02    1.97526e+02    1.97490e+02    1.97258e+02    1.96635e+02    1.96031e+02    1.95467e+02    1.94884e+02    1.94267e+02    1.93692e+02    1.93205e+02    1.92800e+02
+105 ||    2.17337e+02    2.16931e+02    2.16695e+02    2.16798e+02    2.17065e+02    2.17657e+02    2.18359e+02    2.19279e+02    2.20226e+02    2.21229e+02    2.22174e+02    2.23004e+02    2.23691e+02    2.24091e+02    2.24319e+02    2.24205e+02    2.23933e+02    2.23345e+02    2.22647e+02    2.21727e+02    2.20777e+02    2.19766e+02    2.18822e+02    2.18012e+02    2.17337e+02
+120 ||    2.10999e+02    2.10535e+02    2.10249e+02    2.10319e+02    2.10567e+02    2.11168e+02    2.11892e+02    2.12863e+02    2.13869e+02    2.14946e+02    2.15962e+02    2.16854e+02    2.17598e+02    2.18043e+02    2.18303e+02    2.18193e+02    2.17942e+02    2.17411e+02    2.16727e+02    2.15740e+02    2.14721e+02    2.13639e+02    2.12624e+02    2.11742e+02    2.10999e+02
+135 ||    2.04661e+02    2.04138e+02    2.03802e+02    2.03840e+02    2.04069e+02    2.04678e+02    2.05425e+02    2.06447e+02    2.07512e+02    2.08664e+02    2.09750e+02    2.10705e+02    2.11505e+02    2.11995e+02    2.12286e+02    2.12180e+02    2.11951e+02    2.11476e+02    2.10807e+02    2.09753e+02    2.08665e+02    2.07512e+02    2.06425e+02    2.05471e+02    2.04661e+02
+150 ||    1.95858e+02    1.95429e+02    1.95127e+02    1.95077e+02    1.95173e+02    1.95560e+02    1.96075e+02    1.96843e+02    1.97666e+02    1.98598e+02    1.99488e+02    2.00293e+02    2.00972e+02    2.01396e+02    2.01650e+02    2.01564e+02    2.01407e+02    2.01105e+02    2.00620e+02    1.99769e+02    1.98908e+02    1.98025e+02    1.97197e+02    1.96479e+02    1.95858e+02
+165 ||    1.87054e+02    1.86720e+02    1.86451e+02    1.86314e+02    1.86277e+02    1.86442e+02    1.86724e+02    1.87240e+02    1.87820e+02    1.88532e+02    1.89226e+02    1.89882e+02    1.90439e+02    1.90796e+02    1.91013e+02    1.90948e+02    1.90863e+02    1.90735e+02    1.90434e+02    1.89786e+02    1.89150e+02    1.88538e+02    1.87969e+02    1.87487e+02    1.87054e+02
+180 ||    1.69244e+02    1.69050e+02    1.68891e+02    1.68802e+02    1.68764e+02    1.68828e+02    1.68957e+02    1.69215e+02    1.69526e+02    1.69942e+02    1.70356e+02    1.70766e+02    1.71111e+02    1.71328e+02    1.71452e+02    1.71393e+02    1.71335e+02    1.71281e+02    1.71124e+02    1.70761e+02    1.70407e+02    1.70072e+02    1.69759e+02    1.69489e+02    1.69244e+02
+195 ||    1.51434e+02    1.51380e+02    1.51331e+02    1.51290e+02    1.51251e+02    1.51214e+02    1.51189e+02    1.51191e+02    1.51232e+02    1.51352e+02    1.51486e+02    1.51650e+02    1.51784e+02    1.51859e+02    1.51891e+02    1.51837e+02    1.51808e+02    1.51827e+02    1.51814e+02    1.51736e+02    1.51665e+02    1.51606e+02    1.51548e+02    1.51490e+02    1.51434e+02
+210 ||    1.50304e+02    1.50271e+02    1.50243e+02    1.50226e+02    1.50209e+02    1.50193e+02    1.50184e+02    1.50187e+02    1.50210e+02    1.50274e+02    1.50348e+02    1.50438e+02    1.50512e+02    1.50555e+02    1.50573e+02    1.50545e+02    1.50526e+02    1.50523e+02    1.50507e+02    1.50464e+02    1.50425e+02    1.50396e+02    1.50366e+02    1.50335e+02    1.50304e+02
+225 ||    1.49173e+02    1.49161e+02    1.49155e+02    1.49161e+02    1.49167e+02    1.49173e+02    1.49178e+02    1.49182e+02    1.49188e+02    1.49197e+02    1.49209e+02    1.49226e+02    1.49240e+02    1.49250e+02    1.49256e+02    1.49254e+02    1.49244e+02    1.49220e+02    1.49200e+02    1.49191e+02    1.49185e+02    1.49185e+02    1.49184e+02    1.49180e+02    1.49173e+02
+240 ||    1.49209e+02    1.49204e+02    1.49203e+02    1.49209e+02    1.49214e+02    1.49220e+02    1.49225e+02    1.49228e+02    1.49232e+02    1.49238e+02    1.49245e+02    1.49255e+02    1.49263e+02    1.49267e+02    1.49269e+02    1.49267e+02    1.49261e+02    1.49250e+02    1.49239e+02    1.49229e+02    1.49221e+02    1.49219e+02    1.49216e+02    1.49212e+02    1.49209e+02
+255 ||    1.49244e+02    1.49247e+02    1.49251e+02    1.49256e+02    1.49261e+02    1.49267e+02    1.49272e+02    1.49274e+02    1.49276e+02    1.49279e+02    1.49281e+02    1.49284e+02    1.49286e+02    1.49284e+02    1.49282e+02    1.49280e+02    1.49278e+02    1.49280e+02    1.49278e+02    1.49267e+02    1.49257e+02    1.49252e+02    1.49248e+02    1.49245e+02    1.49244e+02
+270 ||    1.48601e+02    1.48601e+02    1.48601e+02    1.48602e+02    1.48605e+02    1.48610e+02    1.48614e+02    1.48617e+02    1.48620e+02    1.48623e+02    1.48627e+02    1.48633e+02    1.48638e+02    1.48639e+02    1.48639e+02    1.48637e+02    1.48636e+02    1.48637e+02    1.48633e+02    1.48622e+02    1.48614e+02    1.48611e+02    1.48608e+02    1.48604e+02    1.48601e+02
+285 ||    1.47959e+02    1.47954e+02    1.47950e+02    1.47948e+02    1.47948e+02    1.47953e+02    1.47957e+02    1.47961e+02    1.47964e+02    1.47967e+02    1.47972e+02    1.47982e+02    1.47991e+02    1.47995e+02    1.47997e+02    1.47995e+02    1.47993e+02    1.47993e+02    1.47989e+02    1.47978e+02    1.47971e+02    1.47970e+02    1.47968e+02    1.47964e+02    1.47959e+02
+300 ||    1.48161e+02    1.48153e+02    1.48148e+02    1.48148e+02    1.48149e+02    1.48155e+02    1.48159e+02    1.48163e+02    1.48167e+02    1.48171e+02    1.48178e+02    1.48189e+02    1.48197e+02    1.48201e+02    1.48205e+02    1.48209e+02    1.48210e+02    1.48204e+02    1.48197e+02    1.48189e+02    1.48182e+02    1.48178e+02    1.48174e+02    1.48168e+02    1.48161e+02
+315 ||    1.48363e+02    1.48352e+02    1.48345e+02    1.48347e+02    1.48351e+02    1.48356e+02    1.48361e+02    1.48365e+02    1.48369e+02    1.48376e+02    1.48384e+02    1.48396e+02    1.48404e+02    1.48408e+02    1.48413e+02    1.48423e+02    1.48426e+02    1.48415e+02    1.48405e+02    1.48399e+02    1.48393e+02    1.48386e+02    1.48379e+02    1.48372e+02    1.48363e+02
+330 ||    1.48802e+02    1.48792e+02    1.48786e+02    1.48787e+02    1.48789e+02    1.48790e+02    1.48792e+02    1.48796e+02    1.48801e+02    1.48808e+02    1.48817e+02    1.48829e+02    1.48839e+02    1.48842e+02    1.48848e+02    1.48857e+02    1.48859e+02    1.48846e+02    1.48836e+02    1.48831e+02    1.48826e+02    1.48821e+02    1.48815e+02    1.48809e+02    1.48802e+02
+345 ||    1.49241e+02    1.49232e+02    1.49227e+02    1.49227e+02    1.49227e+02    1.49224e+02    1.49223e+02    1.49228e+02    1.49233e+02    1.49241e+02    1.49250e+02    1.49263e+02    1.49273e+02    1.49277e+02    1.49283e+02    1.49290e+02    1.49291e+02    1.49278e+02    1.49267e+02    1.49264e+02    1.49260e+02    1.49256e+02    1.49252e+02    1.49247e+02    1.49241e+02
+360 ||    1.49500e+02    1.49489e+02    1.49480e+02    1.49477e+02    1.49474e+02    1.49473e+02    1.49475e+02    1.49481e+02    1.49489e+02    1.49501e+02    1.49515e+02    1.49529e+02    1.49540e+02    1.49547e+02    1.49554e+02    1.49561e+02    1.49561e+02    1.49549e+02    1.49539e+02    1.49535e+02    1.49531e+02    1.49526e+02    1.49519e+02    1.49510e+02    1.49500e+02
