##########################################################################################
### MCD_v6.1 with Martian Year 35 scenario.
### Latitude 83.8N. Longitude 235.0E. Local time 12.0h
### --------------------------------------------------------------------------------------
### Column 1 is Areocentric longitude (degrees)
### Columns 2+ are Pressure (Pa)
### Line 1 is height above surface (m)
### --------------------------------------------------------------------------------------
### Retrieved on: 2024-06-07T22:17:04.046758
### Mars Climate Database (c) LMD/OU/IAA/ESA/CNES
##########################################################################################
---- ||    0.00000e+00    1.47059e+03    2.94118e+03    4.41176e+03    5.88235e+03    7.35294e+03    8.82353e+03    1.02941e+04    1.17647e+04    1.32353e+04    1.47059e+04    1.61765e+04    1.76471e+04    1.91176e+04    2.05882e+04    2.20588e+04    2.35294e+04    2.50000e+04    2.64706e+04    2.79412e+04    2.94118e+04    3.08824e+04    3.23529e+04    3.38235e+04    3.52941e+04    3.67647e+04    3.82353e+04    3.97059e+04    4.11765e+04    4.26471e+04    4.41176e+04    4.55882e+04    4.70588e+04    4.85294e+04    5.00000e+04
-----------------------------------
+000 ||    8.38286e+02    6.91878e+02    5.70392e+02    4.69803e+02    3.86390e+02    3.17480e+02    2.60914e+02    2.14653e+02    1.76686e+02    1.45356e+02    1.19368e+02    9.78309e+01    7.99909e+01    6.52366e+01    5.30865e+01    4.31124e+01    3.49508e+01    2.82928e+01    2.28771e+01    1.84841e+01    1.49292e+01    1.20578e+01    9.74656e+00    7.88909e+00    6.39534e+00    5.19451e+00    4.23463e+00    3.46158e+00    2.83582e+00    2.33657e+00    1.92848e+00    1.59965e+00    1.32908e+00    1.10999e+00    9.27017e-01
+015 ||    8.18115e+02    6.74730e+02    5.56174e+02    4.58087e+02    3.76819e+02    3.09912e+02    2.55488e+02    2.11482e+02    1.75555e+02    1.45824e+02    1.20967e+02    1.00096e+02    8.25918e+01    6.79442e+01    5.57223e+01    4.55844e+01    3.72200e+01    3.03491e+01    2.47267e+01    2.01404e+01    1.64118e+01    1.33872e+01    1.09348e+01    8.94437e+00    7.33618e+00    6.03101e+00    4.96791e+00    4.10536e+00    3.40257e+00    2.82435e+00    2.35550e+00    1.96605e+00    1.64810e+00    1.38177e+00    1.16420e+00
+030 ||    8.43205e+02    6.97016e+02    5.76398e+02    4.76474e+02    3.93640e+02    3.25498e+02    2.70212e+02    2.25615e+02    1.89264e+02    1.59099e+02    1.33706e+02    1.12192e+02    9.39081e+01    7.83781e+01    6.52400e+01    5.41670e+01    4.48738e+01    3.71074e+01    3.06430e+01    2.52810e+01    2.08463e+01    1.71912e+01    1.41848e+01    1.17128e+01    9.68536e+00    8.02371e+00    6.65546e+00    5.53519e+00    4.61326e+00    3.85029e+00    3.22565e+00    2.70529e+00    2.27569e+00    1.91685e+00    1.61927e+00
+045 ||    8.66625e+02    7.17930e+02    5.95506e+02    4.93949e+02    4.09702e+02    3.40438e+02    2.84353e+02    2.39237e+02    2.02671e+02    1.72225e+02    1.46486e+02    1.24483e+02    1.05595e+02    8.93699e+01    7.54519e+01    6.35454e+01    5.33951e+01    4.47749e+01    3.74819e+01    3.13340e+01    2.61676e+01    2.18357e+01    1.82190e+01    1.52035e+01    1.26925e+01    1.06090e+01    8.87408e+00    7.43619e+00    6.24072e+00    5.24404e+00    4.41849e+00    3.72654e+00    3.15104e+00    2.66768e+00    2.26331e+00
+060 ||    8.82327e+02    7.34733e+02    6.13483e+02    5.12363e+02    4.27792e+02    3.57448e+02    3.00107e+02    2.54071e+02    2.16663e+02    1.85607e+02    1.59168e+02    1.36423e+02    1.16761e+02    9.97359e+01    8.50009e+01    7.22709e+01    6.13027e+01    5.18829e+01    4.38218e+01    3.69481e+01    3.11071e+01    2.61588e+01    2.19724e+01    1.84476e+01    1.54850e+01    1.29978e+01    1.09149e+01    9.16791e+00    7.70984e+00    6.48714e+00    5.46432e+00    4.60821e+00    3.88867e+00    3.28758e+00    2.78032e+00
+075 ||    8.79547e+02    7.36151e+02    6.18673e+02    5.20189e+02    4.37192e+02    3.67516e+02    3.10340e+02    2.64273e+02    2.27108e+02    1.96073e+02    1.69530e+02    1.46508e+02    1.26444e+02    1.08939e+02    9.36708e+01    8.03715e+01    6.88100e+01    5.87842e+01    5.01073e+01    4.26144e+01    3.61775e+01    3.06665e+01    2.59623e+01    2.19488e+01    1.85408e+01    1.56545e+01    1.32104e+01    1.11466e+01    9.40456e+00    7.93645e+00    6.69818e+00    5.65555e+00    4.77651e+00    4.03547e+00    3.41113e+00
+090 ||    8.37578e+02    7.09513e+02    6.02585e+02    5.11519e+02    4.33686e+02    3.67971e+02    3.13463e+02    2.68368e+02    2.30739e+02    1.99068e+02    1.71913e+02    1.48409e+02    1.27958e+02    1.10126e+02    9.45752e+01    8.10370e+01    6.92689e+01    5.90684e+01    5.02548e+01    4.26660e+01    3.61551e+01    3.05882e+01    2.58423e+01    2.17993e+01    1.83758e+01    1.54816e+01    1.30360e+01    1.09760e+01    9.24114e+00    7.78346e+00    6.55723e+00    5.52755e+00    4.66248e+00    3.93454e+00    3.32398e+00
+105 ||    7.88437e+02    6.76717e+02    5.81432e+02    4.98768e+02    4.26948e+02    3.65813e+02    3.14979e+02    2.71868e+02    2.34707e+02    2.02573e+02    1.74789e+02    1.50718e+02    1.29794e+02    1.11568e+02    9.56896e+01    8.18745e+01    6.98792e+01    5.94924e+01    5.05281e+01    4.28190e+01    3.62139e+01    3.05748e+01    2.57692e+01    2.16916e+01    1.82448e+01    1.53366e+01    1.28850e+01    1.08252e+01    9.09461e+00    7.64524e+00    6.42947e+00    5.41102e+00    4.55887e+00    3.84276e+00    3.24501e+00
+120 ||    7.53239e+02    6.50444e+02    5.61137e+02    4.83036e+02    4.14607e+02    3.55187e+02    3.04286e+02    2.60454e+02    2.22641e+02    1.90299e+02    1.62750e+02    1.39153e+02    1.18820e+02    1.01244e+02    8.60666e+01    7.29946e+01    6.17662e+01    5.21517e+01    4.39469e+01    3.69690e+01    3.10483e+01    2.60459e+01    2.18328e+01    1.82925e+01    1.53220e+01    1.28349e+01    1.07555e+01    9.01581e+00    7.56698e+00    6.35552e+00    5.34356e+00    4.50012e+00    3.79240e+00    3.20276e+00    2.70668e+00
+135 ||    7.30289e+02    6.34789e+02    5.50064e+02    4.75401e+02    4.09451e+02    3.51002e+02    2.99361e+02    2.54079e+02    2.14928e+02    1.81829e+02    1.54068e+02    1.30572e+02    1.10484e+02    9.32939e+01    7.86055e+01    6.60868e+01    5.54504e+01    4.64438e+01    3.88432e+01    3.24501e+01    2.70885e+01    2.26031e+01    1.88577e+01    1.57367e+01    1.31404e+01    1.09800e+01    9.18298e+00    7.69311e+00    6.45136e+00    5.41892e+00    4.56027e+00    3.84094e+00    3.24411e+00    2.74161e+00    2.32241e+00
+150 ||    7.08479e+02    6.10159e+02    5.23308e+02    4.47223e+02    3.80487e+02    3.21848e+02    2.70720e+02    2.26679e+02    1.89562e+02    1.58822e+02    1.33323e+02    1.11905e+02    9.37749e+01    7.84198e+01    6.54433e+01    5.45083e+01    4.53241e+01    3.76369e+01    3.12237e+01    2.58888e+01    2.14618e+01    1.77948e+01    1.47607e+01    1.22571e+01    1.01904e+01    8.48199e+00    7.07170e+00    5.90862e+00    4.94325e+00    4.14538e+00    3.48310e+00    2.93063e+00    2.47269e+00    2.08775e+00    1.76768e+00
+165 ||    7.01966e+02    5.98621e+02    5.07809e+02    4.28956e+02    3.60321e+02    3.00709e+02    2.49480e+02    2.06212e+02    1.70539e+02    1.41489e+02    1.17646e+02    9.78003e+01    8.11845e+01    6.72427e+01    5.55909e+01    4.58846e+01    3.78264e+01    3.11581e+01    2.56558e+01    2.11264e+01    1.74045e+01    1.43493e+01    1.18459e+01    9.79653e+00    8.11495e+00    6.73236e+00    5.60206e+00    4.67027e+00    3.89971e+00    3.26785e+00    2.74111e+00    2.30680e+00    1.94318e+00    1.64210e+00    1.38769e+00
+180 ||    7.16103e+02    6.01992e+02    5.04139e+02    4.20859e+02    3.49758e+02    2.89250e+02    2.38282e+02    1.95913e+02    1.61170e+02    1.32785e+02    1.09412e+02    9.00451e+01    7.39879e+01    6.06872e+01    4.96861e+01    4.06228e+01    3.31797e+01    2.70840e+01    2.21042e+01    1.80447e+01    1.47404e+01    1.20589e+01    9.88380e+00    8.11703e+00    6.67905e+00    5.51376e+00    4.56345e+00    3.78409e+00    3.15047e+00    2.62841e+00    2.19919e+00    1.84512e+00    1.55191e+00    1.30771e+00    1.10562e+00
+195 ||    7.43803e+02    6.16791e+02    5.10453e+02    4.21611e+02    3.47154e+02    2.85041e+02    2.33516e+02    1.91047e+02    1.56215e+02    1.27669e+02    1.04230e+02    8.49921e+01    6.91840e+01    5.62253e+01    4.56253e+01    3.69764e+01    2.99382e+01    2.42260e+01    1.96023e+01    1.58692e+01    1.28619e+01    1.04429e+01    8.49645e+00    6.93070e+00    5.67422e+00    4.65794e+00    3.83273e+00    3.16953e+00    2.62739e+00    2.18559e+00    1.82467e+00    1.52746e+00    1.28246e+00    1.08048e+00    9.10391e-01
+210 ||    8.20733e+02    6.78797e+02    5.60461e+02    4.62081e+02    3.80076e+02    3.11943e+02    2.55525e+02    2.08990e+02    1.70730e+02    1.39322e+02    1.13528e+02    9.23839e+01    7.50404e+01    6.08557e+01    4.92751e+01    3.98398e+01    3.21690e+01    2.59466e+01    2.09113e+01    1.68476e+01    1.35765e+01    1.09490e+01    8.84060e+00    7.15479e+00    5.80787e+00    4.72837e+00    3.86081e+00    3.17159e+00    2.61296e+00    2.16105e+00    1.79549e+00    1.49551e+00    1.25092e+00    1.04937e+00    8.81530e-01
+225 ||    8.97507e+02    7.40673e+02    6.10358e+02    5.02463e+02    4.12933e+02    3.38792e+02    2.77492e+02    2.26900e+02    1.85222e+02    1.50958e+02    1.22815e+02    9.97664e+01    8.08910e+01    6.54820e+01    5.29222e+01    4.27016e+01    3.43991e+01    2.76672e+01    2.22209e+01    1.78268e+01    1.42917e+01    1.14555e+01    9.18405e+00    7.37529e+00    5.93683e+00    4.79331e+00    3.88420e+00    3.16896e+00    2.59484e+00    2.13363e+00    1.76435e+00    1.46216e+00    1.21864e+00    1.01787e+00    8.52686e-01
+240 ||    9.29530e+02    7.67590e+02    6.32707e+02    5.20995e+02    4.28298e+02    3.51509e+02    2.88004e+02    2.35573e+02    1.92367e+02    1.56837e+02    1.27641e+02    1.03724e+02    8.41362e+01    6.81354e+01    5.50872e+01    4.44635e+01    3.58286e+01    2.88229e+01    2.31510e+01    1.85702e+01    1.48810e+01    1.19180e+01    9.54386e+00    7.65133e+00    6.14312e+00    4.94221e+00    3.98955e+00    3.23764e+00    2.63752e+00    2.15962e+00    1.77866e+00    1.46916e+00    1.22093e+00    1.01723e+00    8.50269e-01
+255 ||    9.41568e+02    7.78000e+02    6.41430e+02    5.28227e+02    4.34281e+02    3.56462e+02    2.92095e+02    2.38945e+02    1.95138e+02    1.59110e+02    1.29513e+02    1.05262e+02    8.53970e+01    6.91701e+01    5.59336e+01    4.51528e+01    3.63869e+01    2.92721e+01    2.35091e+01    1.88519e+01    1.50986e+01    1.20827e+01    9.66539e+00    7.73688e+00    6.19875e+00    4.97291e+00    3.99911e+00    3.23085e+00    2.62080e+00    2.13683e+00    1.75447e+00    1.44434e+00    1.19803e+00    9.95628e-01    8.31142e-01
+270 ||    9.38570e+02    7.76982e+02    6.41038e+02    5.28073e+02    4.34238e+02    3.56487e+02    2.92164e+02    2.39039e+02    1.95246e+02    1.59223e+02    1.29617e+02    1.05357e+02    8.54789e+01    6.92372e+01    5.59872e+01    4.51944e+01    3.64179e+01    2.92936e+01    2.35213e+01    1.88548e+01    1.50920e+01    1.20667e+01    9.63984e+00    7.70152e+00    6.15607e+00    4.92527e+00    3.94744e+00    3.17686e+00    2.56648e+00    2.08117e+00    1.70086e+00    1.39183e+00    1.15007e+00    9.50412e-01    7.91171e-01
+285 ||    9.22614e+02    7.65252e+02    6.31798e+02    5.20562e+02    4.28094e+02    3.51463e+02    2.88056e+02    2.35683e+02    1.92506e+02    1.56988e+02    1.27797e+02    1.03873e+02    8.42677e+01    6.82490e+01    5.51806e+01    4.45360e+01    3.58800e+01    2.88532e+01    2.31592e+01    1.85548e+01    1.48409e+01    1.18539e+01    9.45728e+00    7.54065e+00    6.01341e+00    4.79837e+00    3.83320e+00    3.07332e+00    2.47334e+00    1.99588e+00    1.62348e+00    1.32383e+00    1.08784e+00    8.94878e-01    7.42775e-01
+300 ||    8.98746e+02    7.44865e+02    6.14806e+02    5.06484e+02    4.16438e+02    3.41816e+02    2.80083e+02    2.29102e+02    1.87082e+02    1.52521e+02    1.24127e+02    1.00857e+02    8.17945e+01    6.62266e+01    5.35323e+01    4.31985e+01    3.48012e+01    2.79899e+01    2.24755e+01    1.80213e+01    1.44323e+01    1.15480e+01    9.23464e+00    7.38409e+00    5.90775e+00    4.73168e+00    3.79588e+00    3.05700e+00    2.47186e+00    2.00382e+00    1.63800e+00    1.34136e+00    1.10743e+00    9.14297e-01    7.61973e-01
+315 ||    8.78778e+02    7.27711e+02    6.00490e+02    4.94636e+02    4.06631e+02    3.33699e+02    2.73375e+02    2.23566e+02    1.82519e+02    1.48765e+02    1.21039e+02    9.83192e+01    7.97134e+01    6.45243e+01    5.21452e+01    4.20739e+01    3.38958e+01    2.72676e+01    2.19066e+01    1.75812e+01    1.40999e+01    1.13038e+01    9.06130e+00    7.26654e+00    5.83315e+00    4.68968e+00    3.77798e+00    3.05626e+00    2.48268e+00    2.02143e+00    1.66056e+00    1.36532e+00    1.13250e+00    9.39377e-01    7.85081e-01
+330 ||    8.30308e+02    6.86173e+02    5.65714e+02    4.65691e+02    3.82659e+02    3.13888e+02    2.57025e+02    2.10142e+02    1.71552e+02    1.39843e+02    1.13806e+02    9.24435e+01    7.49441e+01    6.06492e+01    4.89950e+01    3.95123e+01    3.18121e+01    2.55770e+01    2.05396e+01    1.64797e+01    1.32182e+01    1.06047e+01    8.51390e+00    6.84240e+00    5.51360e+00    4.45454e+00    3.60929e+00    2.93478e+00    2.39939e+00    1.96613e+00    1.62214e+00    1.34043e+00    1.11494e+00    9.27390e-01    7.76819e-01
+345 ||    7.89275e+02    6.50819e+02    5.36067e+02    4.41028e+02    3.62242e+02    2.97014e+02    2.43115e+02    1.98730e+02    1.62254e+02    1.32298e+02    1.07699e+02    8.74913e+01    7.09273e+01    5.73868e+01    4.63432e+01    3.73515e+01    3.00559e+01    2.41522e+01    1.93881e+01    1.55546e+01    1.24800e+01    1.00229e+01    8.06316e+00    6.50036e+00    5.25638e+00    4.26940e+00    3.47959e+00    2.84390e+00    2.33967e+00    1.92844e+00    1.59787e+00    1.32618e+00    1.10614e+00    9.22611e-01    7.74234e-01
+360 ||    7.99527e+02    6.59336e+02    5.43284e+02    4.47204e+02    3.67585e+02    3.01879e+02    2.48030e+02    2.04072e+02    1.68048e+02    1.38321e+02    1.13658e+02    9.31947e+01    7.62037e+01    6.21485e+01    5.05682e+01    4.10611e+01    3.32842e+01    2.69448e+01    2.17943e+01    1.76230e+01    1.42535e+01    1.15364e+01    9.35005e+00    7.59679e+00    6.18598e+00    5.04901e+00    4.13757e+00    3.40179e+00    2.80277e+00    2.32183e+00    1.92647e+00    1.60557e+00    1.33971e+00    1.12310e+00    9.41504e-01
##########################################################################################
### MCD_v6.1 with Martian Year 35 scenario.
### Latitude 83.8N. Longitude 235.0E. Local time 12.0h
### --------------------------------------------------------------------------------------
### Column 1 is Areocentric longitude (degrees)
### Columns 2+ are Temperature (K)
### Line 1 is height above surface (m)
### --------------------------------------------------------------------------------------
### Retrieved on: 2024-06-07T22:17:04.047589
### Mars Climate Database (c) LMD/OU/IAA/ESA/CNES
##########################################################################################
---- ||    0.00000e+00    1.47059e+03    2.94118e+03    4.41176e+03    5.88235e+03    7.35294e+03    8.82353e+03    1.02941e+04    1.17647e+04    1.32353e+04    1.47059e+04    1.61765e+04    1.76471e+04    1.91176e+04    2.05882e+04    2.20588e+04    2.35294e+04    2.50000e+04    2.64706e+04    2.79412e+04    2.94118e+04    3.08824e+04    3.23529e+04    3.38235e+04    3.52941e+04    3.67647e+04    3.82353e+04    3.97059e+04    4.11765e+04    4.26471e+04    4.41176e+04    4.55882e+04    4.70588e+04    4.85294e+04    5.00000e+04
-----------------------------------
+000 ||    1.49225e+02    1.48834e+02    1.48083e+02    1.47013e+02    1.45861e+02    1.45494e+02    1.46264e+02    1.47270e+02    1.47293e+02    1.46267e+02    1.44569e+02    1.42672e+02    1.40764e+02    1.38981e+02    1.37391e+02    1.36030e+02    1.34897e+02    1.33991e+02    1.33322e+02    1.32900e+02    1.32740e+02    1.32854e+02    1.33433e+02    1.34345e+02    1.35548e+02    1.37062e+02    1.38976e+02    1.41070e+02    1.43300e+02    1.45813e+02    1.48340e+02    1.50905e+02    1.53394e+02    1.55646e+02    1.57897e+02
+015 ||    1.49332e+02    1.49055e+02    1.48375e+02    1.47324e+02    1.46361e+02    1.47011e+02    1.49905e+02    1.53204e+02    1.54658e+02    1.54027e+02    1.52133e+02    1.49647e+02    1.47056e+02    1.44612e+02    1.42515e+02    1.40844e+02    1.39591e+02    1.38740e+02    1.38273e+02    1.38176e+02    1.38517e+02    1.39192e+02    1.40156e+02    1.41357e+02    1.42851e+02    1.44523e+02    1.46332e+02    1.48315e+02    1.50380e+02    1.52484e+02    1.54626e+02    1.56754e+02    1.58804e+02    1.60846e+02    1.62583e+02
+030 ||    1.49590e+02    1.51607e+02    1.51253e+02    1.50575e+02    1.50233e+02    1.51979e+02    1.56561e+02    1.61802e+02    1.65019e+02    1.65526e+02    1.64293e+02    1.62136e+02    1.59559e+02    1.56946e+02    1.54506e+02    1.52359e+02    1.50566e+02    1.49143e+02    1.48089e+02    1.47394e+02    1.47091e+02    1.47192e+02    1.47606e+02    1.48285e+02    1.49301e+02    1.50562e+02    1.51965e+02    1.53594e+02    1.55325e+02    1.57124e+02    1.58998e+02    1.60863e+02    1.62706e+02    1.64497e+02    1.66175e+02
+045 ||    1.49849e+02    1.54146e+02    1.54106e+02    1.53760e+02    1.53924e+02    1.56594e+02    1.62618e+02    1.69860e+02    1.74596e+02    1.76576e+02    1.76245e+02    1.74515e+02    1.72134e+02    1.69509e+02    1.66889e+02    1.64426e+02    1.62216e+02    1.60310e+02    1.58731e+02    1.57483e+02    1.56561e+02    1.56082e+02    1.55929e+02    1.56054e+02    1.56494e+02    1.57291e+02    1.58243e+02    1.59478e+02    1.60855e+02    1.62349e+02    1.63957e+02    1.65586e+02    1.67244e+02    1.68867e+02    1.70430e+02
+060 ||    1.49919e+02    1.59855e+02    1.60288e+02    1.60001e+02    1.59534e+02    1.61567e+02    1.68410e+02    1.77335e+02    1.84011e+02    1.86302e+02    1.86148e+02    1.84622e+02    1.82352e+02    1.79720e+02    1.76967e+02    1.74246e+02    1.71665e+02    1.69301e+02    1.67201e+02    1.65393e+02    1.63884e+02    1.62667e+02    1.61856e+02    1.61331e+02    1.61033e+02    1.61035e+02    1.61283e+02    1.61651e+02    1.62293e+02    1.62997e+02    1.63827e+02    1.64714e+02    1.65633e+02    1.66591e+02    1.67548e+02
+075 ||    1.49990e+02    1.65523e+02    1.66449e+02    1.66220e+02    1.65359e+02    1.67006e+02    1.74572e+02    1.84965e+02    1.93079e+02    1.96373e+02    1.96322e+02    1.94700e+02    1.92417e+02    1.89797e+02    1.87013e+02    1.84176e+02    1.81374e+02    1.78676e+02    1.76155e+02    1.73893e+02    1.71897e+02    1.70171e+02    1.68703e+02    1.67587e+02    1.66737e+02    1.66066e+02    1.65658e+02    1.65418e+02    1.65288e+02    1.65343e+02    1.65435e+02    1.65620e+02    1.65822e+02    1.66048e+02    1.66299e+02
+090 ||    1.66651e+02    1.78334e+02    1.77861e+02    1.76363e+02    1.74928e+02    1.78407e+02    1.83557e+02    1.88344e+02    1.92783e+02    1.94789e+02    1.94720e+02    1.93254e+02    1.90952e+02    1.88248e+02    1.85362e+02    1.82419e+02    1.79521e+02    1.76757e+02    1.74194e+02    1.71878e+02    1.69834e+02    1.68070e+02    1.66587e+02    1.65489e+02    1.64623e+02    1.63955e+02    1.63578e+02    1.63390e+02    1.63329e+02    1.63529e+02    1.63795e+02    1.64210e+02    1.64688e+02    1.65210e+02    1.65803e+02
+105 ||    1.83312e+02    1.91392e+02    1.89546e+02    1.86822e+02    1.84249e+02    1.89091e+02    1.94665e+02    1.95667e+02    1.95100e+02    1.94338e+02    1.93471e+02    1.91936e+02    1.89601e+02    1.86812e+02    1.83829e+02    1.80785e+02    1.77786e+02    1.74927e+02    1.72279e+02    1.69890e+02    1.67787e+02    1.65979e+02    1.64528e+02    1.63397e+02    1.62513e+02    1.61844e+02    1.61501e+02    1.61364e+02    1.61377e+02    1.61735e+02    1.62200e+02    1.62854e+02    1.63629e+02    1.64455e+02    1.65401e+02
+120 ||    1.96487e+02    1.97014e+02    1.93986e+02    1.90569e+02    1.86370e+02    1.85600e+02    1.85596e+02    1.83913e+02    1.82721e+02    1.82888e+02    1.82925e+02    1.81649e+02    1.79390e+02    1.76745e+02    1.74031e+02    1.71381e+02    1.68887e+02    1.66618e+02    1.64616e+02    1.62905e+02    1.61543e+02    1.60506e+02    1.59759e+02    1.59269e+02    1.59007e+02    1.59084e+02    1.59344e+02    1.59759e+02    1.60485e+02    1.61316e+02    1.62296e+02    1.63385e+02    1.64511e+02    1.65697e+02    1.66877e+02
+135 ||    2.09662e+02    2.02821e+02    1.98634e+02    1.94895e+02    1.89353e+02    1.83186e+02    1.77123e+02    1.72350e+02    1.70450e+02    1.71722e+02    1.72747e+02    1.71783e+02    1.69624e+02    1.67253e+02    1.64934e+02    1.62791e+02    1.60899e+02    1.59297e+02    1.58007e+02    1.57034e+02    1.56369e+02    1.55994e+02    1.55884e+02    1.56089e+02    1.56541e+02    1.57182e+02    1.58021e+02    1.59096e+02    1.60269e+02    1.61584e+02    1.62969e+02    1.64385e+02    1.65811e+02    1.67214e+02    1.68521e+02
+150 ||    1.98658e+02    1.90319e+02    1.85567e+02    1.81148e+02    1.75107e+02    1.68989e+02    1.63527e+02    1.60294e+02    1.60809e+02    1.62961e+02    1.63482e+02    1.62375e+02    1.60447e+02    1.58380e+02    1.56433e+02    1.54727e+02    1.53321e+02    1.52239e+02    1.51485e+02    1.51049e+02    1.50915e+02    1.51061e+02    1.51460e+02    1.52175e+02    1.53104e+02    1.54200e+02    1.55489e+02    1.56936e+02    1.58452e+02    1.60057e+02    1.61682e+02    1.63321e+02    1.64897e+02    1.66459e+02    1.67848e+02
+165 ||    1.87655e+02    1.77732e+02    1.72637e+02    1.68063e+02    1.61776e+02    1.55918e+02    1.51331e+02    1.49739e+02    1.51677e+02    1.54313e+02    1.54837e+02    1.53782e+02    1.52093e+02    1.50344e+02    1.48802e+02    1.47555e+02    1.46639e+02    1.46058e+02    1.45803e+02    1.45859e+02    1.46209e+02    1.46831e+02    1.47746e+02    1.48916e+02    1.50261e+02    1.51750e+02    1.53424e+02    1.55167e+02    1.56968e+02    1.58825e+02    1.60678e+02    1.62502e+02    1.64289e+02    1.65953e+02    1.67615e+02
+180 ||    1.71507e+02    1.65066e+02    1.61556e+02    1.57800e+02    1.53254e+02    1.49343e+02    1.46621e+02    1.46162e+02    1.47436e+02    1.48095e+02    1.47552e+02    1.46217e+02    1.44703e+02    1.43239e+02    1.41989e+02    1.41008e+02    1.40315e+02    1.39913e+02    1.39811e+02    1.40021e+02    1.40541e+02    1.41448e+02    1.42677e+02    1.44130e+02    1.45755e+02    1.47586e+02    1.49531e+02    1.51555e+02    1.53719e+02    1.55906e+02    1.58126e+02    1.60275e+02    1.62360e+02    1.64342e+02    1.66141e+02
+195 ||    1.55359e+02    1.52810e+02    1.51002e+02    1.48755e+02    1.46207e+02    1.44155e+02    1.42703e+02    1.42096e+02    1.41792e+02    1.41214e+02    1.40254e+02    1.39107e+02    1.37852e+02    1.36647e+02    1.35590e+02    1.34750e+02    1.34151e+02    1.33825e+02    1.33823e+02    1.34189e+02    1.34955e+02    1.36122e+02    1.37614e+02    1.39347e+02    1.41317e+02    1.43430e+02    1.45664e+02    1.48149e+02    1.50696e+02    1.53334e+02    1.55908e+02    1.58434e+02    1.60852e+02    1.63144e+02    1.65430e+02
+210 ||    1.52526e+02    1.50673e+02    1.49324e+02    1.47587e+02    1.45625e+02    1.43923e+02    1.42551e+02    1.41613e+02    1.40828e+02    1.39912e+02    1.38818e+02    1.37637e+02    1.36412e+02    1.35225e+02    1.34127e+02    1.33158e+02    1.32330e+02    1.31667e+02    1.31232e+02    1.31095e+02    1.31278e+02    1.31830e+02    1.32760e+02    1.34165e+02    1.35995e+02    1.38218e+02    1.40823e+02    1.43663e+02    1.46526e+02    1.49421e+02    1.52229e+02    1.54990e+02    1.57583e+02    1.60061e+02    1.62454e+02
+225 ||    1.49693e+02    1.48551e+02    1.47664e+02    1.46459e+02    1.45075e+02    1.43710e+02    1.42399e+02    1.41113e+02    1.39850e+02    1.38607e+02    1.37382e+02    1.36169e+02    1.34976e+02    1.33806e+02    1.32665e+02    1.31565e+02    1.30512e+02    1.29522e+02    1.28669e+02    1.28050e+02    1.27683e+02    1.27645e+02    1.27995e+02    1.29077e+02    1.30710e+02    1.32982e+02    1.35989e+02    1.39198e+02    1.42390e+02    1.45552e+02    1.48601e+02    1.51607e+02    1.54369e+02    1.57039e+02    1.59545e+02
+240 ||    1.49678e+02    1.48699e+02    1.47800e+02    1.46648e+02    1.45283e+02    1.43939e+02    1.42631e+02    1.41346e+02    1.40085e+02    1.38848e+02    1.37635e+02    1.36434e+02    1.35244e+02    1.34067e+02    1.32906e+02    1.31773e+02    1.30680e+02    1.29635e+02    1.28690e+02    1.27910e+02    1.27350e+02    1.27080e+02    1.27240e+02    1.27977e+02    1.29067e+02    1.30616e+02    1.33006e+02    1.35978e+02    1.39181e+02    1.42604e+02    1.45965e+02    1.49295e+02    1.52307e+02    1.55185e+02    1.57847e+02
+255 ||    1.49663e+02    1.48844e+02    1.47877e+02    1.46686e+02    1.45344e+02    1.44020e+02    1.42718e+02    1.41437e+02    1.40181e+02    1.38952e+02    1.37753e+02    1.36565e+02    1.35379e+02    1.34195e+02    1.33016e+02    1.31855e+02    1.30726e+02    1.29632e+02    1.28612e+02    1.27704e+02    1.26989e+02    1.26557e+02    1.26562e+02    1.27023e+02    1.27684e+02    1.28638e+02    1.30385e+02    1.33125e+02    1.36351e+02    1.40045e+02    1.43716e+02    1.47380e+02    1.50588e+02    1.53680e+02    1.56425e+02
+270 ||    1.48996e+02    1.48552e+02    1.47767e+02    1.46672e+02    1.45347e+02    1.44031e+02    1.42727e+02    1.41441e+02    1.40178e+02    1.38937e+02    1.37716e+02    1.36506e+02    1.35297e+02    1.34093e+02    1.32896e+02    1.31718e+02    1.30564e+02    1.29433e+02    1.28348e+02    1.27345e+02    1.26487e+02    1.25846e+02    1.25559e+02    1.25728e+02    1.26111e+02    1.26816e+02    1.28230e+02    1.30609e+02    1.33402e+02    1.36530e+02    1.40051e+02    1.43636e+02    1.46838e+02    1.50036e+02    1.52841e+02
+285 ||    1.48330e+02    1.48254e+02    1.47620e+02    1.46564e+02    1.45256e+02    1.43948e+02    1.42642e+02    1.41354e+02    1.40086e+02    1.38834e+02    1.37592e+02    1.36360e+02    1.35129e+02    1.33904e+02    1.32691e+02    1.31495e+02    1.30318e+02    1.29152e+02    1.28004e+02    1.26913e+02    1.25923e+02    1.25097e+02    1.24511e+02    1.24418e+02    1.24538e+02    1.25041e+02    1.26135e+02    1.28164e+02    1.30508e+02    1.33095e+02    1.36589e+02    1.40037e+02    1.43342e+02    1.46612e+02    1.49583e+02
+300 ||    1.48385e+02    1.48158e+02    1.47461e+02    1.46387e+02    1.45059e+02    1.43750e+02    1.42448e+02    1.41165e+02    1.39899e+02    1.38649e+02    1.37403e+02    1.36162e+02    1.34939e+02    1.33744e+02    1.32576e+02    1.31450e+02    1.30373e+02    1.29342e+02    1.28389e+02    1.27573e+02    1.26925e+02    1.26469e+02    1.26216e+02    1.26359e+02    1.26804e+02    1.27706e+02    1.29180e+02    1.31423e+02    1.33989e+02    1.36765e+02    1.40331e+02    1.43829e+02    1.47019e+02    1.50208e+02    1.52950e+02
+315 ||    1.48439e+02    1.48061e+02    1.47312e+02    1.46240e+02    1.44891e+02    1.43582e+02    1.42284e+02    1.41005e+02    1.39740e+02    1.38493e+02    1.37241e+02    1.35992e+02    1.34776e+02    1.33611e+02    1.32489e+02    1.31434e+02    1.30459e+02    1.29567e+02    1.28814e+02    1.28282e+02    1.27984e+02    1.27889e+02    1.27972e+02    1.28328e+02    1.29101e+02    1.30375e+02    1.32190e+02    1.34636e+02    1.37401e+02    1.40343e+02    1.43971e+02    1.47551e+02    1.50627e+02    1.53703e+02    1.56302e+02
+330 ||    1.48719e+02    1.48168e+02    1.47344e+02    1.46139e+02    1.44791e+02    1.43430e+02    1.42167e+02    1.41065e+02    1.39999e+02    1.38825e+02    1.37522e+02    1.36165e+02    1.34831e+02    1.33571e+02    1.32381e+02    1.31280e+02    1.30286e+02    1.29422e+02    1.28744e+02    1.28363e+02    1.28286e+02    1.28532e+02    1.29095e+02    1.29976e+02    1.31432e+02    1.33304e+02    1.35525e+02    1.38076e+02    1.40938e+02    1.43888e+02    1.46975e+02    1.49974e+02    1.52603e+02    1.55231e+02    1.57509e+02
+345 ||    1.48998e+02    1.48274e+02    1.47393e+02    1.46093e+02    1.44745e+02    1.43330e+02    1.42117e+02    1.41196e+02    1.40323e+02    1.39206e+02    1.37845e+02    1.36373e+02    1.34920e+02    1.33564e+02    1.32307e+02    1.31165e+02    1.30154e+02    1.29332e+02    1.28755e+02    1.28494e+02    1.28658e+02    1.29313e+02    1.30434e+02    1.31982e+02    1.33971e+02    1.36303e+02    1.38814e+02    1.41460e+02    1.44363e+02    1.47186e+02    1.49752e+02    1.52223e+02    1.54417e+02    1.56611e+02    1.58605e+02
+360 ||    1.49165e+02    1.48665e+02    1.47872e+02    1.46679e+02    1.45545e+02    1.45261e+02    1.46206e+02    1.47427e+02    1.47546e+02    1.46558e+02    1.44805e+02    1.42779e+02    1.40740e+02    1.38875e+02    1.37257e+02    1.35912e+02    1.34846e+02    1.34075e+02    1.33621e+02    1.33512e+02    1.33751e+02    1.34329e+02    1.35308e+02    1.36705e+02    1.38370e+02    1.40276e+02    1.42448e+02    1.44746e+02    1.47122e+02    1.49637e+02    1.52095e+02    1.54397e+02    1.56630e+02    1.58590e+02    1.60551e+02
##########################################################################################
### MCD_v6.1 with Martian Year 35 scenario.
### Latitude 83.8N. Longitude 235.0E. Local time 12.0h
### --------------------------------------------------------------------------------------
### Column 1 is Areocentric longitude (degrees)
### Columns 2+ are Dust mass mixing ratio (kg/kg)
### Line 1 is height above surface (m)
### --------------------------------------------------------------------------------------
### Retrieved on: 2024-06-07T22:17:04.048397
### Mars Climate Database (c) LMD/OU/IAA/ESA/CNES
##########################################################################################
---- ||    0.00000e+00    1.47059e+03    2.94118e+03    4.41176e+03    5.88235e+03    7.35294e+03    8.82353e+03    1.02941e+04    1.17647e+04    1.32353e+04    1.47059e+04    1.61765e+04    1.76471e+04    1.91176e+04    2.05882e+04    2.20588e+04    2.35294e+04    2.50000e+04    2.64706e+04    2.79412e+04    2.94118e+04    3.08824e+04    3.23529e+04    3.38235e+04    3.52941e+04    3.67647e+04    3.82353e+04    3.97059e+04    4.11765e+04    4.26471e+04    4.41176e+04    4.55882e+04    4.70588e+04    4.85294e+04    5.00000e+04
-----------------------------------
+000 ||    3.25495e-06    2.93785e-06    3.02855e-06    3.13216e-06    3.29581e-06    3.47303e-06    3.55880e-06    3.41212e-06    3.04766e-06    2.53106e-06    1.96515e-06    1.43607e-06    9.89296e-07    6.53074e-07    4.13585e-07    2.54080e-07    1.52975e-07    9.20926e-08    5.73937e-08    3.75704e-08    2.51261e-08    1.61923e-08    1.00948e-08    5.99726e-09    3.31547e-09    1.84221e-09    1.07420e-09    5.53536e-10    2.16037e-10    1.07960e-10    2.45861e-11    1.10943e-11    8.05536e-13    4.96834e-13    1.88130e-13
+015 ||    2.13694e-06    2.17971e-06    2.25099e-06    2.37070e-06    2.64678e-06    3.05771e-06    3.35843e-06    3.30880e-06    2.94921e-06    2.37447e-06    1.75083e-06    1.20142e-06    7.62035e-07    4.43640e-07    2.42163e-07    1.21542e-07    5.23352e-08    1.70861e-08    3.10680e-09    1.81308e-10    7.29646e-11    3.77269e-11    2.28205e-11    1.09923e-11    2.88133e-12    4.52907e-14    5.97394e-14    5.08629e-14    3.31967e-14    1.15489e-14    9.96377e-15    8.16065e-15    5.17354e-15    2.25304e-15    1.59736e-15
+030 ||    1.58267e-06    1.94967e-06    1.96440e-06    1.95978e-06    2.08309e-06    2.39985e-06    2.76804e-06    2.86320e-06    2.63270e-06    2.19011e-06    1.69259e-06    1.23130e-06    8.50603e-07    5.62146e-07    3.53789e-07    2.11233e-07    1.18021e-07    5.99795e-08    2.64908e-08    9.66416e-09    3.57736e-09    1.51570e-09    6.59242e-10    3.44366e-10    2.35267e-10    1.77816e-10    1.40901e-10    1.01057e-10    6.63549e-11    3.51359e-11    2.27184e-11    1.23819e-11    7.80441e-12    4.15670e-12    2.55131e-12
+045 ||    1.02840e-06    1.72090e-06    1.68393e-06    1.57072e-06    1.54294e-06    1.75973e-06    2.15483e-06    2.39588e-06    2.25516e-06    1.92854e-06    1.53865e-06    1.17781e-06    8.71652e-07    6.26719e-07    4.38796e-07    2.97826e-07    1.94345e-07    1.20672e-07    7.01569e-08    3.70660e-08    1.70387e-08    8.24664e-09    3.66032e-09    1.49542e-09    8.26399e-10    5.47365e-10    3.82735e-10    3.21997e-10    2.53539e-10    1.78638e-10    1.17676e-10    6.56445e-11    4.21292e-11    2.40117e-11    1.53103e-11
+060 ||    8.10658e-07    1.51996e-06    1.57307e-06    1.55300e-06    1.44185e-06    1.47097e-06    1.75435e-06    2.05389e-06    2.02948e-06    1.76231e-06    1.44138e-06    1.14182e-06    8.85212e-07    6.72239e-07    4.99559e-07    3.61491e-07    2.52968e-07    1.69803e-07    1.08350e-07    6.47730e-08    3.53869e-08    1.69750e-08    8.59903e-09    4.00912e-09    1.65553e-09    9.01788e-10    5.27582e-10    3.27515e-10    2.66078e-10    2.07166e-10    1.53390e-10    1.06357e-10    6.28928e-11    4.11484e-11    2.19437e-11
+075 ||    5.92920e-07    1.31587e-06    1.45060e-06    1.51924e-06    1.36982e-06    1.24262e-06    1.40743e-06    1.73318e-06    1.75200e-06    1.53240e-06    1.25684e-06    1.01488e-06    8.18090e-07    6.56164e-07    5.18843e-07    4.00459e-07    2.98887e-07    2.13595e-07    1.45411e-07    9.49743e-08    5.83851e-08    3.30456e-08    1.65761e-08    8.60330e-09    4.24224e-09    1.79690e-09    9.65233e-10    5.03667e-10    2.86813e-10    2.08318e-10    1.50500e-10    1.17219e-10    8.63709e-11    5.85471e-11    3.81120e-11
+090 ||    2.14421e-06    2.54156e-06    2.29502e-06    2.01505e-06    1.65898e-06    1.60041e-06    1.59342e-06    1.62967e-06    1.62712e-06    1.45923e-06    1.23298e-06    1.00826e-06    8.11881e-07    6.46507e-07    5.05953e-07    3.84350e-07    2.81225e-07    1.96892e-07    1.31083e-07    8.21559e-08    4.76765e-08    2.48786e-08    1.13501e-08    5.84165e-09    2.74040e-09    1.26983e-09    7.93977e-10    5.07932e-10    3.50112e-10    2.62633e-10    1.85965e-10    1.29631e-10    8.56647e-11    5.04865e-11    3.10716e-11
+105 ||    3.69551e-06    3.81790e-06    3.21408e-06    2.61088e-06    1.94085e-06    1.97658e-06    1.95440e-06    1.71061e-06    1.51694e-06    1.35777e-06    1.18208e-06    9.92207e-07    8.08827e-07    6.43839e-07    4.99786e-07    3.74544e-07    2.67941e-07    1.81336e-07    1.15012e-07    6.72737e-08    3.51714e-08    1.54401e-08    6.20346e-09    2.49439e-09    1.03143e-09    7.04920e-10    6.09848e-10    5.15219e-10    4.20912e-10    3.14320e-10    2.17017e-10    1.36813e-10    8.33448e-11    4.12369e-11    2.43606e-11
+120 ||    4.48674e-06    3.91985e-06    3.29040e-06    2.77178e-06    2.24079e-06    2.16286e-06    2.09289e-06    1.92099e-06    1.68466e-06    1.39875e-06    1.09572e-06    8.31321e-07    6.18455e-07    4.55944e-07    3.30352e-07    2.30917e-07    1.53372e-07    9.53524e-08    5.44374e-08    2.75522e-08    1.27342e-08    5.21377e-09    1.83349e-09    6.41859e-10    4.06119e-10    3.39258e-10    2.79909e-10    2.25952e-10    1.67442e-10    1.14939e-10    7.11355e-11    4.35131e-11    2.17006e-11    1.25654e-11    5.27602e-12
+135 ||    5.27797e-06    4.02986e-06    3.38857e-06    2.97757e-06    2.57217e-06    2.36909e-06    2.24101e-06    2.15811e-06    1.87201e-06    1.44029e-06    1.00771e-06    6.73428e-07    4.50900e-07    2.99087e-07    1.95053e-07    1.23242e-07    7.39715e-08    4.13391e-08    2.10057e-08    9.42692e-09    3.55956e-09    1.03278e-09    2.42118e-10    1.25302e-10    7.08062e-11    4.47406e-11    3.39054e-11    2.56634e-11    1.82224e-11    1.16953e-11    7.19275e-12    3.58658e-12    2.18474e-12    9.84172e-13    6.08031e-13
+150 ||    4.17319e-06    3.50362e-06    3.13646e-06    2.88527e-06    2.64984e-06    2.51417e-06    2.37564e-06    2.17297e-06    1.79480e-06    1.34390e-06    9.40225e-07    6.19756e-07    3.95560e-07    2.42933e-07    1.41127e-07    7.65254e-08    3.80843e-08    1.73579e-08    7.27453e-09    2.71082e-09    8.40668e-10    2.34270e-10    1.26450e-10    7.47927e-11    4.24962e-11    2.27661e-11    1.41327e-11    9.11418e-12    5.54884e-12    3.51922e-12    2.12520e-12    1.17463e-12    7.42408e-13    4.37758e-13    3.02979e-13
+165 ||    3.06841e-06    3.01690e-06    2.95193e-06    2.88232e-06    2.79598e-06    2.68130e-06    2.47900e-06    2.19023e-06    1.78345e-06    1.32367e-06    9.03277e-07    5.69657e-07    3.30864e-07    1.82596e-07    9.20855e-08    4.14853e-08    1.67556e-08    6.50984e-09    2.46021e-09    8.16320e-10    2.50442e-10    1.51799e-10    8.14940e-11    3.78479e-11    1.33223e-11    4.23329e-12    2.88008e-12    2.08657e-12    1.77069e-12    1.30294e-12    8.72123e-13    6.42031e-13    4.41794e-13    3.40131e-13    2.38675e-13
+180 ||    3.11361e-06    2.99526e-06    2.89103e-06    2.77937e-06    2.63466e-06    2.44012e-06    2.19238e-06    1.87814e-06    1.47986e-06    1.06953e-06    7.09881e-07    4.43937e-07    2.56923e-07    1.35464e-07    6.84138e-08    3.38647e-08    1.67232e-08    8.44411e-09    4.21301e-09    1.92575e-09    7.35120e-10    2.36538e-10    6.08984e-11    9.53179e-12    2.23694e-12    1.42385e-12    1.07959e-12    1.08777e-12    1.88661e-12    2.11337e-12    1.54733e-12    1.08702e-12    7.22244e-13    4.42914e-13    3.17287e-13
+195 ||    3.15881e-06    2.96394e-06    2.83100e-06    2.67746e-06    2.46499e-06    2.20599e-06    1.93870e-06    1.63082e-06    1.27047e-06    9.12767e-07    6.10553e-07    3.75354e-07    2.18577e-07    1.19033e-07    6.30954e-08    3.33457e-08    1.76515e-08    9.42053e-09    4.70079e-09    1.99700e-09    6.45514e-10    1.18571e-10    7.20253e-12    8.93703e-13    1.19310e-13    9.52994e-14    3.29646e-13    2.50037e-12    3.40868e-12    2.48523e-12    1.72326e-12    1.08112e-12    6.40280e-13    4.32244e-13    2.26653e-13
+210 ||    2.61775e-06    2.42211e-06    2.33763e-06    2.24522e-06    2.12204e-06    1.96164e-06    1.76267e-06    1.50043e-06    1.18539e-06    8.68483e-07    5.96933e-07    3.84630e-07    2.43360e-07    1.51205e-07    9.66648e-08    6.52894e-08    4.63857e-08    3.35991e-08    2.35969e-08    1.54795e-08    9.15186e-09    4.60150e-09    1.67413e-09    5.15969e-10    1.18105e-10    5.26308e-12    2.16596e-12    4.19724e-12    5.95876e-12    7.31255e-12    7.06323e-12    5.93713e-12    4.69949e-12    3.38563e-12    2.24943e-12
+225 ||    2.07668e-06    1.88224e-06    1.84586e-06    1.81774e-06    1.78500e-06    1.72294e-06    1.58994e-06    1.37264e-06    1.10285e-06    8.26306e-07    5.85182e-07    3.95903e-07    2.68816e-07    1.83667e-07    1.30280e-07    9.72286e-08    7.51511e-08    5.79260e-08    4.28060e-08    2.94451e-08    1.82439e-08    9.58568e-09    3.57027e-09    1.27458e-09    2.71941e-10    1.08689e-11    4.26248e-12    5.90946e-12    8.67060e-12    1.24427e-11    1.23090e-11    1.06731e-11    8.42960e-12    5.95561e-12    4.11640e-12
+240 ||    1.88821e-06    1.53690e-06    1.50638e-06    1.46216e-06    1.38489e-06    1.26853e-06    1.10115e-06    8.97777e-07    6.90919e-07    5.04015e-07    3.55386e-07    2.42297e-07    1.66431e-07    1.15540e-07    8.26269e-08    6.14481e-08    4.68692e-08    3.55389e-08    2.59439e-08    1.77616e-08    1.10382e-08    5.82918e-09    2.38911e-09    9.00220e-10    1.83380e-10    6.99266e-12    2.76453e-12    3.00852e-12    4.55783e-12    6.93840e-12    7.37724e-12    6.84874e-12    5.65674e-12    4.18685e-12    3.02378e-12
+255 ||    1.69973e-06    1.19135e-06    1.16475e-06    1.09772e-06    9.71227e-07    7.96388e-07    5.90722e-07    4.00894e-07    2.59705e-07    1.66886e-07    1.12804e-07    7.88029e-08    5.77278e-08    4.26914e-08    3.15913e-08    2.32359e-08    1.67319e-08    1.15544e-08    7.57624e-09    4.67170e-09    2.63819e-09    1.27654e-09    5.07416e-10    1.86481e-10    3.62483e-11    2.20670e-12    4.45427e-13    3.14363e-13    7.88425e-13    1.71573e-12    2.41861e-12    3.03693e-12    2.81332e-12    2.37590e-12    1.87325e-12
+270 ||    1.06225e-06    6.85258e-07    6.48444e-07    6.05642e-07    5.35761e-07    4.41568e-07    3.31606e-07    2.29211e-07    1.51616e-07    9.93933e-08    6.83451e-08    4.81563e-08    3.54782e-08    2.64490e-08    1.97728e-08    1.47200e-08    1.07619e-08    7.58104e-09    5.08192e-09    3.20717e-09    1.85580e-09    9.21692e-10    3.70098e-10    1.32938e-10    2.39895e-11    1.08769e-12    1.72394e-13    1.64960e-13    4.41848e-13    9.18025e-13    1.27671e-12    1.61617e-12    1.44186e-12    1.26142e-12    9.72136e-13
+285 ||    4.24760e-07    1.79709e-07    1.30709e-07    1.08843e-07    9.36241e-08    7.83305e-08    6.32473e-08    4.96319e-08    3.82730e-08    2.90456e-08    2.18650e-08    1.63176e-08    1.24481e-08    9.62002e-09    7.51197e-09    5.86929e-09    4.53432e-09    3.41047e-09    2.44554e-09    1.64998e-09    1.01880e-09    5.39630e-10    2.10230e-10    7.20822e-11    1.12588e-11    4.14213e-14    4.62370e-18    4.62370e-18    1.91827e-16    3.03404e-15    4.58091e-14    1.00670e-13    1.93167e-13    2.69052e-13    2.06010e-13
+300 ||    1.19831e-06    1.02556e-06    1.01602e-06    1.00241e-06    9.53131e-07    8.70604e-07    7.48660e-07    6.08754e-07    4.62258e-07    3.25289e-07    2.11542e-07    1.27167e-07    7.76568e-08    4.88219e-08    3.13108e-08    2.07267e-08    1.45630e-08    1.03806e-08    7.46059e-09    5.40335e-09    3.79907e-09    2.53300e-09    1.59317e-09    9.34387e-10    6.57920e-10    9.85339e-10    1.95397e-09    2.32130e-09    2.09027e-09    1.54150e-09    1.17933e-09    8.58777e-10    7.27369e-10    5.95963e-10    4.58489e-10
+315 ||    1.97186e-06    1.87206e-06    1.90138e-06    1.89690e-06    1.81440e-06    1.66515e-06    1.43673e-06    1.17018e-06    8.87851e-07    6.22229e-07    4.01177e-07    2.37634e-07    1.42371e-07    8.75388e-08    5.46687e-08    3.52446e-08    2.43615e-08    1.71676e-08    1.23447e-08    9.06653e-09    6.49468e-09    4.46152e-09    2.92311e-09    1.73427e-09    1.29581e-09    2.05240e-09    3.92399e-09    4.64343e-09    4.20368e-09    3.11503e-09    2.40777e-09    1.74175e-09    1.48526e-09    1.22877e-09    9.61861e-10
+330 ||    2.36146e-06    2.09682e-06    2.10880e-06    2.11092e-06    2.07095e-06    1.96620e-06    1.75682e-06    1.45988e-06    1.11223e-06    7.80095e-07    5.01184e-07    2.98380e-07    1.72672e-07    1.00391e-07    6.06171e-08    3.91976e-08    2.75544e-08    1.96496e-08    1.39197e-08    9.51007e-09    6.02630e-09    3.54308e-09    1.87638e-09    8.57189e-10    6.65232e-10    1.26722e-09    2.03950e-09    2.39053e-09    2.01148e-09    1.50739e-09    1.16184e-09    8.58262e-10    7.31924e-10    6.05587e-10    4.72952e-10
+345 ||    2.75105e-06    2.32064e-06    2.31582e-06    2.32871e-06    2.33687e-06    2.27631e-06    2.08603e-06    1.75572e-06    1.34134e-06    9.41348e-07    6.03647e-07    3.59295e-07    2.02448e-07    1.12909e-07    6.66597e-08    4.40339e-08    3.10379e-08    2.22706e-08    1.54638e-08    9.61487e-09    5.29203e-09    2.50563e-09    9.39185e-10    2.36840e-10    3.70046e-11    6.16507e-12    4.49206e-17    1.23997e-16    8.18828e-15    1.57713e-14    2.14028e-14    2.46397e-14    2.08167e-14    1.69937e-14    1.28583e-14
+360 ||    2.44399e-06    2.25030e-06    2.28472e-06    2.35694e-06    2.50429e-06    2.68546e-06    2.73458e-06    2.53555e-06    2.12367e-06    1.61761e-06    1.13005e-06    7.25571e-07    4.35597e-07    2.47415e-07    1.33626e-07    6.88286e-08    3.41233e-08    1.73741e-08    1.01099e-08    6.44299e-09    3.92519e-09    2.02875e-09    8.60277e-10    3.51427e-10    9.49366e-11    8.19000e-12    2.15846e-12    1.66117e-14    6.02521e-15    9.17458e-15    1.18091e-14    1.29948e-14    1.34942e-14    1.12985e-14    9.10284e-15
##########################################################################################
### MCD_v6.1 with Martian Year 35 scenario.
### Latitude 83.8N. Longitude 235.0E. Local time 12.0h
### --------------------------------------------------------------------------------------
### Column 1 is Areocentric longitude (degrees)
### Columns 2+ are Water ice mixing ratio (mol/mol)
### Line 1 is height above surface (m)
### --------------------------------------------------------------------------------------
### Retrieved on: 2024-06-07T22:17:04.049167
### Mars Climate Database (c) LMD/OU/IAA/ESA/CNES
##########################################################################################
---- ||    0.00000e+00    1.47059e+03    2.94118e+03    4.41176e+03    5.88235e+03    7.35294e+03    8.82353e+03    1.02941e+04    1.17647e+04    1.32353e+04    1.47059e+04    1.61765e+04    1.76471e+04    1.91176e+04    2.05882e+04    2.20588e+04    2.35294e+04    2.50000e+04    2.64706e+04    2.79412e+04    2.94118e+04    3.08824e+04    3.23529e+04    3.38235e+04    3.52941e+04    3.67647e+04    3.82353e+04    3.97059e+04    4.11765e+04    4.26471e+04    4.41176e+04    4.55882e+04    4.70588e+04    4.85294e+04    5.00000e+04
-----------------------------------
+000 ||    6.79829e-05    7.06146e-05    7.38793e-05    7.42380e-05    6.94929e-05    5.99354e-05    4.80817e-05    3.77365e-05    3.08134e-05    2.63240e-05    2.30423e-05    2.02100e-05    1.77198e-05    1.54972e-05    1.33621e-05    1.12870e-05    9.33443e-06    7.50394e-06    5.83536e-06    4.42521e-06    3.30335e-06    2.42513e-06    1.81222e-06    1.35849e-06    1.01631e-06    7.68073e-07    5.93212e-07    4.48750e-07    3.27298e-07    2.45519e-07    1.68916e-07    1.07108e-07    5.43465e-08    2.97670e-08    5.18751e-09
+015 ||    8.38023e-05    9.49001e-05    9.99200e-05    9.96654e-05    8.95161e-05    7.04937e-05    4.80162e-05    2.99664e-05    1.86609e-05    1.22179e-05    8.14736e-06    5.26606e-06    3.13683e-06    1.76263e-06    1.06770e-06    7.50963e-07    6.23101e-07    5.57596e-07    4.90305e-07    3.86883e-07    2.82131e-07    2.00643e-07    1.30678e-07    6.87817e-08    3.01650e-08    9.50894e-09    5.51661e-10    1.54046e-10    1.68056e-11    7.01905e-12    3.47145e-12    4.42465e-13    2.29885e-13    2.31066e-14    1.35630e-14
+030 ||    9.65716e-05    1.40277e-04    1.44575e-04    1.40174e-04    1.21654e-04    9.10284e-05    5.79354e-05    3.22537e-05    1.68047e-05    9.54865e-06    5.90756e-06    3.81320e-06    2.47800e-06    1.54809e-06    9.66683e-07    6.45191e-07    4.80052e-07    3.98821e-07    3.51357e-07    3.09001e-07    2.49023e-07    1.81400e-07    1.24604e-07    7.89964e-08    4.60936e-08    2.36283e-08    7.48728e-09    2.33505e-09    1.98592e-10    1.16820e-11    6.98637e-12    3.08865e-12    1.39889e-12    2.05961e-13    1.04310e-13
+045 ||    1.09341e-04    1.85621e-04    1.89440e-04    1.81330e-04    1.55579e-04    1.14153e-04    7.02972e-05    3.57998e-05    1.65219e-05    6.68383e-06    2.94386e-06    1.39496e-06    9.32905e-07    6.89125e-07    5.09961e-07    3.82830e-07    2.93060e-07    2.27460e-07    1.79969e-07    1.48096e-07    1.26905e-07    1.04998e-07    7.26217e-08    3.94063e-08    1.37303e-08    4.69263e-09    4.18083e-10    1.32068e-10    1.30708e-12    1.24443e-13    1.70646e-16    0.00000e+00    0.00000e+00    0.00000e+00    0.00000e+00
+060 ||    1.46898e-04    2.86726e-04    2.86323e-04    2.72785e-04    2.30469e-04    1.68760e-04    9.85184e-05    4.57861e-05    1.60539e-05    5.97437e-06    2.30163e-06    1.03860e-06    6.07920e-07    4.61618e-07    3.49687e-07    2.67689e-07    2.06916e-07    1.53051e-07    1.13132e-07    8.81239e-08    7.33094e-08    6.31329e-08    5.26031e-08    3.71667e-08    2.07606e-08    8.35303e-09    2.73756e-09    2.34225e-10    9.45932e-11    7.83969e-13    2.01717e-13    1.11667e-16    5.27156e-18    0.00000e+00    0.00000e+00
+075 ||    1.84455e-04    3.88068e-04    3.83421e-04    3.63696e-04    3.04946e-04    2.24283e-04    1.29480e-04    5.66538e-05    1.69406e-05    3.79730e-06    3.28102e-07    3.06942e-08    5.75814e-08    8.60034e-08    9.28847e-08    7.65564e-08    6.60818e-08    5.17211e-08    2.00341e-08    4.39476e-09    1.63522e-10    2.19379e-13    3.01565e-17    6.83553e-18    4.58184e-25    0.00000e+00    0.00000e+00    0.00000e+00    0.00000e+00    0.00000e+00    0.00000e+00    0.00000e+00    0.00000e+00    0.00000e+00    0.00000e+00
+090 ||    3.25108e-04    4.87229e-04    4.62773e-04    4.38556e-04    3.76344e-04    2.61737e-04    1.63903e-04    1.00883e-04    5.00816e-05    2.35479e-05    1.01127e-05    4.38114e-06    2.78570e-06    1.83246e-06    9.85293e-07    4.15370e-07    1.71543e-07    6.64922e-08    2.06029e-08    4.10019e-09    1.10977e-10    1.31392e-13    2.81464e-15    4.73904e-18    2.53278e-25    0.00000e+00    0.00000e+00    0.00000e+00    0.00000e+00    0.00000e+00    0.00000e+00    0.00000e+00    0.00000e+00    0.00000e+00    0.00000e+00
+105 ||    4.65761e-04    5.94073e-04    5.43878e-04    5.14072e-04    4.52753e-04    3.11663e-04    1.93524e-04    1.39781e-04    9.23612e-05    5.18168e-05    2.59700e-05    1.13943e-05    6.41215e-06    4.26701e-06    2.44967e-06    1.11123e-06    4.16669e-07    1.26647e-07    2.42808e-08    1.01850e-09    1.73463e-12    2.30313e-15    3.42672e-16    0.00000e+00    0.00000e+00    0.00000e+00    0.00000e+00    0.00000e+00    0.00000e+00    0.00000e+00    0.00000e+00    0.00000e+00    0.00000e+00    0.00000e+00    0.00000e+00
+120 ||    4.22429e-04    5.15751e-04    4.67942e-04    4.52998e-04    4.39598e-04    3.82248e-04    3.20660e-04    2.50904e-04    1.56223e-04    6.81805e-05    2.32055e-05    8.45860e-06    4.99841e-06    3.13730e-06    1.59043e-06    6.77304e-07    2.80814e-07    1.06788e-07    5.48273e-08    4.25263e-08    3.23563e-08    2.17745e-08    1.23097e-08    5.21265e-09    1.20503e-09    4.00973e-10    2.85362e-11    1.92219e-14    7.14439e-15    0.00000e+00    0.00000e+00    0.00000e+00    0.00000e+00    0.00000e+00    0.00000e+00
+135 ||    3.79097e-04    4.36583e-04    3.92668e-04    3.88971e-04    4.19844e-04    4.46544e-04    4.53115e-04    3.72819e-04    2.25283e-04    8.42920e-05    2.08137e-05    6.29949e-06    4.05327e-06    2.39046e-06    1.16952e-06    5.50258e-07    2.59863e-07    1.36780e-07    9.52381e-08    7.28394e-08    5.11868e-08    3.02503e-08    1.26829e-08    4.37553e-09    1.13135e-09    6.71479e-11    7.80322e-12    1.70890e-14    0.00000e+00    0.00000e+00    0.00000e+00    0.00000e+00    0.00000e+00    0.00000e+00    0.00000e+00
+150 ||    4.08820e-04    4.48341e-04    4.16799e-04    4.10520e-04    4.21669e-04    4.20187e-04    3.81056e-04    2.69109e-04    1.29369e-04    3.81555e-05    1.08161e-05    4.04465e-06    2.09863e-06    1.14932e-06    6.64834e-07    4.09381e-07    2.85353e-07    2.34726e-07    2.11182e-07    1.92648e-07    1.67391e-07    1.33462e-07    9.52487e-08    5.84395e-08    3.36704e-08    1.74577e-08    1.00560e-08    5.17330e-09    1.68704e-09    5.53688e-10    5.92943e-11    1.06931e-11    6.54200e-13    1.05776e-13    2.58024e-17
+165 ||    4.38542e-04    4.62216e-04    4.42347e-04    4.26931e-04    4.12053e-04    3.77229e-04    3.05670e-04    1.92629e-04    8.20080e-05    2.35147e-05    6.26674e-06    2.11942e-06    1.10275e-06    8.10398e-07    5.89315e-07    4.52069e-07    3.82203e-07    3.52985e-07    3.38118e-07    3.08562e-07    2.53914e-07    1.82388e-07    1.07026e-07    6.03803e-08    3.16367e-08    1.65209e-08    7.87629e-09    2.64298e-09    3.20695e-10    8.26852e-11    1.97638e-12    8.58272e-13    7.18396e-17    3.58524e-17    0.00000e+00
+180 ||    3.19991e-04    3.30991e-04    3.15869e-04    3.02163e-04    2.82128e-04    2.43071e-04    1.83163e-04    1.06878e-04    4.65713e-05    2.07300e-05    1.03760e-05    6.37046e-06    4.26863e-06    3.05419e-06    2.33240e-06    1.86233e-06    1.51402e-06    1.24384e-06    1.00371e-06    7.65214e-07    5.30681e-07    3.52300e-07    2.24608e-07    1.36745e-07    8.04758e-08    5.08658e-08    3.00971e-08    1.50243e-08    6.57099e-09    1.31370e-09    4.85474e-10    7.03112e-11    2.83642e-11    1.20493e-12    6.46719e-13
+195 ||    2.01440e-04    1.99994e-04    1.91153e-04    1.79078e-04    1.54262e-04    1.22252e-04    9.06545e-05    6.18144e-05    3.94765e-05    2.41756e-05    1.50706e-05    9.47322e-06    6.53733e-06    4.81479e-06    3.72074e-06    2.94328e-06    2.34813e-06    1.85775e-06    1.41013e-06    9.93442e-07    6.71357e-07    4.34192e-07    2.64137e-07    1.58907e-07    1.02024e-07    6.10385e-08    3.10544e-08    1.36330e-08    2.62212e-09    9.12806e-10    1.35220e-10    4.90308e-11    2.28021e-12    1.14042e-12    1.92036e-14
+210 ||    1.31750e-04    1.31147e-04    1.26372e-04    1.19723e-04    1.06262e-04    8.92683e-05    7.21358e-05    5.62223e-05    4.36358e-05    3.45866e-05    2.84847e-05    2.39855e-05    2.06756e-05    1.79178e-05    1.55486e-05    1.34448e-05    1.15240e-05    9.76998e-06    8.19286e-06    6.70782e-06    5.21856e-06    3.75852e-06    2.39969e-06    1.34974e-06    6.55363e-07    2.33148e-07    5.39366e-08    2.25308e-08    3.97157e-09    1.60592e-09    5.60521e-10    2.37200e-10    8.10173e-11    3.90356e-11    5.31213e-12
+225 ||    6.20595e-05    6.24217e-05    6.17428e-05    6.07935e-05    5.91160e-05    5.71463e-05    5.43201e-05    5.11429e-05    4.81103e-05    4.51560e-05    4.19957e-05    3.85371e-05    3.47880e-05    3.09891e-05    2.73536e-05    2.39416e-05    2.07188e-05    1.77274e-05    1.50437e-05    1.25181e-05    9.91789e-06    7.27995e-06    4.72183e-06    2.73881e-06    1.30989e-06    4.24743e-07    8.58044e-08    3.11875e-08    5.26340e-09    2.20419e-09    9.40224e-10    3.66789e-10    1.47598e-10    6.27615e-11    9.80193e-12
+240 ||    4.75089e-05    4.31300e-05    4.27244e-05    4.19092e-05    4.05356e-05    3.89709e-05    3.70640e-05    3.50837e-05    3.33200e-05    3.16706e-05    2.98222e-05    2.76516e-05    2.51748e-05    2.26615e-05    2.03314e-05    1.82892e-05    1.65464e-05    1.50719e-05    1.37307e-05    1.20844e-05    9.89951e-06    7.35032e-06    4.85124e-06    3.00298e-06    1.63636e-06    7.54367e-07    3.53403e-07    1.67602e-07    6.11320e-08    2.44861e-08    8.54226e-09    2.91175e-09    9.06516e-10    4.19672e-10    1.12134e-10
+255 ||    3.29583e-05    2.38349e-05    2.36765e-05    2.29072e-05    2.18041e-05    2.06435e-05    1.96312e-05    1.88641e-05    1.83918e-05    1.80268e-05    1.74551e-05    1.65228e-05    1.52816e-05    1.40491e-05    1.30343e-05    1.23724e-05    1.21154e-05    1.21602e-05    1.21619e-05    1.13738e-05    9.57075e-06    7.11732e-06    4.69944e-06    3.02041e-06    1.81367e-06    1.04787e-06    5.82973e-07    2.96856e-07    1.14514e-07    4.28549e-08    1.53550e-08    4.49043e-09    1.57246e-09    6.72466e-10    2.03054e-10
+270 ||    2.27329e-05    1.44572e-05    1.38266e-05    1.33813e-05    1.28833e-05    1.23807e-05    1.19485e-05    1.16203e-05    1.14234e-05    1.12861e-05    1.10401e-05    1.05924e-05    9.94429e-06    9.28678e-06    8.77201e-06    8.49686e-06    8.49464e-06    8.75163e-06    9.04577e-06    8.76272e-06    7.56130e-06    5.64441e-06    3.56821e-06    2.17249e-06    1.20858e-06    6.34146e-07    3.21665e-07    1.57924e-07    6.10976e-08    1.98228e-08    8.26749e-09    1.57428e-09    8.97133e-10    2.91720e-10    1.16658e-10
+285 ||    1.25074e-05    5.10260e-06    3.95766e-06    3.81514e-06    3.91765e-06    4.07507e-06    4.23016e-06    4.35096e-06    4.44217e-06    4.52818e-06    4.59745e-06    4.61374e-06    4.55246e-06    4.47653e-06    4.47648e-06    4.60686e-06    4.87932e-06    5.36805e-06    5.95691e-06    6.12604e-06    5.44084e-06    4.04052e-06    2.31340e-06    1.25930e-06    5.81794e-07    2.22906e-07    7.09084e-08    3.31931e-08    1.34495e-08    4.65772e-09    2.40544e-09    6.29684e-10    3.37794e-10    7.40269e-11    4.54528e-11
+300 ||    2.16784e-05    1.55874e-05    1.48878e-05    1.45893e-05    1.40990e-05    1.33104e-05    1.23171e-05    1.11757e-05    9.98659e-06    8.89724e-06    8.03251e-06    7.41308e-06    7.04004e-06    6.80507e-06    6.66028e-06    6.54664e-06    6.44393e-06    6.44897e-06    6.52507e-06    6.31695e-06    5.57598e-06    4.46898e-06    3.24143e-06    2.37867e-06    1.65817e-06    1.07815e-06    6.34240e-07    3.85767e-07    2.08501e-07    7.42225e-08    3.67188e-08    5.49576e-09    2.81101e-09    1.26267e-10    6.52632e-11
+315 ||    3.08494e-05    2.60816e-05    2.58229e-05    2.53761e-05    2.42984e-05    2.25673e-05    2.04245e-05    1.80176e-05    1.55421e-05    1.32692e-05    1.14648e-05    1.02103e-05    9.52607e-06    9.13164e-06    8.83735e-06    8.46998e-06    7.97880e-06    7.48301e-06    7.03772e-06    6.48127e-06    5.76230e-06    4.98858e-06    4.24306e-06    3.53808e-06    2.72205e-06    1.91220e-06    1.18920e-06    7.38731e-07    4.09143e-07    1.47219e-07    7.58757e-08    1.08120e-08    5.85155e-09    8.91101e-10    8.94693e-11
+330 ||    5.11102e-05    4.46265e-05    4.50083e-05    4.49932e-05    4.16233e-05    3.70750e-05    3.15344e-05    2.62624e-05    2.18740e-05    1.83613e-05    1.55141e-05    1.31982e-05    1.14024e-05    1.00149e-05    8.84644e-06    7.69098e-06    6.52429e-06    5.47177e-06    4.65427e-06    3.99827e-06    3.37600e-06    2.82025e-06    2.32574e-06    1.88082e-06    1.37052e-06    9.29006e-07    5.74071e-07    3.35461e-07    1.85923e-07    6.85660e-08    3.37686e-08    5.16615e-09    2.72083e-09    2.75524e-10    4.33781e-11
+345 ||    7.13710e-05    6.31918e-05    6.42370e-05    6.45458e-05    5.88435e-05    5.14116e-05    4.24796e-05    3.44047e-05    2.81585e-05    2.34304e-05    1.95226e-05    1.60922e-05    1.31700e-05    1.07836e-05    8.73784e-06    6.80135e-06    4.97378e-06    3.39338e-06    2.23834e-06    1.51368e-06    1.07826e-06    7.68812e-07    5.44993e-07    3.68981e-07    1.97492e-07    1.07742e-07    4.93462e-08    1.26427e-08    5.31677e-09    2.34509e-10    1.05592e-10    8.34351e-12    4.45937e-12    5.75249e-13    2.27056e-13
+360 ||    7.75866e-05    7.90551e-05    8.21331e-05    8.19186e-05    7.37171e-05    6.01956e-05    4.44101e-05    3.14302e-05    2.30585e-05    1.76138e-05    1.37988e-05    1.06843e-05    8.25463e-06    6.49142e-06    5.19284e-06    4.12520e-06    3.16666e-06    2.30745e-06    1.61028e-06    1.11334e-06    7.78583e-07    5.46779e-07    3.79022e-07    2.66196e-07    1.69798e-07    8.68614e-08    4.78403e-08    2.26245e-08    5.77365e-09    2.52814e-09    1.17112e-10    5.45436e-11    4.29111e-12    2.39830e-12    5.05478e-13
