##########################################################################################
### MCD_v6.1 with Martian Year 32 scenario.
### Latitude 83.8N. Longitude 235.0E. Local time 12.0h
### --------------------------------------------------------------------------------------
### Column 1 is Areocentric longitude (degrees)
### Columns 2+ are Pressure (Pa)
### Line 1 is height above surface (m)
### --------------------------------------------------------------------------------------
### Retrieved on: 2024-06-07T22:16:58.113508
### Mars Climate Database (c) LMD/OU/IAA/ESA/CNES
##########################################################################################
---- ||    0.00000e+00    1.47059e+03    2.94118e+03    4.41176e+03    5.88235e+03    7.35294e+03    8.82353e+03    1.02941e+04    1.17647e+04    1.32353e+04    1.47059e+04    1.61765e+04    1.76471e+04    1.91176e+04    2.05882e+04    2.20588e+04    2.35294e+04    2.50000e+04    2.64706e+04    2.79412e+04    2.94118e+04    3.08824e+04    3.23529e+04    3.38235e+04    3.52941e+04    3.67647e+04    3.82353e+04    3.97059e+04    4.11765e+04    4.26471e+04    4.41176e+04    4.55882e+04    4.70588e+04    4.85294e+04    5.00000e+04
-----------------------------------
+000 ||    8.24852e+02    6.80598e+02    5.61173e+02    4.63029e+02    3.82972e+02    3.17241e+02    2.62634e+02    2.16977e+02    1.78805e+02    1.46991e+02    1.20505e+02    9.85752e+01    8.04503e+01    6.55222e+01    5.32705e+01    4.32414e+01    3.50526e+01    2.83835e+01    2.29660e+01    1.85761e+01    1.50268e+01    1.21613e+01    9.85803e+00    8.00636e+00    6.51488e+00    5.31620e+00    4.35403e+00    3.57537e+00    2.94488e+00    2.43677e+00    2.01873e+00    1.68262e+00    1.40248e+00    1.17553e+00    9.85628e-01
+015 ||    8.34621e+02    6.88633e+02    5.68013e+02    4.69667e+02    3.90677e+02    3.26299e+02    2.72530e+02    2.27095e+02    1.88678e+02    1.56242e+02    1.29025e+02    1.06240e+02    8.72814e+01    7.15576e+01    5.85535e+01    4.78376e+01    3.90393e+01    3.18364e+01    2.59543e+01    2.11620e+01    1.72676e+01    1.41064e+01    1.15398e+01    9.45668e+00    7.77253e+00    6.40016e+00    5.28313e+00    4.37667e+00    3.63287e+00    3.02434e+00    2.52516e+00    2.11181e+00    1.77233e+00    1.48913e+00    1.25447e+00
+030 ||    8.77178e+02    7.26334e+02    6.01867e+02    4.99945e+02    4.18375e+02    3.52819e+02    2.98460e+02    2.52340e+02    2.12857e+02    1.79121e+02    1.50302e+02    1.25792e+02    1.05026e+02    8.74835e+01    7.27041e+01    6.02980e+01    4.99230e+01    4.12731e+01    3.40814e+01    2.81168e+01    2.31855e+01    1.91172e+01    1.57652e+01    1.30075e+01    1.07445e+01    8.88256e+00    7.35546e+00    6.10155e+00    5.06754e+00    4.22014e+00    3.52008e+00    2.94073e+00    2.46322e+00    2.06469e+00    1.73581e+00
+045 ||    9.18172e+02    7.62754e+02    6.34699e+02    5.29397e+02    4.45258e+02    3.78512e+02    3.23776e+02    2.77232e+02    2.37122e+02    2.02399e+02    1.72365e+02    1.46451e+02    1.24137e+02    1.04964e+02    8.85353e+01    7.45138e+01    6.25843e+01    5.24662e+01    4.39046e+01    3.66834e+01    3.06132e+01    2.55241e+01    2.12665e+01    1.77086e+01    1.47440e+01    1.22761e+01    1.02250e+01    8.52160e+00    7.10563e+00    5.93269e+00    4.95656e+00    4.14693e+00    3.47363e+00    2.91200e+00    2.44554e+00
+060 ||    9.04027e+02    7.60532e+02    6.41460e+02    5.41181e+02    4.57611e+02    3.89408e+02    3.33616e+02    2.86699e+02    2.46467e+02    2.11687e+02    1.81503e+02    1.55248e+02    1.32468e+02    1.12754e+02    9.57372e+01    8.10905e+01    6.85242e+01    5.77794e+01    4.86232e+01    4.08466e+01    3.42620e+01    2.86923e+01    2.40032e+01    2.00654e+01    1.67635e+01    1.39975e+01    1.16877e+01    9.75909e+00    8.15243e+00    6.81170e+00    5.69672e+00    4.76673e+00    3.99125e+00    3.34549e+00    2.80516e+00
+075 ||    8.71719e+02    7.43076e+02    6.35755e+02    5.43263e+02    4.63299e+02    3.95422e+02    3.39323e+02    2.92546e+02    2.52645e+02    2.18264e+02    1.88339e+02    1.62205e+02    1.39380e+02    1.19470e+02    1.02139e+02    8.70908e+01    7.40674e+01    6.28358e+01    5.31853e+01    4.49241e+01    3.78771e+01    3.18853e+01    2.68055e+01    2.24996e+01    1.88681e+01    1.58125e+01    1.32420e+01    1.10861e+01    9.27979e+00    7.76842e+00    6.50405e+00    5.44701e+00    4.56356e+00    3.82422e+00    3.20670e+00
+090 ||    8.40129e+02    7.26191e+02    6.28728e+02    5.43659e+02    4.69144e+02    4.04242e+02    3.48618e+02    3.01212e+02    2.60422e+02    2.25052e+02    1.94221e+02    1.67231e+02    1.43634e+02    1.23050e+02    1.05134e+02    8.95806e+01    7.61182e+01    6.45026e+01    5.45159e+01    4.59629e+01    3.86670e+01    3.24673e+01    2.72101e+01    2.27722e+01    1.90408e+01    1.59099e+01    1.32852e+01    1.10926e+01    9.26131e+00    7.73545e+00    6.46267e+00    5.40201e+00    4.51865e+00    3.78121e+00    3.16738e+00
+105 ||    8.01168e+02    7.03079e+02    6.16597e+02    5.40011e+02    4.71997e+02    4.11495e+02    3.57877e+02    3.10635e+02    2.69220e+02    2.32984e+02    2.01113e+02    1.73180e+02    1.48744e+02    1.27409e+02    1.08804e+02    9.26470e+01    7.86623e+01    6.65926e+01    5.62089e+01    4.73093e+01    3.97111e+01    3.32471e+01    2.77828e+01    2.31833e+01    1.93252e+01    1.60966e+01    1.34017e+01    1.11587e+01    9.29220e+00    7.74329e+00    6.45528e+00    5.38550e+00    4.49764e+00    3.75834e+00    3.14498e+00
+120 ||    7.67229e+02    6.71692e+02    5.87904e+02    5.13854e+02    4.48224e+02    3.90018e+02    3.38438e+02    2.92931e+02    2.52962e+02    2.17824e+02    1.87013e+02    1.60082e+02    1.36547e+02    1.16111e+02    9.84343e+01    8.32018e+01    7.01235e+01    5.89367e+01    4.94055e+01    4.13185e+01    3.44861e+01    2.87369e+01    2.39169e+01    1.98878e+01    1.65269e+01    1.37335e+01    1.14140e+01    9.49018e+00    7.89768e+00    6.57631e+00    5.48271e+00    4.57661e+00    3.82316e+00    3.20049e+00    2.68135e+00
+135 ||    7.45593e+02    6.51095e+02    5.68677e+02    4.96074e+02    4.31922e+02    3.75134e+02    3.24851e+02    2.80362e+02    2.41173e+02    2.06619e+02    1.76403e+02    1.49995e+02    1.27068e+02    1.07281e+02    9.02843e+01    7.57435e+01    6.33665e+01    5.28895e+01    4.40577e+01    3.66409e+01    3.04336e+01    2.52514e+01    2.09398e+01    1.73610e+01    1.43949e+01    1.19385e+01    9.91081e+00    8.23424e+00    6.84652e+00    5.70397e+00    4.75725e+00    3.97302e+00    3.32578e+00    2.78610e+00    2.34061e+00
+150 ||    7.21005e+02    6.22306e+02    5.36049e+02    4.60521e+02    3.94435e+02    3.36907e+02    2.87078e+02    2.44159e+02    2.07295e+02    1.75586e+02    1.48332e+02    1.24905e+02    1.04869e+02    8.77925e+01    7.32788e+01    6.10090e+01    5.06849e+01    4.20317e+01    3.48051e+01    2.87897e+01    2.37967e+01    1.96619e+01    1.62466e+01    1.34301e+01    1.11087e+01    9.19648e+00    7.62594e+00    6.33083e+00    5.26303e+00    4.38578e+00    3.65921e+00    3.05963e+00    2.56322e+00    2.15049e+00    1.80841e+00
+165 ||    7.12346e+02    6.07222e+02    5.15288e+02    4.35567e+02    3.66786e+02    3.08095e+02    2.58580e+02    2.17155e+02    1.82373e+02    1.52991e+02    1.28107e+02    1.06978e+02    8.91107e+01    7.40444e+01    6.13781e+01    5.07672e+01    4.19201e+01    3.45689e+01    2.84798e+01    2.34503e+01    1.93055e+01    1.58983e+01    1.31011e+01    1.08058e+01    8.92122e+00    7.38096e+00    6.11591e+00    5.07462e+00    4.22234e+00    3.51916e+00    2.93792e+00    2.45982e+00    2.06104e+00    1.73279e+00    1.45744e+00
+180 ||    7.22238e+02    6.05859e+02    5.06666e+02    4.23006e+02    3.53069e+02    2.94662e+02    2.45829e+02    2.04968e+02    1.70660e+02    1.41785e+02    1.17507e+02    9.71178e+01    8.00468e+01    6.58216e+01    5.40075e+01    4.42291e+01    3.61618e+01    2.95299e+01    2.40948e+01    1.96532e+01    1.60339e+01    1.30909e+01    1.07005e+01    8.75842e+00    7.18563e+00    5.90921e+00    4.86891e+00    4.02206e+00    3.33294e+00    2.76595e+00    2.30436e+00    1.92244e+00    1.60945e+00    1.34854e+00    1.13458e+00
+195 ||    7.45888e+02    6.16034e+02    5.08145e+02    4.19540e+02    3.47578e+02    2.88411e+02    2.39127e+02    1.97859e+02    1.63301e+02    1.34414e+02    1.10302e+02    9.02750e+01    7.36957e+01    6.00080e+01    4.87636e+01    3.95547e+01    3.20358e+01    2.59161e+01    2.09510e+01    1.69358e+01    1.36980e+01    1.10921e+01    8.99573e+00    7.31856e+00    5.96897e+00    4.88019e+00    4.00236e+00    3.29498e+00    2.71817e+00    2.25164e+00    1.86989e+00    1.55816e+00    1.30131e+00    1.09100e+00    9.14685e-01
+210 ||    7.81786e+02    6.45378e+02    5.32174e+02    4.38860e+02    3.62281e+02    2.99066e+02    2.46531e+02    2.02792e+02    1.66428e+02    1.36278e+02    1.11314e+02    9.07381e+01    7.37897e+01    5.98941e+01    4.85279e+01    3.92519e+01    3.16995e+01    2.55654e+01    2.05966e+01    1.65842e+01    1.33559e+01    1.07680e+01    8.69718e+00    7.04650e+00    5.73499e+00    4.68425e+00    3.83843e+00    3.16426e+00    2.61594e+00    2.17096e+00    1.80964e+00    1.51262e+00    1.26898e+00    1.06814e+00    8.99583e-01
+225 ||    8.17416e+02    6.74496e+02    5.56016e+02    4.58052e+02    3.76903e+02    3.09658e+02    2.53898e+02    2.07746e+02    1.69621e+02    1.38235e+02    1.12454e+02    9.13192e+01    7.40278e+01    5.99151e+01    4.84145e+01    3.90560e+01    3.14539e+01    2.52926e+01    2.03094e+01    1.62884e+01    1.30602e+01    1.04837e+01    8.43483e+00    6.80695e+00    5.52952e+00    4.51420e+00    3.70088e+00    3.05231e+00    2.52991e+00    2.10352e+00    1.76057e+00    1.47624e+00    1.24421e+00    1.05152e+00    8.89643e-01
+240 ||    8.76029e+02    7.23698e+02    5.96662e+02    4.91442e+02    4.04178e+02    3.31898e+02    2.72055e+02    2.22577e+02    1.81759e+02    1.48170e+02    1.20569e+02    9.79477e+01    7.94230e+01    6.42976e+01    5.19667e+01    4.19304e+01    3.37758e+01    2.71627e+01    2.18112e+01    1.74928e+01    1.40201e+01    1.12382e+01    9.01517e+00    7.25068e+00    5.85404e+00    4.74498e+00    3.86156e+00    3.16570e+00    2.60452e+00    2.15244e+00    1.78934e+00    1.49183e+00    1.25015e+00    1.05112e+00    8.84989e-01
+255 ||    9.15938e+02    7.57461e+02    6.24576e+02    5.14269e+02    4.22707e+02    3.46885e+02    2.84190e+02    2.32443e+02    1.89795e+02    1.54721e+02    1.25912e+02    1.02296e+02    8.29568e+01    6.71626e+01    5.42835e+01    4.37989e+01    3.52790e+01    2.83694e+01    2.27781e+01    1.82656e+01    1.46338e+01    1.17186e+01    9.38294e+00    7.52277e+00    6.04404e+00    4.86998e+00    3.94063e+00    3.20913e+00    2.62339e+00    2.15491e+00    1.78100e+00    1.47636e+00    1.23128e+00    1.02991e+00    8.63687e-01
+270 ||    9.12712e+02    7.56187e+02    6.24064e+02    5.14110e+02    4.22662e+02    3.46871e+02    2.84178e+02    2.32413e+02    1.89751e+02    1.54668e+02    1.25846e+02    1.02231e+02    8.28887e+01    6.70948e+01    5.42182e+01    4.37369e+01    3.52202e+01    2.83129e+01    2.27229e+01    1.82100e+01    1.45761e+01    1.16580e+01    9.31957e+00    7.45469e+00    5.97218e+00    4.79550e+00    3.86207e+00    3.12967e+00    2.54664e+00    2.07987e+00    1.71239e+00    1.41173e+00    1.17389e+00    9.76907e-01    8.17309e-01
+285 ||    8.96908e+02    7.44509e+02    6.14961e+02    5.06798e+02    4.16689e+02    3.41951e+02    2.80107e+02    2.29034e+02    1.86946e+02    1.52338e+02    1.23916e+02    1.00631e+02    8.15672e+01    6.60048e+01    5.33203e+01    4.29978e+01    3.46114e+01    2.78106e+01    2.23069e+01    1.78629e+01    1.42834e+01    1.14084e+01    9.10536e+00    7.26639e+00    5.80483e+00    4.64546e+00    3.72692e+00    3.00341e+00    2.43380e+00    1.97833e+00    1.62202e+00    1.33270e+00    1.10340e+00    9.13556e-01    7.63119e-01
+300 ||    8.59533e+02    7.12316e+02    5.87888e+02    4.84200e+02    3.97958e+02    3.26492e+02    2.67381e+02    2.18590e+02    1.78381e+02    1.45323e+02    1.18188e+02    9.59535e+01    7.77602e+01    6.29111e+01    5.08105e+01    4.09658e+01    3.29697e+01    2.64897e+01    2.12476e+01    1.70173e+01    1.36119e+01    1.08784e+01    8.69034e+00    6.94290e+00    5.55642e+00    4.45890e+00    3.59064e+00    2.90355e+00    2.36488e+00    1.93217e+00    1.59017e+00    1.31239e+00    1.09013e+00    9.05844e-01    7.58733e-01
+315 ||    8.25977e+02    6.83307e+02    5.63462e+02    4.63821e+02    3.81072e+02    3.12556e+02    2.55922e+02    2.09192e+02    1.70679e+02    1.39020e+02    1.13043e+02    9.17562e+01    7.43455e+01    6.01375e+01    4.85615e+01    3.91433e+01    3.14979e+01    2.53059e+01    2.03016e+01    1.62643e+01    1.30156e+01    1.04090e+01    8.32379e+00    6.65948e+00    5.33849e+00    4.29712e+00    3.47427e+00    2.81978e+00    2.30802e+00    1.89501e+00    1.56547e+00    1.29745e+00    1.08124e+00    9.01553e-01    7.57152e-01
+330 ||    8.15160e+02    6.73513e+02    5.55176e+02    4.56922e+02    3.75413e+02    3.07972e+02    2.52307e+02    2.06413e+02    1.68580e+02    1.37431e+02    1.11834e+02    9.08205e+01    7.36154e+01    5.95633e+01    4.81076e+01    3.87821e+01    3.12116e+01    2.50806e+01    2.01272e+01    1.61345e+01    1.29264e+01    1.03575e+01    8.30523e+00    6.66794e+00    5.36833e+00    4.33970e+00    3.52208e+00    2.86928e+00    2.35480e+00    1.93717e+00    1.60401e+00    1.33069e+00    1.11079e+00    9.27232e-01    7.79045e-01
+345 ||    8.11213e+02    6.69410e+02    5.51596e+02    4.53942e+02    3.72999e+02    3.06083e+02    2.50921e+02    2.05474e+02    1.67993e+02    1.37089e+02    1.11646e+02    9.07250e+01    7.35716e+01    5.95488e+01    4.81094e+01    3.87938e+01    3.12280e+01    2.51004e+01    2.01506e+01    1.61636e+01    1.29650e+01    1.04085e+01    8.36859e+00    6.74136e+00    5.45102e+00    4.42439e+00    3.60362e+00    2.94720e+00    2.42418e+00    1.99771e+00    1.65798e+00    1.37652e+00    1.15097e+00    9.62376e-01    8.08363e-01
+360 ||    8.18542e+02    6.75360e+02    5.56629e+02    4.58891e+02    3.79139e+02    3.13749e+02    2.59572e+02    2.14411e+02    1.76709e+02    1.45304e+02    1.19161e+02    9.75105e+01    7.96084e+01    6.48582e+01    5.27470e+01    4.28290e+01    3.47286e+01    2.81306e+01    2.27707e+01    1.84278e+01    1.49169e+01    1.20826e+01    9.80435e+00    7.97234e+00    6.49578e+00    5.30814e+00    4.35481e+00    3.58242e+00    2.95661e+00    2.45117e+00    2.03479e+00    1.69900e+00    1.41895e+00    1.19120e+00    1.00071e+00
##########################################################################################
### MCD_v6.1 with Martian Year 32 scenario.
### Latitude 83.8N. Longitude 235.0E. Local time 12.0h
### --------------------------------------------------------------------------------------
### Column 1 is Areocentric longitude (degrees)
### Columns 2+ are Temperature (K)
### Line 1 is height above surface (m)
### --------------------------------------------------------------------------------------
### Retrieved on: 2024-06-07T22:16:58.115379
### Mars Climate Database (c) LMD/OU/IAA/ESA/CNES
##########################################################################################
---- ||    0.00000e+00    1.47059e+03    2.94118e+03    4.41176e+03    5.88235e+03    7.35294e+03    8.82353e+03    1.02941e+04    1.17647e+04    1.32353e+04    1.47059e+04    1.61765e+04    1.76471e+04    1.91176e+04    2.05882e+04    2.20588e+04    2.35294e+04    2.50000e+04    2.64706e+04    2.79412e+04    2.94118e+04    3.08824e+04    3.23529e+04    3.38235e+04    3.52941e+04    3.67647e+04    3.82353e+04    3.97059e+04    4.11765e+04    4.26471e+04    4.41176e+04    4.55882e+04    4.70588e+04    4.85294e+04    5.00000e+04
-----------------------------------
+000 ||    1.49566e+02    1.49089e+02    1.48669e+02    1.50146e+02    1.52144e+02    1.52392e+02    1.51007e+02    1.48939e+02    1.46792e+02    1.44724e+02    1.42819e+02    1.41065e+02    1.39495e+02    1.38103e+02    1.36871e+02    1.35805e+02    1.34924e+02    1.34253e+02    1.33821e+02    1.33667e+02    1.33822e+02    1.34295e+02    1.35261e+02    1.36567e+02    1.38137e+02    1.39988e+02    1.42064e+02    1.44262e+02    1.46586e+02    1.49057e+02    1.51564e+02    1.53875e+02    1.56186e+02    1.58161e+02    1.60116e+02
+015 ||    1.49740e+02    1.49401e+02    1.49481e+02    1.53379e+02    1.58314e+02    1.59753e+02    1.58228e+02    1.55598e+02    1.52793e+02    1.50190e+02    1.47856e+02    1.45827e+02    1.44038e+02    1.42480e+02    1.41171e+02    1.40126e+02    1.39358e+02    1.38880e+02    1.38696e+02    1.38841e+02    1.39337e+02    1.40136e+02    1.41194e+02    1.42518e+02    1.44131e+02    1.45878e+02    1.47784e+02    1.49805e+02    1.51855e+02    1.53930e+02    1.55966e+02    1.57980e+02    1.59854e+02    1.61684e+02    1.63289e+02
+030 ||    1.50141e+02    1.53010e+02    1.53468e+02    1.57420e+02    1.65443e+02    1.71107e+02    1.71823e+02    1.70006e+02    1.67410e+02    1.64691e+02    1.62053e+02    1.59560e+02    1.57236e+02    1.55099e+02    1.53176e+02    1.51481e+02    1.50021e+02    1.48809e+02    1.47855e+02    1.47193e+02    1.46800e+02    1.46668e+02    1.46771e+02    1.47155e+02    1.47827e+02    1.48652e+02    1.49716e+02    1.50945e+02    1.52275e+02    1.53728e+02    1.55199e+02    1.56688e+02    1.58144e+02    1.59591e+02    1.60923e+02
+045 ||    1.50542e+02    1.56597e+02    1.57427e+02    1.61276e+02    1.71639e+02    1.81547e+02    1.84843e+02    1.84058e+02    1.81947e+02    1.79334e+02    1.76584e+02    1.73827e+02    1.71130e+02    1.68548e+02    1.66127e+02    1.63886e+02    1.61847e+02    1.60022e+02    1.58437e+02    1.57096e+02    1.55983e+02    1.55088e+02    1.54394e+02    1.53966e+02    1.53778e+02    1.53743e+02    1.53985e+02    1.54381e+02    1.54915e+02    1.55648e+02    1.56447e+02    1.57343e+02    1.58255e+02    1.59179e+02    1.60079e+02
+060 ||    1.59385e+02    1.71925e+02    1.71577e+02    1.71448e+02    1.74679e+02    1.82620e+02    1.88495e+02    1.89875e+02    1.89282e+02    1.87293e+02    1.84588e+02    1.81645e+02    1.78660e+02    1.75719e+02    1.72887e+02    1.70222e+02    1.67765e+02    1.65541e+02    1.63560e+02    1.61818e+02    1.60305e+02    1.59074e+02    1.58064e+02    1.57246e+02    1.56605e+02    1.56264e+02    1.56071e+02    1.56069e+02    1.56268e+02    1.56542e+02    1.56983e+02    1.57465e+02    1.58002e+02    1.58553e+02    1.59108e+02
+075 ||    1.68228e+02    1.87092e+02    1.86217e+02    1.83565e+02    1.81112e+02    1.84312e+02    1.91530e+02    1.94749e+02    1.95834e+02    1.94941e+02    1.92469e+02    1.89485e+02    1.86313e+02    1.83087e+02    1.79899e+02    1.76839e+02    1.73972e+02    1.71348e+02    1.68987e+02    1.66890e+02    1.65047e+02    1.63437e+02    1.62037e+02    1.60910e+02    1.59972e+02    1.59187e+02    1.58629e+02    1.58281e+02    1.58040e+02    1.58032e+02    1.58062e+02    1.58174e+02    1.58332e+02    1.58513e+02    1.58698e+02
+090 ||    1.92548e+02    2.03446e+02    2.01965e+02    1.99349e+02    1.95819e+02    1.94139e+02    1.95606e+02    1.96998e+02    1.96578e+02    1.95007e+02    1.92326e+02    1.89169e+02    1.85843e+02    1.82503e+02    1.79214e+02    1.76012e+02    1.72924e+02    1.69996e+02    1.67286e+02    1.64847e+02    1.62708e+02    1.60871e+02    1.59389e+02    1.58226e+02    1.57310e+02    1.56605e+02    1.56215e+02    1.56020e+02    1.55964e+02    1.56130e+02    1.56347e+02    1.56659e+02    1.57053e+02    1.57484e+02    1.57959e+02
+105 ||    2.16867e+02    2.20231e+02    2.17906e+02    2.15222e+02    2.11316e+02    2.07429e+02    2.03758e+02    2.01095e+02    1.98943e+02    1.96148e+02    1.92637e+02    1.89138e+02    1.85622e+02    1.82108e+02    1.78694e+02    1.75371e+02    1.72106e+02    1.68908e+02    1.65845e+02    1.63018e+02    1.60533e+02    1.58479e+02    1.56831e+02    1.55561e+02    1.54627e+02    1.54011e+02    1.53773e+02    1.53731e+02    1.53874e+02    1.54217e+02    1.54628e+02    1.55146e+02    1.55781e+02    1.56469e+02    1.57239e+02
+120 ||    2.10367e+02    2.16572e+02    2.14531e+02    2.11775e+02    2.08013e+02    2.04057e+02    2.00021e+02    1.96491e+02    1.93058e+02    1.89215e+02    1.85205e+02    1.81323e+02    1.77580e+02    1.74037e+02    1.70716e+02    1.67611e+02    1.64711e+02    1.62040e+02    1.59645e+02    1.57576e+02    1.55855e+02    1.54483e+02    1.53443e+02    1.52708e+02    1.52353e+02    1.52255e+02    1.52362e+02    1.52707e+02    1.53238e+02    1.53865e+02    1.54647e+02    1.55545e+02    1.56511e+02    1.57582e+02    1.58673e+02
+135 ||    2.03866e+02    2.12933e+02    2.11225e+02    2.08734e+02    2.05181e+02    2.01095e+02    1.96630e+02    1.91948e+02    1.87212e+02    1.82547e+02    1.78031e+02    1.73794e+02    1.69900e+02    1.66366e+02    1.63203e+02    1.60433e+02    1.58058e+02    1.56044e+02    1.54372e+02    1.53019e+02    1.51962e+02    1.51225e+02    1.50773e+02    1.50578e+02    1.50614e+02    1.50859e+02    1.51411e+02    1.52102e+02    1.52922e+02    1.53970e+02    1.55107e+02    1.56354e+02    1.57704e+02    1.59079e+02    1.60489e+02
+150 ||    1.95044e+02    1.95739e+02    1.92429e+02    1.88854e+02    1.84988e+02    1.81558e+02    1.78593e+02    1.76256e+02    1.73693e+02    1.70744e+02    1.67606e+02    1.64433e+02    1.61422e+02    1.58657e+02    1.56214e+02    1.54102e+02    1.52316e+02    1.50853e+02    1.49702e+02    1.48852e+02    1.48287e+02    1.48020e+02    1.48050e+02    1.48322e+02    1.48806e+02    1.49506e+02    1.50452e+02    1.51523e+02    1.52735e+02    1.54099e+02    1.55515e+02    1.57004e+02    1.58506e+02    1.60017e+02    1.61474e+02
+165 ||    1.86222e+02    1.78228e+02    1.73556e+02    1.69373e+02    1.65975e+02    1.63954e+02    1.63822e+02    1.64141e+02    1.63385e+02    1.61723e+02    1.59484e+02    1.57040e+02    1.54675e+02    1.52496e+02    1.50574e+02    1.48956e+02    1.47636e+02    1.46619e+02    1.45905e+02    1.45485e+02    1.45368e+02    1.45553e+02    1.45991e+02    1.46653e+02    1.47511e+02    1.48653e+02    1.49931e+02    1.51320e+02    1.52844e+02    1.54412e+02    1.56020e+02    1.57633e+02    1.59247e+02    1.60768e+02    1.62278e+02
+180 ||    1.68743e+02    1.63626e+02    1.60859e+02    1.59435e+02    1.59239e+02    1.58664e+02    1.58231e+02    1.57284e+02    1.55602e+02    1.53461e+02    1.51127e+02    1.48837e+02    1.46731e+02    1.44842e+02    1.43195e+02    1.41802e+02    1.40685e+02    1.39851e+02    1.39313e+02    1.39111e+02    1.39254e+02    1.39730e+02    1.40514e+02    1.41565e+02    1.42921e+02    1.44458e+02    1.46108e+02    1.47873e+02    1.49733e+02    1.51630e+02    1.53591e+02    1.55544e+02    1.57478e+02    1.59366e+02    1.61031e+02
+195 ||    1.51263e+02    1.49437e+02    1.48884e+02    1.51014e+02    1.53443e+02    1.53488e+02    1.52066e+02    1.50039e+02    1.47794e+02    1.45503e+02    1.43294e+02    1.41228e+02    1.39361e+02    1.37722e+02    1.36279e+02    1.35042e+02    1.34040e+02    1.33315e+02    1.32922e+02    1.32919e+02    1.33328e+02    1.34135e+02    1.35307e+02    1.36888e+02    1.38640e+02    1.40530e+02    1.42549e+02    1.44700e+02    1.46912e+02    1.49238e+02    1.51587e+02    1.53965e+02    1.56234e+02    1.58314e+02    1.60394e+02
+210 ||    1.50214e+02    1.49007e+02    1.48503e+02    1.49168e+02    1.49856e+02    1.49161e+02    1.47584e+02    1.45723e+02    1.43831e+02    1.41970e+02    1.40201e+02    1.38547e+02    1.37034e+02    1.35646e+02    1.34369e+02    1.33218e+02    1.32204e+02    1.31361e+02    1.30750e+02    1.30484e+02    1.30695e+02    1.31509e+02    1.32938e+02    1.35062e+02    1.37648e+02    1.40386e+02    1.43207e+02    1.46042e+02    1.48963e+02    1.52000e+02    1.54941e+02    1.57821e+02    1.60477e+02    1.62929e+02    1.65329e+02
+225 ||    1.49166e+02    1.48577e+02    1.48123e+02    1.47330e+02    1.46229e+02    1.44795e+02    1.43119e+02    1.41479e+02    1.39992e+02    1.38589e+02    1.37273e+02    1.36028e+02    1.34827e+02    1.33664e+02    1.32528e+02    1.31429e+02    1.30368e+02    1.29363e+02    1.28475e+02    1.27914e+02    1.27951e+02    1.28885e+02    1.30726e+02    1.33417e+02    1.36912e+02    1.40495e+02    1.44094e+02    1.47580e+02    1.51217e+02    1.54950e+02    1.58392e+02    1.61753e+02    1.64751e+02    1.67556e+02    1.70240e+02
+240 ||    1.49213e+02    1.48621e+02    1.47940e+02    1.46996e+02    1.45804e+02    1.44468e+02    1.42999e+02    1.41541e+02    1.40158e+02    1.38822e+02    1.37531e+02    1.36282e+02    1.35065e+02    1.33879e+02    1.32717e+02    1.31591e+02    1.30511e+02    1.29494e+02    1.28595e+02    1.27936e+02    1.27641e+02    1.27869e+02    1.28699e+02    1.30483e+02    1.33008e+02    1.36025e+02    1.39417e+02    1.42734e+02    1.46174e+02    1.49771e+02    1.53315e+02    1.56834e+02    1.59950e+02    1.62804e+02    1.65541e+02
+255 ||    1.49259e+02    1.48665e+02    1.47715e+02    1.46536e+02    1.45242e+02    1.43972e+02    1.42706e+02    1.41433e+02    1.40164e+02    1.38902e+02    1.37644e+02    1.36395e+02    1.35165e+02    1.33957e+02    1.32773e+02    1.31624e+02    1.30532e+02    1.29510e+02    1.28607e+02    1.27896e+02    1.27393e+02    1.27162e+02    1.27259e+02    1.28168e+02    1.29756e+02    1.32073e+02    1.35210e+02    1.38340e+02    1.41592e+02    1.45037e+02    1.48639e+02    1.52318e+02    1.55475e+02    1.58378e+02    1.61116e+02
+270 ||    1.48603e+02    1.48302e+02    1.47535e+02    1.46477e+02    1.45211e+02    1.43943e+02    1.42662e+02    1.41375e+02    1.40095e+02    1.38825e+02    1.37563e+02    1.36310e+02    1.35078e+02    1.33864e+02    1.32670e+02    1.31500e+02    1.30366e+02    1.29287e+02    1.28296e+02    1.27438e+02    1.26741e+02    1.26275e+02    1.26096e+02    1.26647e+02    1.27793e+02    1.29594e+02    1.32066e+02    1.34956e+02    1.38122e+02    1.41537e+02    1.45227e+02    1.48964e+02    1.52003e+02    1.54977e+02    1.57675e+02
+285 ||    1.47946e+02    1.47933e+02    1.47316e+02    1.46327e+02    1.45089e+02    1.43824e+02    1.42527e+02    1.41226e+02    1.39936e+02    1.38658e+02    1.37392e+02    1.36137e+02    1.34902e+02    1.33684e+02    1.32482e+02    1.31292e+02    1.30118e+02    1.28985e+02    1.27912e+02    1.26913e+02    1.26030e+02    1.25350e+02    1.24943e+02    1.25111e+02    1.25835e+02    1.27142e+02    1.29053e+02    1.31692e+02    1.34868e+02    1.38288e+02    1.42080e+02    1.45709e+02    1.48754e+02    1.51798e+02    1.54483e+02
+300 ||    1.48148e+02    1.47906e+02    1.47158e+02    1.46114e+02    1.44893e+02    1.43669e+02    1.42399e+02    1.41096e+02    1.39811e+02    1.38541e+02    1.37281e+02    1.36030e+02    1.34795e+02    1.33580e+02    1.32386e+02    1.31220e+02    1.30089e+02    1.29009e+02    1.28014e+02    1.27125e+02    1.26373e+02    1.25852e+02    1.25662e+02    1.25956e+02    1.27123e+02    1.29035e+02    1.31574e+02    1.34631e+02    1.38080e+02    1.41613e+02    1.45251e+02    1.48672e+02    1.51594e+02    1.54498e+02    1.56990e+02
+315 ||    1.48349e+02    1.47875e+02    1.47008e+02    1.45925e+02    1.44726e+02    1.43542e+02    1.42299e+02    1.40992e+02    1.39712e+02    1.38450e+02    1.37195e+02    1.35946e+02    1.34711e+02    1.33498e+02    1.32314e+02    1.31175e+02    1.30090e+02    1.29071e+02    1.28152e+02    1.27376e+02    1.26758e+02    1.26390e+02    1.26421e+02    1.26986e+02    1.28510e+02    1.31072e+02    1.34184e+02    1.37648e+02    1.41267e+02    1.44842e+02    1.48330e+02    1.51564e+02    1.54366e+02    1.57133e+02    1.59438e+02
+330 ||    1.48788e+02    1.48235e+02    1.47275e+02    1.46094e+02    1.44889e+02    1.43855e+02    1.42845e+02    1.41700e+02    1.40399e+02    1.39025e+02    1.37629e+02    1.36259e+02    1.34936e+02    1.33665e+02    1.32443e+02    1.31285e+02    1.30208e+02    1.29237e+02    1.28419e+02    1.27849e+02    1.27595e+02    1.27727e+02    1.28293e+02    1.29334e+02    1.31125e+02    1.33608e+02    1.36486e+02    1.39653e+02    1.42979e+02    1.46281e+02    1.49464e+02    1.52526e+02    1.55195e+02    1.57863e+02    1.59938e+02
+345 ||    1.49228e+02    1.48595e+02    1.47568e+02    1.46315e+02    1.45104e+02    1.44223e+02    1.43447e+02    1.42464e+02    1.41143e+02    1.39659e+02    1.38123e+02    1.36630e+02    1.35219e+02    1.33887e+02    1.32625e+02    1.31442e+02    1.30369e+02    1.29441e+02    1.28712e+02    1.28348e+02    1.28441e+02    1.29044e+02    1.30106e+02    1.31585e+02    1.33631e+02    1.36034e+02    1.38685e+02    1.41569e+02    1.44596e+02    1.47647e+02    1.50531e+02    1.53397e+02    1.55934e+02    1.58471e+02    1.60443e+02
+360 ||    1.49475e+02    1.48883e+02    1.48141e+02    1.49235e+02    1.51136e+02    1.51558e+02    1.50595e+02    1.48887e+02    1.46914e+02    1.44927e+02    1.43044e+02    1.41293e+02    1.39713e+02    1.38299e+02    1.37048e+02    1.35973e+02    1.35101e+02    1.34460e+02    1.34078e+02    1.34001e+02    1.34258e+02    1.34847e+02    1.35931e+02    1.37338e+02    1.39005e+02    1.40978e+02    1.43201e+02    1.45538e+02    1.47990e+02    1.50481e+02    1.52982e+02    1.55308e+02    1.57627e+02    1.59638e+02    1.61606e+02
##########################################################################################
### MCD_v6.1 with Martian Year 32 scenario.
### Latitude 83.8N. Longitude 235.0E. Local time 12.0h
### --------------------------------------------------------------------------------------
### Column 1 is Areocentric longitude (degrees)
### Columns 2+ are Dust mass mixing ratio (kg/kg)
### Line 1 is height above surface (m)
### --------------------------------------------------------------------------------------
### Retrieved on: 2024-06-07T22:16:58.128585
### Mars Climate Database (c) LMD/OU/IAA/ESA/CNES
##########################################################################################
---- ||    0.00000e+00    1.47059e+03    2.94118e+03    4.41176e+03    5.88235e+03    7.35294e+03    8.82353e+03    1.02941e+04    1.17647e+04    1.32353e+04    1.47059e+04    1.61765e+04    1.76471e+04    1.91176e+04    2.05882e+04    2.20588e+04    2.35294e+04    2.50000e+04    2.64706e+04    2.79412e+04    2.94118e+04    3.08824e+04    3.23529e+04    3.38235e+04    3.52941e+04    3.67647e+04    3.82353e+04    3.97059e+04    4.11765e+04    4.26471e+04    4.41176e+04    4.55882e+04    4.70588e+04    4.85294e+04    5.00000e+04
-----------------------------------
+000 ||    2.02226e-06    1.83160e-06    1.82585e-06    1.85973e-06    1.72880e-06    1.44141e-06    1.13100e-06    8.64202e-07    6.39360e-07    4.38634e-07    2.76405e-07    1.56564e-07    8.13217e-08    3.93628e-08    1.76749e-08    7.92256e-09    4.00815e-09    2.48455e-09    1.79125e-09    1.31289e-09    8.78690e-10    4.80716e-10    2.26992e-10    8.20623e-11    1.13319e-11    1.56100e-12    2.55549e-14    2.48160e-14    2.46261e-14    1.92316e-14    1.25903e-14    1.70846e-14    2.15789e-14    1.68198e-14    1.15239e-14
+015 ||    1.57213e-06    1.37955e-06    1.28737e-06    1.34967e-06    1.15849e-06    7.69461e-07    4.19044e-07    1.96013e-07    7.94946e-08    3.09677e-08    1.02858e-08    3.54381e-09    1.09551e-09    2.96214e-10    9.06015e-11    3.63487e-11    1.73401e-11    7.84096e-12    2.38520e-12    2.54570e-13    1.59249e-14    5.50636e-17    1.09181e-15    4.18405e-15    1.16645e-14    2.44679e-14    4.54290e-14    4.90390e-14    4.50000e-14    3.06570e-14    1.90004e-14    8.84031e-15    4.50548e-15    2.07773e-15    9.45749e-16
+030 ||    1.14984e-06    1.26270e-06    1.16641e-06    1.11101e-06    1.02857e-06    7.84660e-07    4.91239e-07    2.74337e-07    1.55233e-07    8.97214e-08    5.48863e-08    3.42523e-08    2.11609e-08    1.25893e-08    7.08715e-09    3.69592e-09    1.75079e-09    7.73278e-10    3.41985e-10    1.67918e-10    8.78982e-11    4.72516e-11    2.44263e-11    1.30057e-11    7.63755e-12    4.39805e-12    2.87143e-12    1.76466e-12    9.30697e-13    5.47989e-13    2.99152e-13    1.80492e-13    1.20022e-13    7.49101e-14    5.23023e-14
+045 ||    7.27553e-07    1.14275e-06    1.05224e-06    8.69197e-07    8.61635e-07    7.59578e-07    5.35637e-07    3.45713e-07    2.23966e-07    1.55360e-07    1.10729e-07    7.81468e-08    5.37457e-08    3.57254e-08    2.27086e-08    1.34704e-08    7.33165e-09    3.62315e-09    1.74464e-09    8.61291e-10    4.26625e-10    2.16287e-10    1.16629e-10    6.76116e-11    3.86772e-11    1.99742e-11    1.28755e-11    8.00535e-12    5.11642e-12    3.21923e-12    1.72005e-12    9.73389e-13    5.39281e-13    3.20335e-13    2.19183e-13
+060 ||    1.19173e-06    1.69989e-06    1.57508e-06    1.32524e-06    9.95525e-07    8.98985e-07    8.54133e-07    6.86902e-07    5.40126e-07    4.02214e-07    2.94591e-07    2.17416e-07    1.60172e-07    1.16279e-07    8.26730e-08    5.73416e-08    3.87598e-08    2.52567e-08    1.56478e-08    9.37825e-09    6.05523e-09    6.09684e-09    7.15661e-09    8.99285e-09    1.14831e-08    1.47521e-08    1.73394e-08    1.89184e-08    1.67685e-08    1.33716e-08    9.37113e-09    6.36410e-09    4.64551e-09    3.33846e-09    2.16141e-09
+075 ||    1.65592e-06    2.25456e-06    2.10563e-06    1.82165e-06    1.25609e-06    9.58357e-07    1.09190e-06    1.02616e-06    8.72786e-07    6.88697e-07    5.19502e-07    3.89125e-07    2.91424e-07    2.16928e-07    1.59413e-07    1.14914e-07    8.14616e-08    5.65533e-08    3.76170e-08    2.39439e-08    1.53485e-08    1.15858e-08    1.20908e-08    1.49424e-08    1.92485e-08    2.45924e-08    3.11747e-08    3.54666e-08    3.85388e-08    3.18301e-08    2.47205e-08    1.67470e-08    1.18841e-08    8.50970e-09    6.09562e-09
+090 ||    8.22021e-06    3.48215e-06    2.82846e-06    2.29518e-06    1.71451e-06    1.29618e-06    1.19060e-06    1.14439e-06    1.01506e-06    8.56111e-07    6.86922e-07    5.41739e-07    4.22356e-07    3.25556e-07    2.47656e-07    1.85113e-07    1.35140e-07    9.63155e-08    6.68812e-08    4.50227e-08    2.91149e-08    1.76680e-08    1.21358e-08    1.03987e-08    1.07757e-08    1.26008e-08    1.56273e-08    1.77761e-08    1.93049e-08    1.59323e-08    1.22632e-08    8.20137e-09    5.84990e-09    4.17910e-09    2.96436e-09
+105 ||    1.47845e-05    4.85966e-06    3.68702e-06    2.87135e-06    2.13283e-06    1.71916e-06    1.44701e-06    1.24857e-06    1.15234e-06    1.02307e-06    8.57032e-07    7.10490e-07    5.71955e-07    4.50182e-07    3.49602e-07    2.67411e-07    1.99521e-07    1.44300e-07    1.01804e-07    7.00701e-08    4.70343e-08    2.84473e-08    1.53633e-08    7.52567e-09    3.45699e-09    1.66388e-09    8.17809e-10    3.05828e-10    8.64249e-11    4.17835e-11    1.88364e-11    1.07604e-11    6.37637e-12    3.47761e-12    2.17212e-12
+120 ||    1.56958e-05    4.13870e-06    3.09977e-06    2.40814e-06    1.84984e-06    1.47470e-06    1.18497e-06    9.67359e-07    8.20130e-07    6.69275e-07    5.26832e-07    4.06675e-07    3.09596e-07    2.31806e-07    1.71116e-07    1.24234e-07    8.80191e-08    6.10721e-08    4.17208e-08    2.80060e-08    1.74840e-08    9.58704e-09    4.50575e-09    1.96694e-09    1.04479e-09    4.90387e-10    1.73097e-10    6.04521e-11    2.31433e-11    1.00991e-11    5.95196e-12    3.44693e-12    1.85591e-12    1.18331e-12    6.45813e-13
+135 ||    1.66071e-05    3.42181e-06    2.54314e-06    2.03459e-06    1.62220e-06    1.26915e-06    9.49242e-07    6.89883e-07    4.88923e-07    3.39688e-07    2.18892e-07    1.35678e-07    8.11464e-08    4.51414e-08    2.27841e-08    1.02530e-08    4.07449e-09    1.38040e-09    4.16683e-10    1.51882e-10    7.75397e-11    3.50746e-11    1.15376e-11    2.24867e-12    2.54104e-13    3.55054e-13    5.08423e-13    5.53199e-13    4.92218e-13    3.55893e-13    2.32819e-13    1.28295e-13    7.55114e-14    3.59231e-14    2.42146e-14
+150 ||    1.10477e-05    3.37712e-06    2.70172e-06    2.30149e-06    1.93849e-06    1.61290e-06    1.23961e-06    8.97118e-07    6.15722e-07    3.87112e-07    2.25360e-07    1.30564e-07    7.23452e-08    3.76413e-08    1.83391e-08    7.94863e-09    2.91373e-09    8.83270e-10    2.44656e-10    7.94255e-11    2.35523e-11    5.47887e-12    1.35634e-12    4.20172e-13    4.55276e-13    5.58545e-13    5.48791e-13    5.05834e-13    4.34812e-13    3.38369e-13    2.45671e-13    1.70347e-13    1.10374e-13    6.20444e-14    3.53360e-14
+165 ||    5.48838e-06    3.37769e-06    2.95500e-06    2.66328e-06    2.35376e-06    1.98656e-06    1.48534e-06    1.03529e-06    6.56660e-07    3.78513e-07    2.07117e-07    1.15779e-07    6.21941e-08    3.09262e-08    1.34966e-08    5.09371e-09    1.52737e-09    3.73170e-10    9.30657e-11    1.97371e-11    4.46430e-12    1.26438e-12    5.47746e-13    5.08643e-13    5.56597e-13    5.71075e-13    5.76008e-13    5.66571e-13    4.71444e-13    3.69437e-13    2.60726e-13    1.70526e-13    8.50323e-14    5.25733e-14    2.67798e-14
+180 ||    4.64371e-06    3.18366e-06    2.82250e-06    2.40258e-06    1.90142e-06    1.36184e-06    8.92831e-07    5.44577e-07    3.02046e-07    1.58050e-07    8.05635e-08    4.09186e-08    2.06072e-08    9.24525e-09    3.42035e-09    9.60970e-10    2.17596e-10    5.26307e-11    1.12570e-11    2.61744e-12    6.40615e-13    2.72268e-13    2.56074e-13    2.79096e-13    2.86606e-13    2.87803e-13    2.72591e-13    2.23208e-13    1.76567e-13    1.31970e-13    9.58638e-14    6.44005e-14    4.48402e-14    2.71119e-14    1.83796e-14
+195 ||    3.79903e-06    3.02357e-06    2.70642e-06    2.15603e-06    1.41759e-06    7.98446e-07    4.00333e-07    1.76828e-07    6.91640e-08    2.28698e-08    6.60450e-09    1.61652e-09    3.41026e-10    6.88709e-11    1.58734e-11    7.67621e-12    3.14375e-12    6.71656e-13    5.05352e-14    3.30467e-17    4.62364e-18    4.62370e-18    4.62370e-18    4.62370e-18    4.62371e-18    2.88937e-17    1.18939e-16    1.77194e-14    3.82505e-14    5.47886e-14    5.87762e-14    4.58102e-14    3.29076e-14    2.01144e-14    7.32104e-15
+210 ||    4.05598e-06    3.33971e-06    3.25566e-06    2.82146e-06    1.97433e-06    1.17443e-06    6.18880e-07    3.00212e-07    1.26667e-07    4.87700e-08    2.08786e-08    9.32647e-09    5.19864e-09    3.12663e-09    1.89189e-09    1.07067e-09    5.66356e-10    2.98969e-10    1.78604e-10    1.28646e-10    9.86246e-11    8.00359e-11    6.83715e-11    5.19562e-11    3.56444e-11    2.31935e-11    1.52222e-11    1.62007e-11    1.67586e-11    1.67503e-11    1.48371e-11    1.17336e-11    8.90920e-12    6.33990e-12    3.90772e-12
+225 ||    4.31293e-06    3.65672e-06    3.80290e-06    3.48580e-06    2.52662e-06    1.54249e-06    8.29712e-07    4.09205e-07    1.72945e-07    7.16819e-08    3.23344e-08    1.62025e-08    9.33990e-09    5.68837e-09    3.39874e-09    1.88377e-09    9.96250e-10    5.28222e-10    3.19925e-10    2.43556e-10    1.87773e-10    1.56352e-10    1.30948e-10    9.81404e-11    6.53915e-11    4.33446e-11    3.08094e-11    3.27402e-11    3.34697e-11    3.34371e-11    2.86681e-11    2.25824e-11    1.72009e-11    1.21947e-11    7.67274e-12
+240 ||    3.18044e-06    2.61941e-06    2.75162e-06    2.63775e-06    2.12881e-06    1.50054e-06    9.25791e-07    5.17282e-07    2.65814e-07    1.37454e-07    7.81577e-08    4.63573e-08    2.97320e-08    1.95041e-08    1.28018e-08    8.19870e-09    5.03023e-09    2.89908e-09    1.55541e-09    7.69620e-10    3.43858e-10    1.42288e-10    7.37493e-11    5.45338e-11    5.10623e-11    4.63068e-11    3.17558e-11    2.35980e-11    1.86838e-11    1.78439e-11    1.54565e-11    1.23025e-11    9.37916e-12    6.60600e-12    4.14431e-12
+255 ||    2.04796e-06    1.58346e-06    1.70450e-06    1.73175e-06    1.64201e-06    1.38204e-06    9.65774e-07    5.85349e-07    3.37990e-07    1.95995e-07    1.19780e-07    7.50925e-08    4.93290e-08    3.28703e-08    2.19462e-08    1.43977e-08    9.06710e-09    5.33226e-09    2.86903e-09    1.36823e-09    5.37383e-10    1.37659e-10    1.04896e-11    2.81582e-12    2.28005e-11    4.67108e-11    3.41957e-11    1.60709e-11    3.95509e-12    2.25658e-12    1.68419e-12    1.65846e-12    1.38181e-12    9.83279e-13    6.53125e-13
+270 ||    1.49740e-06    1.03895e-06    1.05623e-06    1.06390e-06    1.03339e-06    9.22338e-07    6.94546e-07    4.50608e-07    2.72409e-07    1.61924e-07    1.00647e-07    6.34042e-08    4.19738e-08    2.81293e-08    1.89660e-08    1.26536e-08    8.15266e-09    4.94516e-09    2.74710e-09    1.34679e-09    5.43222e-10    1.45746e-10    1.17772e-11    3.25464e-12    1.23868e-11    2.29005e-11    1.65027e-11    6.88577e-12    1.85423e-12    9.89288e-13    8.61644e-13    8.56487e-13    6.62442e-13    4.50681e-13    3.09162e-13
+285 ||    9.46836e-07    4.97909e-07    4.10823e-07    3.94010e-07    4.16943e-07    4.44534e-07    3.98395e-07    2.94846e-07    1.94694e-07    1.22154e-07    7.76542e-08    4.99122e-08    3.33894e-08    2.25444e-08    1.53959e-08    1.04891e-08    6.93569e-09    4.34569e-09    2.48433e-09    1.24220e-09    5.10760e-10    1.43384e-10    1.38834e-11    2.69538e-12    2.92530e-15    4.62368e-18    1.93259e-17    1.12458e-16    1.38301e-14    3.23981e-14    4.90250e-14    5.89968e-14    4.50101e-14    3.10235e-14    2.27967e-14
+300 ||    1.27026e-06    8.50011e-07    8.84556e-07    9.57082e-07    9.23611e-07    7.60123e-07    5.50199e-07    3.58417e-07    2.13595e-07    1.18643e-07    6.62055e-08    3.88543e-08    2.45284e-08    1.59465e-08    1.06180e-08    7.11350e-09    4.66121e-09    2.88530e-09    1.63184e-09    8.05286e-10    3.28101e-10    9.48816e-11    1.02681e-11    6.39992e-13    5.62329e-14    6.04859e-14    4.13523e-13    1.32631e-12    1.06887e-12    7.17002e-13    5.67588e-13    4.37522e-13    3.51748e-13    2.66702e-13    1.97621e-13
+315 ||    1.59369e-06    1.20538e-06    1.36216e-06    1.52077e-06    1.42248e-06    1.06448e-06    6.97400e-07    4.19616e-07    2.31785e-07    1.15164e-07    5.50721e-08    2.83012e-08    1.61255e-08    9.73103e-09    6.14740e-09    4.02576e-09    2.62191e-09    1.62849e-09    9.24307e-10    4.60676e-10    1.89399e-10    5.73650e-11    7.33023e-12    3.07476e-13    6.79368e-14    1.44618e-13    1.11017e-12    2.84753e-12    2.02085e-12    1.36821e-12    1.05917e-12    8.07451e-13    6.52416e-13    4.99303e-13    3.71177e-13
+330 ||    1.98279e-06    1.74125e-06    1.85493e-06    1.96466e-06    1.91698e-06    1.64880e-06    1.26724e-06    8.65771e-07    5.22269e-07    2.82983e-07    1.39611e-07    6.60927e-08    2.96082e-08    1.30047e-08    6.50701e-09    3.95768e-09    2.52770e-09    1.55666e-09    8.43741e-10    3.75338e-10    1.38688e-10    3.72284e-11    3.77963e-12    1.54621e-13    3.70355e-14    7.17299e-14    5.31937e-13    1.48352e-12    1.41139e-12    1.23727e-12    9.48952e-13    6.97279e-13    5.64506e-13    4.31733e-13    3.32732e-13
+345 ||    2.37189e-06    2.27675e-06    2.34193e-06    2.40686e-06    2.42255e-06    2.25023e-06    1.85047e-06    1.32263e-06    8.22898e-07    4.57119e-07    2.28761e-07    1.05765e-07    4.41764e-08    1.68168e-08    7.10573e-09    3.95536e-09    2.47788e-09    1.51695e-09    7.83922e-10    3.10779e-10    9.75827e-11    1.92963e-11    2.90931e-13    7.41362e-17    3.69239e-17    4.57974e-15    5.53874e-14    1.94002e-13    6.40831e-13    1.11500e-12    8.46966e-13    5.86575e-13    4.75679e-13    3.64783e-13    2.87040e-13
+360 ||    1.91025e-06    1.78843e-06    1.78773e-06    1.84112e-06    1.77372e-06    1.50709e-06    1.14390e-06    7.87561e-07    4.88193e-07    2.70389e-07    1.41626e-07    6.66491e-08    2.87042e-08    1.16746e-08    4.94626e-09    2.54316e-09    1.54184e-09    9.75269e-10    5.74054e-10    2.84822e-10    1.04054e-10    2.00492e-11    4.95646e-12    1.08647e-13    3.20938e-16    2.73113e-16    2.86494e-15    3.02205e-14    9.66446e-14    3.06105e-13    5.56764e-13    4.41274e-13    3.11625e-13    2.48522e-13    1.94514e-13
##########################################################################################
### MCD_v6.1 with Martian Year 32 scenario.
### Latitude 83.8N. Longitude 235.0E. Local time 12.0h
### --------------------------------------------------------------------------------------
### Column 1 is Areocentric longitude (degrees)
### Columns 2+ are Water ice mixing ratio (mol/mol)
### Line 1 is height above surface (m)
### --------------------------------------------------------------------------------------
### Retrieved on: 2024-06-07T22:16:58.130716
### Mars Climate Database (c) LMD/OU/IAA/ESA/CNES
##########################################################################################
---- ||    0.00000e+00    1.47059e+03    2.94118e+03    4.41176e+03    5.88235e+03    7.35294e+03    8.82353e+03    1.02941e+04    1.17647e+04    1.32353e+04    1.47059e+04    1.61765e+04    1.76471e+04    1.91176e+04    2.05882e+04    2.20588e+04    2.35294e+04    2.50000e+04    2.64706e+04    2.79412e+04    2.94118e+04    3.08824e+04    3.23529e+04    3.38235e+04    3.52941e+04    3.67647e+04    3.82353e+04    3.97059e+04    4.11765e+04    4.26471e+04    4.41176e+04    4.55882e+04    4.70588e+04    4.85294e+04    5.00000e+04
-----------------------------------
+000 ||    7.50529e-05    7.29051e-05    6.63493e-05    4.50067e-05    2.82415e-05    2.00165e-05    1.47719e-05    1.05255e-05    6.76174e-06    3.77816e-06    2.17777e-06    1.30999e-06    9.62590e-07    8.46933e-07    7.96184e-07    7.47789e-07    6.88446e-07    6.16276e-07    5.27466e-07    4.33778e-07    3.48873e-07    2.77528e-07    1.99766e-07    1.32097e-07    7.72558e-08    4.55869e-08    2.72810e-08    1.48360e-08    7.67265e-09    4.09097e-09    1.42046e-09    7.78499e-10    1.36534e-10    6.15939e-11    1.95436e-11
+015 ||    8.68835e-05    8.39885e-05    7.05111e-05    3.42399e-05    9.70903e-06    1.51861e-06    2.89338e-07    1.20298e-07    8.01190e-08    7.48603e-08    9.51275e-08    1.31732e-07    1.69251e-07    1.89479e-07    1.77972e-07    1.34534e-07    8.94888e-08    6.56362e-08    5.62591e-08    4.26715e-08    3.52459e-08    2.98732e-08    2.40733e-08    1.58497e-08    9.10438e-09    4.03861e-09    1.52274e-09    5.50940e-10    4.55572e-11    1.26429e-11    5.72701e-13    1.13646e-13    2.77156e-16    7.94235e-17    0.00000e+00
+030 ||    1.24777e-04    1.42171e-04    1.24367e-04    7.96986e-05    3.10301e-05    6.92884e-06    1.01698e-06    1.61663e-07    5.98715e-08    4.38364e-08    4.30345e-08    5.39953e-08    7.13376e-08    8.81124e-08    9.53775e-08    8.88010e-08    6.91289e-08    4.75272e-08    3.53940e-08    3.07892e-08    2.45801e-08    1.96939e-08    1.64093e-08    1.39711e-08    1.03625e-08    6.65095e-09    3.56716e-09    1.69580e-09    5.61599e-10    2.04288e-10    1.99473e-11    3.80452e-12    2.54463e-13    2.78430e-14    1.26757e-16
+045 ||    1.62670e-04    2.00561e-04    1.78530e-04    1.27949e-04    5.70070e-05    1.48308e-05    2.51094e-06    5.04223e-07    4.57884e-08    1.97024e-08    1.01091e-08    3.12334e-09    3.99124e-10    2.31283e-10    4.15519e-10    7.38151e-10    1.28533e-09    2.03275e-09    2.71338e-09    3.05919e-09    2.90381e-09    2.45721e-09    1.86338e-09    1.17467e-09    6.23742e-10    1.94140e-10    6.91791e-11    7.15857e-12    1.09287e-12    5.22448e-14    9.84258e-27    2.85073e-27    0.00000e+00    0.00000e+00    0.00000e+00
+060 ||    2.89577e-04    3.50075e-04    3.10368e-04    2.79875e-04    2.29245e-04    1.61610e-04    1.02245e-04    5.89333e-05    1.86744e-05    6.08220e-06    2.99818e-06    1.66642e-06    9.84271e-07    6.73520e-07    4.71265e-07    2.58046e-07    1.10442e-07    4.09072e-08    1.17438e-08    1.96828e-09    1.57772e-09    1.41164e-09    1.15571e-09    8.47678e-10    5.06057e-10    1.62408e-09    8.06270e-09    2.19577e-08    1.43091e-08    5.97935e-10    2.15803e-10    2.51423e-09    8.28922e-09    8.46112e-08    1.72184e-07
+075 ||    4.16485e-04    5.10041e-04    4.41741e-04    4.20100e-04    3.92043e-04    3.26311e-04    2.22286e-04    1.39441e-04    5.38880e-05    1.55264e-05    7.84372e-06    4.30618e-06    2.46157e-06    1.56450e-06    1.17240e-06    7.38226e-07    3.46109e-07    1.43887e-07    5.09858e-08    1.22132e-08    7.32241e-10    1.68423e-11    4.10466e-12    2.92256e-12    1.84053e-12    6.43697e-10    3.47252e-09    2.30699e-08    5.04336e-08    2.12083e-08    1.00296e-09    2.41224e-10    7.86026e-09    2.76090e-08    2.14088e-07
+090 ||    2.36657e-04    2.90556e-04    2.60470e-04    2.56859e-04    2.64365e-04    2.55519e-04    1.90220e-04    1.17719e-04    6.46410e-05    2.72920e-05    1.34658e-05    7.55103e-06    5.60317e-06    4.48344e-06    3.83016e-06    3.04608e-06    2.07291e-06    1.23953e-06    6.70144e-07    3.42310e-07    2.34290e-07    3.06711e-07    3.64568e-07    3.20046e-07    2.36852e-07    1.39505e-07    7.65867e-08    4.27484e-08    2.94549e-08    1.22027e-08    5.73486e-10    1.30938e-10    4.25853e-09    1.97940e-08    1.13576e-07
+105 ||    5.68298e-05    5.86779e-05    6.87402e-05    8.26488e-05    1.25588e-04    1.44628e-04    1.43766e-04    8.74399e-05    4.48467e-05    2.99382e-05    2.20606e-05    1.24618e-05    8.75391e-06    7.41569e-06    6.69581e-06    5.78293e-06    4.29219e-06    2.73995e-06    1.55148e-06    7.78041e-07    4.35927e-07    5.73450e-07    6.99108e-07    6.69947e-07    5.13476e-07    3.05038e-07    1.66660e-07    6.94409e-08    1.20691e-08    3.35655e-09    1.64664e-10    5.29358e-11    1.53043e-11    3.72937e-12    1.84139e-12
+120 ||    2.94881e-05    2.99582e-05    3.54649e-05    4.44954e-05    6.52432e-05    7.75311e-05    7.01503e-05    4.13998e-05    2.23649e-05    1.62546e-05    1.09925e-05    5.97395e-06    4.70597e-06    3.94833e-06    3.41055e-06    2.68677e-06    1.81247e-06    1.07400e-06    5.72210e-07    3.09684e-07    2.81226e-07    3.46872e-07    3.66974e-07    2.93638e-07    1.84467e-07    1.02246e-07    4.27226e-08    1.15716e-08    2.36405e-09    1.11126e-10    3.80117e-11    8.36430e-12    1.95529e-12    1.01338e-12    3.07474e-13
+135 ||    2.14640e-06    1.23559e-06    1.50645e-06    1.88932e-06    4.33573e-06    5.55858e-06    5.56731e-06    5.32147e-06    4.78246e-06    4.02439e-06    2.78799e-06    1.72864e-06    1.06622e-06    6.73760e-07    3.98749e-07    2.26864e-07    1.33867e-07    8.54462e-08    6.15257e-08    4.71389e-08    3.62344e-08    2.77747e-08    2.11948e-08    1.61111e-08    1.15146e-08    6.61896e-09    3.13991e-09    9.82836e-10    6.71155e-11    1.91630e-11    1.75932e-13    2.50242e-14    0.00000e+00    0.00000e+00    0.00000e+00
+150 ||    1.85519e-04    1.88530e-04    1.85361e-04    1.72997e-04    1.50310e-04    1.18856e-04    7.63821e-05    4.04786e-05    2.12035e-05    9.20257e-06    3.02241e-06    1.55162e-06    9.74830e-07    6.08470e-07    3.87977e-07    2.63003e-07    1.85894e-07    1.31261e-07    9.18111e-08    6.90557e-08    5.94798e-08    5.70852e-08    5.13847e-08    4.08218e-08    2.78359e-08    1.49021e-08    7.89550e-09    3.26678e-09    1.06440e-09    4.20073e-10    9.48067e-11    2.93334e-11    7.70451e-13    2.01748e-13    1.12573e-16
+165 ||    3.68891e-04    3.75913e-04    3.67284e-04    3.37195e-04    2.78323e-04    2.00525e-04    1.08841e-04    5.21851e-05    2.34169e-05    6.92919e-06    2.31040e-06    1.41572e-06    9.17458e-07    5.97209e-07    4.14815e-07    3.01297e-07    2.10725e-07    1.41376e-07    1.04073e-07    9.28461e-08    9.45881e-08    8.75875e-08    7.01219e-08    4.79440e-08    2.51693e-08    1.33110e-08    5.69897e-09    1.53397e-09    6.59510e-10    1.61058e-10    2.89663e-11    1.27415e-12    1.28259e-13    1.88745e-16    4.12687e-17
+180 ||    2.27226e-04    2.26498e-04    2.13157e-04    1.74841e-04    1.31265e-04    8.49242e-05    4.17258e-05    1.93880e-05    6.92674e-06    2.01875e-06    1.06410e-06    7.69427e-07    5.78765e-07    4.41848e-07    3.27618e-07    2.09352e-07    1.23407e-07    9.39977e-08    9.35816e-08    1.01779e-07    9.64060e-08    7.81855e-08    5.47609e-08    3.18887e-08    1.80914e-08    1.00280e-08    5.14452e-09    2.83260e-09    1.52345e-09    5.90631e-10    2.77882e-10    4.58682e-11    2.08300e-11    2.62867e-14    1.46480e-14
+195 ||    8.55612e-05    7.66682e-05    6.02809e-05    1.93639e-05    3.71654e-06    7.21241e-07    3.99221e-07    3.26064e-07    3.15858e-07    3.53170e-07    4.17866e-07    4.63471e-07    4.50776e-07    3.73785e-07    2.51234e-07    1.32616e-07    8.72910e-08    9.04927e-08    1.04997e-07    1.06689e-07    9.14641e-08    6.71006e-08    4.17788e-08    2.59415e-08    1.55442e-08    8.99659e-09    5.14128e-09    2.80842e-09    1.11965e-09    4.75773e-10    8.39263e-11    3.25326e-11    4.77696e-14    2.40193e-14    2.68936e-16
+210 ||    5.53574e-05    4.58853e-05    3.60133e-05    1.40288e-05    4.35928e-06    1.71104e-06    1.39104e-06    1.42237e-06    1.58522e-06    1.79002e-06    1.99391e-06    2.16742e-06    2.27850e-06    2.32871e-06    2.28980e-06    2.18398e-06    2.03351e-06    1.75646e-06    1.39191e-06    1.04440e-06    7.68747e-07    5.49525e-07    3.72712e-07    2.51169e-07    1.89368e-07    1.44816e-07    1.07713e-07    5.73433e-08    2.21163e-08    7.26929e-09    1.10345e-09    3.62534e-10    6.93926e-12    3.30949e-12    8.56709e-18
+225 ||    2.51536e-05    1.51010e-05    1.16231e-05    8.63100e-06    5.06333e-06    2.74440e-06    2.39390e-06    2.54340e-06    2.89285e-06    3.26318e-06    3.60803e-06    3.90721e-06    4.15578e-06    4.32780e-06    4.35774e-06    4.22619e-06    3.90835e-06    3.30153e-06    2.53843e-06    1.86179e-06    1.36676e-06    9.73628e-07    6.66685e-07    4.43442e-07    3.47425e-07    2.68488e-07    1.92396e-07    9.38737e-08    3.80326e-08    9.27004e-09    1.91276e-09    5.06567e-10    1.30063e-11    5.93926e-12    1.67178e-17
+240 ||    2.00815e-05    1.38142e-05    1.14820e-05    9.67083e-06    6.41286e-06    3.63507e-06    2.81440e-06    2.72728e-06    2.87218e-06    3.05892e-06    3.23621e-06    3.39591e-06    3.54225e-06    3.67384e-06    3.76790e-06    3.81022e-06    3.74718e-06    3.40208e-06    2.79049e-06    2.12284e-06    1.55511e-06    1.08623e-06    6.93242e-07    4.15724e-07    2.63358e-07    1.76043e-07    1.25165e-07    6.92510e-08    2.98722e-08    1.15951e-08    4.00889e-09    1.71736e-09    6.19604e-10    2.99750e-10    3.70263e-11
+255 ||    1.50094e-05    1.24922e-05    1.12327e-05    1.03579e-05    7.34534e-06    4.35499e-06    3.21089e-06    2.92230e-06    2.88086e-06    2.88385e-06    2.89430e-06    2.90997e-06    2.95222e-06    3.03587e-06    3.17850e-06    3.37101e-06    3.52032e-06    3.40437e-06    2.93692e-06    2.29985e-06    1.69326e-06    1.16565e-06    7.06233e-07    3.77453e-07    1.71400e-07    6.99382e-08    3.93605e-08    2.66838e-08    1.74410e-08    1.03780e-08    5.89518e-09    2.66493e-09    1.17054e-09    5.19245e-10    6.99612e-11
+270 ||    9.01516e-06    6.97815e-06    6.25360e-06    5.74339e-06    4.30831e-06    2.80409e-06    2.24467e-06    2.14280e-06    2.15770e-06    2.18125e-06    2.19787e-06    2.21906e-06    2.26067e-06    2.32742e-06    2.43172e-06    2.57110e-06    2.66943e-06    2.57068e-06    2.20391e-06    1.69550e-06    1.21517e-06    8.14754e-07    4.88742e-07    2.61876e-07    1.18123e-07    4.48409e-08    2.22579e-08    1.54333e-08    9.92738e-09    5.51112e-09    3.16355e-09    1.15965e-09    6.12460e-10    2.01897e-10    3.85475e-11
+285 ||    3.02094e-06    1.43929e-06    1.25200e-06    1.01086e-06    1.04551e-06    1.12116e-06    1.24281e-06    1.35568e-06    1.43533e-06    1.47967e-06    1.50244e-06    1.53068e-06    1.57318e-06    1.62499e-06    1.69371e-06    1.78171e-06    1.82464e-06    1.72824e-06    1.44420e-06    1.05775e-06    7.13072e-07    4.51670e-07    2.68173e-07    1.44668e-07    6.30548e-08    1.99259e-08    7.55935e-09    4.99687e-09    3.12994e-09    1.61910e-09    9.16548e-10    3.32933e-10    1.77485e-10    2.20379e-11    1.32935e-11
+300 ||    1.21708e-05    1.11473e-05    1.04417e-05    7.30919e-06    4.67147e-06    3.62820e-06    2.90162e-06    2.25813e-06    1.83562e-06    1.68295e-06    1.66685e-06    1.68757e-06    1.72051e-06    1.75147e-06    1.77193e-06    1.76780e-06    1.68782e-06    1.49291e-06    1.19413e-06    8.69498e-07    5.99685e-07    3.95738e-07    2.44232e-07    1.29830e-07    6.39942e-08    2.88384e-08    1.29171e-08    6.08410e-09    3.16998e-09    1.19199e-09    6.10917e-10    1.80168e-10    9.35644e-11    1.05568e-11    6.53200e-12
+315 ||    2.13207e-05    2.08628e-05    1.95908e-05    1.34242e-05    8.21818e-06    6.08680e-06    4.51099e-06    3.11253e-06    2.20919e-06    1.88097e-06    1.82945e-06    1.84296e-06    1.86552e-06    1.87394e-06    1.84159e-06    1.73397e-06    1.52741e-06    1.24309e-06    9.51615e-07    7.06157e-07    5.06291e-07    3.49980e-07    2.25077e-07    1.26029e-07    6.76832e-08    3.58245e-08    1.69886e-08    6.20001e-09    3.04884e-09    8.01247e-10    3.37437e-10    3.87888e-11    1.87032e-11    5.06992e-14    3.14594e-14
+330 ||    4.31271e-05    4.21225e-05    4.21293e-05    3.63228e-05    2.82070e-05    1.95877e-05    1.27433e-05    7.46664e-06    4.18515e-06    2.56822e-06    1.94295e-06    1.74985e-06    1.66650e-06    1.59584e-06    1.49788e-06    1.35082e-06    1.15179e-06    9.18844e-07    6.92776e-07    5.03625e-07    3.60443e-07    2.56598e-07    1.76824e-07    1.13117e-07    7.06337e-08    4.24828e-08    2.30466e-08    1.02990e-08    5.14016e-09    1.36753e-09    6.27669e-10    5.58424e-11    2.91626e-11    2.48292e-12    1.16770e-13
+345 ||    6.49336e-05    6.33963e-05    6.47776e-05    5.95684e-05    4.82901e-05    3.31305e-05    2.10452e-05    1.18959e-05    6.23022e-06    3.28335e-06    2.07160e-06    1.66054e-06    1.47026e-06    1.32096e-06    1.15874e-06    9.76274e-07    7.86577e-07    6.04865e-07    4.42507e-07    3.09625e-07    2.20663e-07    1.66581e-07    1.30364e-07    1.01230e-07    7.40603e-08    5.00541e-08    3.00332e-08    1.55752e-08    7.82810e-09    2.04699e-09    1.03796e-09    7.63802e-11    4.32320e-11    1.00839e-11    2.22390e-13
+360 ||    7.51210e-05    7.56244e-05    6.97304e-05    4.65710e-05    2.98136e-05    1.83129e-05    1.12935e-05    6.56967e-06    3.55875e-06    1.87061e-06    1.19301e-06    9.34177e-07    8.31650e-07    7.57325e-07    6.70346e-07    5.68979e-07    4.63940e-07    3.61605e-07    2.71584e-07    1.97985e-07    1.41184e-07    1.01212e-07    8.03866e-08    6.36603e-08    4.92035e-08    3.58153e-08    2.43842e-08    1.48804e-08    7.91698e-09    4.08869e-09    1.16341e-09    5.85136e-10    9.76201e-11    2.47981e-11    8.65975e-12
