##########################################################################################
### MCD_v6.1 with Martian Year 28 scenario.
### Latitude 83.8N. Longitude 235.0E. Local time 12.0h
### --------------------------------------------------------------------------------------
### Column 1 is Areocentric longitude (degrees)
### Columns 2+ are Pressure (Pa)
### Line 1 is height above surface (m)
### --------------------------------------------------------------------------------------
### Retrieved on: 2024-06-07T22:15:50.791656
### Mars Climate Database (c) LMD/OU/IAA/ESA/CNES
##########################################################################################
---- ||    0.00000e+00    1.47059e+03    2.94118e+03    4.41176e+03    5.88235e+03    7.35294e+03    8.82353e+03    1.02941e+04    1.17647e+04    1.32353e+04    1.47059e+04    1.61765e+04    1.76471e+04    1.91176e+04    2.05882e+04    2.20588e+04    2.35294e+04    2.50000e+04    2.64706e+04    2.79412e+04    2.94118e+04    3.08824e+04    3.23529e+04    3.38235e+04    3.52941e+04    3.67647e+04    3.82353e+04    3.97059e+04    4.11765e+04    4.26471e+04    4.41176e+04    4.55882e+04    4.70588e+04    4.85294e+04    5.00000e+04
-----------------------------------
+000 ||    8.27490e+02    6.83011e+02    5.63164e+02    4.63962e+02    3.82427e+02    3.15963e+02    2.61426e+02    2.16198e+02    1.78448e+02    1.46953e+02    1.20676e+02    9.88659e+01    8.07973e+01    6.58841e+01    5.36229e+01    4.35715e+01    3.53554e+01    2.86584e+01    2.32147e+01    1.88009e+01    1.52296e+01    1.23441e+01    1.00231e+01    8.15342e+00    6.64474e+00    5.43292e+00    4.45650e+00    3.66463e+00    3.02436e+00    2.50513e+00    2.07899e+00    1.73399e+00    1.44755e+00    1.21369e+00    1.01894e+00
+015 ||    8.43635e+02    6.96250e+02    5.74054e+02    4.73103e+02    3.90743e+02    3.24492e+02    2.70447e+02    2.25393e+02    1.87468e+02    1.55488e+02    1.28587e+02    1.06034e+02    8.72272e+01    7.15974e+01    5.86444e+01    4.79587e+01    3.91732e+01    3.19715e+01    2.60836e+01    2.12811e+01    1.73748e+01    1.42011e+01    1.16221e+01    9.52777e+00    7.83260e+00    6.45033e+00    5.32557e+00    4.41165e+00    3.66160e+00    3.04843e+00    2.54480e+00    2.12821e+00    1.78558e+00    1.50009e+00    1.26325e+00
+030 ||    8.84957e+02    7.33488e+02    6.10420e+02    5.10691e+02    4.29908e+02    3.63410e+02    3.07844e+02    2.60717e+02    2.20427e+02    1.85889e+02    1.56345e+02    1.31072e+02    1.09582e+02    9.13714e+01    7.59932e+01    6.30548e+01    5.22095e+01    4.31520e+01    3.56137e+01    2.93601e+01    2.41872e+01    1.99185e+01    1.64013e+01    1.35109e+01    1.11381e+01    9.18764e+00    7.59252e+00    6.28191e+00    5.20414e+00    4.32258e+00    3.59507e+00    2.99558e+00    2.50169e+00    2.09133e+00    1.75308e+00
+045 ||    9.24692e+02    7.69386e+02    6.45636e+02    5.47170e+02    4.68385e+02    4.02865e+02    3.46823e+02    2.98291e+02    2.56069e+02    2.19311e+02    1.87372e+02    1.59607e+02    1.35557e+02    1.14802e+02    9.69473e+01    8.16432e+01    6.85754e+01    5.74608e+01    4.80437e+01    4.00942e+01    3.34062e+01    2.77965e+01    2.30969e+01    1.91769e+01    1.59148e+01    1.32026e+01    1.09532e+01    9.08828e+00    7.54535e+00    6.26828e+00    5.21035e+00    4.33711e+00    3.61286e+00    3.01298e+00    2.51608e+00
+060 ||    9.21969e+02    7.75789e+02    6.56998e+02    5.59773e+02    4.80529e+02    4.14300e+02    3.57874e+02    3.09243e+02    2.66970e+02    2.30049e+02    1.97746e+02    1.69559e+02    1.45001e+02    1.23652e+02    1.05141e+02    8.91336e+01    7.53554e+01    6.35399e+01    5.34347e+01    4.48319e+01    3.75362e+01    3.13713e+01    2.61790e+01    2.18187e+01    1.81580e+01    1.51033e+01    1.25572e+01    1.04372e+01    8.67614e+00    7.21348e+00    6.00086e+00    4.99396e+00    4.15988e+00    3.46803e+00    2.89298e+00
+075 ||    9.00424e+02    7.66498e+02    6.55570e+02    5.62487e+02    4.84831e+02    4.19235e+02    3.63263e+02    3.15242e+02    2.73579e+02    2.37098e+02    2.05094e+02    1.76946e+02    1.52277e+02    1.30697e+02    1.11860e+02    9.54640e+01    8.12351e+01    6.89295e+01    5.83270e+01    4.92277e+01    4.14490e+01    3.48210e+01    2.91801e+01    2.44117e+01    2.03947e+01    1.70176e+01    1.41826e+01    1.18152e+01    9.83849e+00    8.19173e+00    6.82049e+00    5.68054e+00    4.73272e+00    3.94460e+00    3.29092e+00
+090 ||    8.55483e+02    7.38762e+02    6.39212e+02    5.53432e+02    4.79738e+02    4.16119e+02    3.60961e+02    3.13077e+02    2.71390e+02    2.34876e+02    2.02906e+02    1.74914e+02    1.50403e+02    1.28999e+02    1.10365e+02    9.41812e+01    8.01629e+01    6.80559e+01    5.76327e+01    4.86896e+01    4.10436e+01    3.45148e+01    2.89720e+01    2.42844e+01    2.03320e+01    1.70034e+01    1.42100e+01    1.18722e+01    9.91666e+00    8.28444e+00    6.92149e+00    5.78620e+00    4.83878e+00    4.04888e+00    3.39076e+00
+105 ||    8.03313e+02    7.04913e+02    6.17980e+02    5.40898e+02    4.72489e+02    4.11758e+02    3.58015e+02    3.10648e+02    2.68978e+02    2.32501e+02    2.00555e+02    1.72647e+02    1.48304e+02    1.27114e+02    1.08688e+02    9.27276e+01    7.89338e+01    6.70413e+01    5.68141e+01    4.80434e+01    4.05326e+01    3.41322e+01    2.86987e+01    2.41013e+01    2.02219e+01    1.69518e+01    1.42062e+01    1.19033e+01    9.97436e+00    8.36038e+00    7.00940e+00    5.88127e+00    4.93655e+00    4.14697e+00    3.48608e+00
+120 ||    7.68710e+02    6.73056e+02    5.89259e+02    5.15158e+02    4.49494e+02    3.91318e+02    3.39829e+02    2.94386e+02    2.54407e+02    2.19279e+02    1.88514e+02    1.61637e+02    1.38166e+02    1.17759e+02    1.00086e+02    8.48298e+01    7.17068e+01    6.04596e+01    5.08557e+01    4.26861e+01    3.57628e+01    2.99166e+01    2.49959e+01    2.08626e+01    1.74040e+01    1.45161e+01    1.21065e+01    1.01013e+01    8.43181e+00    7.04218e+00    5.88834e+00    4.92665e+00    4.12711e+00    3.46129e+00    2.90496e+00
+135 ||    7.46429e+02    6.52021e+02    5.70042e+02    4.97829e+02    4.33984e+02    3.77483e+02    3.27482e+02    2.83282e+02    2.44345e+02    2.10013e+02    1.79928e+02    1.53620e+02    1.30650e+02    1.10729e+02    9.35235e+01    7.87293e+01    6.60707e+01    5.52935e+01    4.61631e+01    3.84635e+01    3.19976e+01    2.65878e+01    2.20759e+01    1.83221e+01    1.52043e+01    1.26203e+01    1.04818e+01    8.71067e+00    7.24707e+00    6.03701e+00    5.03344e+00    4.20479e+00    3.51719e+00    2.94564e+00    2.47248e+00
+150 ||    7.28832e+02    6.29173e+02    5.42354e+02    4.66401e+02    3.99851e+02    3.41829e+02    2.91499e+02    2.48046e+02    2.10763e+02    1.78752e+02    1.51232e+02    1.27525e+02    1.07207e+02    8.98489e+01    7.50731e+01    6.25454e+01    5.19871e+01    4.31259e+01    3.57179e+01    2.95465e+01    2.44208e+01    2.01742e+01    1.66663e+01    1.37730e+01    1.13879e+01    9.42524e+00    7.81202e+00    6.48187e+00    5.38735e+00    4.48680e+00    3.74121e+00    3.12744e+00    2.61833e+00    2.19620e+00    1.84566e+00
+165 ||    7.27425e+02    6.20246e+02    5.26737e+02    4.45746e+02    3.75668e+02    3.15627e+02    2.64717e+02    2.21984e+02    1.86257e+02    1.56138e+02    1.30624e+02    1.08963e+02    9.06544e+01    7.52288e+01    6.22719e+01    5.14361e+01    4.24143e+01    3.49286e+01    2.87370e+01    2.36298e+01    1.94268e+01    1.59765e+01    1.31484e+01    1.08312e+01    8.93152e+00    7.38135e+00    6.11025e+00    5.06547e+00    4.21167e+00    3.50832e+00    2.92742e+00    2.45052e+00    2.05277e+00    1.72608e+00    1.45191e+00
+180 ||    7.31907e+02    6.14667e+02    5.14825e+02    4.30427e+02    3.59383e+02    2.99865e+02    2.50059e+02    2.08431e+02    1.73562e+02    1.44203e+02    1.19495e+02    9.87272e+01    8.13340e+01    6.68424e+01    5.48111e+01    4.48576e+01    3.66502e+01    2.99066e+01    2.43828e+01    1.98711e+01    1.61970e+01    1.32119e+01    1.07894e+01    8.82299e+00    7.23262e+00    5.94283e+00    4.89282e+00    4.03958e+00    3.34595e+00    2.77576e+00    2.31258e+00    1.92931e+00    1.61575e+00    1.35418e+00    1.14007e+00
+195 ||    7.50201e+02    6.20707e+02    5.13063e+02    4.24207e+02    3.51372e+02    2.91428e+02    2.41684e+02    2.00117e+02    1.65302e+02    1.36157e+02    1.11788e+02    9.15154e+01    7.47218e+01    6.08458e+01    4.94426e+01    4.01015e+01    3.24733e+01    2.62632e+01    2.12238e+01    1.71481e+01    1.38620e+01    1.12181e+01    9.09300e+00    7.39273e+00    6.02521e+00    4.92284e+00    4.03581e+00    3.32130e+00    2.73916e+00    2.26963e+00    1.88509e+00    1.57177e+00    1.31320e+00    1.10196e+00    9.24710e-01
+210 ||    7.92769e+02    6.55150e+02    5.40993e+02    4.46671e+02    3.68904e+02    3.04666e+02    2.51358e+02    2.06958e+02    1.69990e+02    1.39284e+02    1.13813e+02    9.27930e+01    7.54665e+01    6.12507e+01    4.96195e+01    4.01263e+01    3.23971e+01    2.61196e+01    2.10345e+01    1.69273e+01    1.36209e+01    1.09684e+01    8.84483e+00    7.15415e+00    5.80845e+00    4.73108e+00    3.86541e+00    3.17623e+00    2.61711e+00    2.16452e+00    1.79823e+00    1.49772e+00    1.25264e+00    1.05076e+00    8.82555e-01
+225 ||    8.35099e+02    6.89393e+02    5.68756e+02    4.69005e+02    3.86340e+02    3.17828e+02    2.60977e+02    2.13796e+02    1.74720e+02    1.42477e+02    1.15947e+02    9.41738e+01    7.63409e+01    6.17785e+01    4.99089e+01    4.02517e+01    3.24074e+01    2.60508e+01    2.09087e+01    1.67590e+01    1.34225e+01    1.07546e+01    8.63008e+00    6.94383e+00    5.61708e+00    4.56193e+00    3.71892e+00    3.04813e+00    2.50969e+00    2.07185e+00    1.72200e+00    1.43267e+00    1.19973e+00    1.00600e+00    8.46222e-01
+240 ||    8.93293e+02    7.37910e+02    6.08582e+02    5.01493e+02    4.12686e+02    3.39111e+02    2.78170e+02    2.27719e+02    1.86046e+02    1.51715e+02    1.23481e+02    1.00328e+02    8.13598e+01    6.58696e+01    5.32425e+01    4.29682e+01    3.46246e+01    2.78618e+01    2.23900e+01    1.79721e+01    1.44149e+01    1.15600e+01    9.27378e+00    7.45944e+00    6.01809e+00    4.87199e+00    3.96225e+00    3.24228e+00    2.66202e+00    2.19669e+00    1.82104e+00    1.51497e+00    1.26579e+00    1.06172e+00    8.91464e-01
+255 ||    9.32398e+02    7.70670e+02    6.35406e+02    5.23200e+02    4.30100e+02    3.52981e+02    2.89204e+02    2.36564e+02    1.93172e+02    1.57483e+02    1.28172e+02    1.04141e+02    8.44659e+01    6.84005e+01    5.53056e+01    4.46517e+01    3.60018e+01    2.89925e+01    2.33214e+01    1.87415e+01    1.50507e+01    1.20827e+01    9.70016e+00    7.79810e+00    6.28108e+00    5.07241e+00    4.12030e+00    3.36420e+00    2.75649e+00    2.27365e+00    1.88155e+00    1.56517e+00    1.30590e+00    1.09568e+00    9.19293e-01
+270 ||    9.55453e+02    7.90501e+02    6.51981e+02    5.36986e+02    4.41532e+02    3.62464e+02    2.97072e+02    2.43100e+02    1.98638e+02    1.62109e+02    1.32161e+02    1.07686e+02    8.77564e+01    7.15786e+01    5.84622e+01    4.78237e+01    3.91854e+01    3.21586e+01    2.64293e+01    2.17469e+01    1.79198e+01    1.47878e+01    1.22176e+01    1.01138e+01    8.39185e+00    6.97232e+00    5.81904e+00    4.86634e+00    4.08494e+00    3.44274e+00    2.90719e+00    2.46617e+00    2.09378e+00    1.78433e+00    1.52220e+00
+285 ||    9.65120e+02    7.99255e+02    6.59404e+02    5.43160e+02    4.46656e+02    3.66708e+02    3.00608e+02    2.46074e+02    2.01168e+02    1.64317e+02    1.34171e+02    1.09609e+02    8.97260e+01    7.36878e+01    6.07625e+01    5.03195e+01    4.18473e+01    3.49361e+01    2.92734e+01    2.46320e+01    2.07789e+01    1.75681e+01    1.49180e+01    1.26828e+01    1.08348e+01    9.26413e+00    7.95854e+00    6.83970e+00    5.90515e+00    5.09983e+00    4.42221e+00    3.83522e+00    3.33886e+00    2.90674e+00    2.53592e+00
+300 ||    9.20073e+02    7.62054e+02    6.28634e+02    5.17623e+02    4.25480e+02    3.49154e+02    2.86063e+02    2.34016e+02    1.91151e+02    1.55944e+02    1.27104e+02    1.03547e+02    8.43777e+01    6.88231e+01    5.62120e+01    4.59807e+01    3.76678e+01    3.09002e+01    2.53778e+01    2.08624e+01    1.71661e+01    1.41427e+01    1.16635e+01    9.62910e+00    7.96790e+00    6.60068e+00    5.48163e+00    4.56388e+00    3.80609e+00    3.18910e+00    2.67665e+00    2.25431e+00    1.90226e+00    1.61061e+00    1.36432e+00
+315 ||    8.79115e+02    7.28240e+02    6.00664e+02    4.94416e+02    4.06236e+02    3.33202e+02    2.72842e+02    2.23049e+02    1.82029e+02    1.48302e+02    1.20629e+02    9.79467e+01    7.93942e+01    6.42494e+01    5.19042e+01    4.18555e+01    3.36902e+01    2.70709e+01    2.17130e+01    1.73862e+01    1.39020e+01    1.11055e+01    8.86698e+00    7.07964e+00    5.65855e+00    4.53091e+00    3.63755e+00    2.93155e+00    2.37645e+00    1.93250e+00    1.58254e+00    1.30026e+00    1.07507e+00    8.89941e-01    7.42113e-01
+330 ||    8.66703e+02    7.16837e+02    5.91223e+02    4.86833e+02    4.00223e+02    3.28436e+02    2.69048e+02    2.19998e+02    1.79553e+02    1.46278e+02    1.18974e+02    9.65955e+01    7.82982e+01    6.33640e+01    5.11906e+01    4.12798e+01    3.32270e+01    2.66988e+01    2.14162e+01    1.71506e+01    1.37184e+01    1.09667e+01    8.76657e+00    7.01151e+00    5.61744e+00    4.51023e+00    3.63105e+00    2.93382e+00    2.38370e+00    1.94210e+00    1.59283e+00    1.30986e+00    1.08362e+00    8.97162e-01    7.48284e-01
+345 ||    8.61615e+02    7.11505e+02    5.86802e+02    4.83425e+02    3.97668e+02    3.26546e+02    2.67636e+02    2.18917e+02    1.78696e+02    1.45587e+02    1.18409e+02    9.61416e+01    7.79348e+01    6.30757e+01    5.09632e+01    4.11025e+01    3.30874e+01    2.65892e+01    2.13301e+01    1.70853e+01    1.36720e+01    1.09382e+01    8.75429e+00    7.01390e+00    5.63252e+00    4.53405e+00    3.65963e+00    2.96447e+00    2.41341e+00    1.96944e+00    1.61772e+00    1.33110e+00    1.10183e+00    9.12084e-01    7.60888e-01
+360 ||    8.41042e+02    6.94137e+02    5.72263e+02    4.71598e+02    3.89191e+02    3.21873e+02    2.66202e+02    2.19757e+02    1.80954e+02    1.48644e+02    1.21791e+02    9.95888e+01    8.12593e+01    6.61801e+01    5.38083e+01    4.36808e+01    3.54100e+01    2.86720e+01    2.31962e+01    1.87570e+01    1.51661e+01    1.22657e+01    9.93305e+00    8.05690e+00    6.54560e+00    5.33098e+00    4.35588e+00    3.56791e+00    2.93058e+00    2.41812e+00    1.99793e+00    1.66023e+00    1.37991e+00    1.15366e+00    9.64503e-01
##########################################################################################
### MCD_v6.1 with Martian Year 28 scenario.
### Latitude 83.8N. Longitude 235.0E. Local time 12.0h
### --------------------------------------------------------------------------------------
### Column 1 is Areocentric longitude (degrees)
### Columns 2+ are Temperature (K)
### Line 1 is height above surface (m)
### --------------------------------------------------------------------------------------
### Retrieved on: 2024-06-07T22:15:50.792479
### Mars Climate Database (c) LMD/OU/IAA/ESA/CNES
##########################################################################################
---- ||    0.00000e+00    1.47059e+03    2.94118e+03    4.41176e+03    5.88235e+03    7.35294e+03    8.82353e+03    1.02941e+04    1.17647e+04    1.32353e+04    1.47059e+04    1.61765e+04    1.76471e+04    1.91176e+04    2.05882e+04    2.20588e+04    2.35294e+04    2.50000e+04    2.64706e+04    2.79412e+04    2.94118e+04    3.08824e+04    3.23529e+04    3.38235e+04    3.52941e+04    3.67647e+04    3.82353e+04    3.97059e+04    4.11765e+04    4.26471e+04    4.41176e+04    4.55882e+04    4.70588e+04    4.85294e+04    5.00000e+04
-----------------------------------
+000 ||    1.49588e+02    1.49312e+02    1.48337e+02    1.47896e+02    1.49130e+02    1.51014e+02    1.51286e+02    1.50091e+02    1.48163e+02    1.46062e+02    1.44019e+02    1.42116e+02    1.40406e+02    1.38895e+02    1.37577e+02    1.36466e+02    1.35577e+02    1.34931e+02    1.34554e+02    1.34473e+02    1.34699e+02    1.35237e+02    1.36258e+02    1.37579e+02    1.39159e+02    1.41063e+02    1.43134e+02    1.45306e+02    1.47594e+02    1.49983e+02    1.52426e+02    1.54712e+02    1.56970e+02    1.58926e+02    1.60792e+02
+015 ||    1.49825e+02    1.49508e+02    1.48527e+02    1.48814e+02    1.52098e+02    1.56527e+02    1.57735e+02    1.56414e+02    1.54092e+02    1.51536e+02    1.49115e+02    1.46944e+02    1.45019e+02    1.43345e+02    1.41957e+02    1.40844e+02    1.40013e+02    1.39472e+02    1.39229e+02    1.39319e+02    1.39769e+02    1.40512e+02    1.41507e+02    1.42769e+02    1.44312e+02    1.45992e+02    1.47847e+02    1.49824e+02    1.51838e+02    1.53881e+02    1.55886e+02    1.57866e+02    1.59706e+02    1.61489e+02    1.63063e+02
+030 ||    1.50217e+02    1.55191e+02    1.59606e+02    1.65968e+02    1.70670e+02    1.73359e+02    1.73765e+02    1.72225e+02    1.69731e+02    1.66809e+02    1.63817e+02    1.60931e+02    1.58221e+02    1.55730e+02    1.53489e+02    1.51517e+02    1.49827e+02    1.48419e+02    1.47291e+02    1.46441e+02    1.45863e+02    1.45547e+02    1.45467e+02    1.45726e+02    1.46211e+02    1.46857e+02    1.47796e+02    1.48863e+02    1.50062e+02    1.51419e+02    1.52809e+02    1.54239e+02    1.55665e+02    1.57090e+02    1.58432e+02
+045 ||    1.50610e+02    1.60659e+02    1.69751e+02    1.81387e+02    1.89280e+02    1.91718e+02    1.90995e+02    1.88817e+02    1.86003e+02    1.82853e+02    1.79549e+02    1.76198e+02    1.72901e+02    1.69729e+02    1.66745e+02    1.63998e+02    1.61514e+02    1.59303e+02    1.57363e+02    1.55678e+02    1.54236e+02    1.53018e+02    1.52089e+02    1.51389e+02    1.50879e+02    1.50588e+02    1.50571e+02    1.50671e+02    1.51010e+02    1.51473e+02    1.52049e+02    1.52782e+02    1.53553e+02    1.54376e+02    1.55227e+02
+060 ||    1.59083e+02    1.72586e+02    1.77722e+02    1.85494e+02    1.92387e+02    1.95613e+02    1.96557e+02    1.96012e+02    1.93719e+02    1.90783e+02    1.87510e+02    1.84095e+02    1.80644e+02    1.77236e+02    1.73933e+02    1.70795e+02    1.67856e+02    1.65145e+02    1.62706e+02    1.60528e+02    1.58591e+02    1.56889e+02    1.55420e+02    1.54180e+02    1.53322e+02    1.52666e+02    1.52176e+02    1.52024e+02    1.51986e+02    1.52106e+02    1.52403e+02    1.52789e+02    1.53340e+02    1.53959e+02    1.54624e+02
+075 ||    1.67555e+02    1.84827e+02    1.86737e+02    1.91404e+02    1.96401e+02    1.99274e+02    2.01315e+02    2.02761e+02    2.01015e+02    1.98347e+02    1.95204e+02    1.91777e+02    1.88236e+02    1.84684e+02    1.81172e+02    1.77746e+02    1.74454e+02    1.71340e+02    1.68443e+02    1.65783e+02    1.63353e+02    1.61143e+02    1.59212e+02    1.57548e+02    1.56155e+02    1.55060e+02    1.54298e+02    1.53709e+02    1.53359e+02    1.53191e+02    1.53106e+02    1.53236e+02    1.53474e+02    1.53835e+02    1.54326e+02
+090 ||    1.92461e+02    2.02008e+02    2.01354e+02    2.01739e+02    2.02418e+02    2.02141e+02    2.01579e+02    2.00904e+02    1.99106e+02    1.96572e+02    1.93583e+02    1.90422e+02    1.87211e+02    1.84028e+02    1.80893e+02    1.77832e+02    1.74871e+02    1.72030e+02    1.69345e+02    1.66856e+02    1.64590e+02    1.62616e+02    1.60919e+02    1.59506e+02    1.58354e+02    1.57513e+02    1.56936e+02    1.56521e+02    1.56364e+02    1.56351e+02    1.56426e+02    1.56682e+02    1.56999e+02    1.57416e+02    1.57888e+02
+105 ||    2.17366e+02    2.19722e+02    2.16880e+02    2.13984e+02    2.10356e+02    2.06717e+02    2.03378e+02    2.00193e+02    1.97327e+02    1.94789e+02    1.91917e+02    1.88947e+02    1.86037e+02    1.83210e+02    1.80460e+02    1.77772e+02    1.75162e+02    1.72620e+02    1.70166e+02    1.67853e+02    1.65789e+02    1.64008e+02    1.62534e+02    1.61366e+02    1.60479e+02    1.59895e+02    1.59515e+02    1.59288e+02    1.59327e+02    1.59477e+02    1.59727e+02    1.60102e+02    1.60514e+02    1.60985e+02    1.61458e+02
+120 ||    2.09702e+02    2.16861e+02    2.14822e+02    2.11999e+02    2.08488e+02    2.04845e+02    2.01224e+02    1.97575e+02    1.94029e+02    1.90629e+02    1.87054e+02    1.83473e+02    1.79995e+02    1.76655e+02    1.73477e+02    1.70495e+02    1.67735e+02    1.65208e+02    1.62936e+02    1.60947e+02    1.59259e+02    1.57879e+02    1.56803e+02    1.56099e+02    1.55657e+02    1.55424e+02    1.55377e+02    1.55628e+02    1.55989e+02    1.56483e+02    1.57124e+02    1.57824e+02    1.58617e+02    1.59446e+02    1.60298e+02
+135 ||    2.02037e+02    2.14043e+02    2.12854e+02    2.10405e+02    2.07051e+02    2.03372e+02    1.99405e+02    1.95240e+02    1.90984e+02    1.86691e+02    1.82413e+02    1.78193e+02    1.74111e+02    1.70229e+02    1.66628e+02    1.63381e+02    1.60535e+02    1.58112e+02    1.56104e+02    1.54484e+02    1.53224e+02    1.52298e+02    1.51675e+02    1.51325e+02    1.51214e+02    1.51407e+02    1.51812e+02    1.52366e+02    1.53121e+02    1.54014e+02    1.54995e+02    1.56120e+02    1.57302e+02    1.58540e+02    1.59815e+02
+150 ||    1.93799e+02    1.96416e+02    1.93662e+02    1.90288e+02    1.86382e+02    1.82919e+02    1.79866e+02    1.77296e+02    1.75232e+02    1.72519e+02    1.69345e+02    1.66005e+02    1.62754e+02    1.59727e+02    1.57019e+02    1.54694e+02    1.52728e+02    1.51116e+02    1.49843e+02    1.48891e+02    1.48242e+02    1.47937e+02    1.47910e+02    1.48131e+02    1.48568e+02    1.49262e+02    1.50173e+02    1.51214e+02    1.52422e+02    1.53756e+02    1.55150e+02    1.56631e+02    1.58128e+02    1.59645e+02    1.61127e+02
+165 ||    1.85562e+02    1.78447e+02    1.74464e+02    1.70521e+02    1.66532e+02    1.63938e+02    1.62722e+02    1.62986e+02    1.62820e+02    1.61061e+02    1.58666e+02    1.56092e+02    1.53642e+02    1.51427e+02    1.49514e+02    1.47913e+02    1.46612e+02    1.45613e+02    1.44914e+02    1.44505e+02    1.44389e+02    1.44595e+02    1.45064e+02    1.45769e+02    1.46680e+02    1.47889e+02    1.49246e+02    1.50726e+02    1.52359e+02    1.54042e+02    1.55773e+02    1.57518e+02    1.59267e+02    1.60932e+02    1.62588e+02
+180 ||    1.69086e+02    1.64584e+02    1.62179e+02    1.60273e+02    1.59163e+02    1.58363e+02    1.57671e+02    1.57166e+02    1.55610e+02    1.53341e+02    1.50851e+02    1.48443e+02    1.46275e+02    1.44354e+02    1.42692e+02    1.41291e+02    1.40163e+02    1.39309e+02    1.38740e+02    1.38508e+02    1.38632e+02    1.39108e+02    1.39898e+02    1.40955e+02    1.42331e+02    1.43909e+02    1.45626e+02    1.47493e+02    1.49481e+02    1.51517e+02    1.53642e+02    1.55753e+02    1.57824e+02    1.59856e+02    1.61661e+02
+195 ||    1.52610e+02    1.51075e+02    1.50485e+02    1.51420e+02    1.52868e+02    1.53305e+02    1.52416e+02    1.50629e+02    1.48360e+02    1.45936e+02    1.43552e+02    1.41380e+02    1.39451e+02    1.37761e+02    1.36283e+02    1.35014e+02    1.33969e+02    1.33180e+02    1.32714e+02    1.32649e+02    1.33019e+02    1.33797e+02    1.34945e+02    1.36481e+02    1.38228e+02    1.40153e+02    1.42268e+02    1.44555e+02    1.46925e+02    1.49445e+02    1.51960e+02    1.54464e+02    1.56880e+02    1.59110e+02    1.61339e+02
+210 ||    1.51056e+02    1.50228e+02    1.49695e+02    1.49890e+02    1.50107e+02    1.49719e+02    1.48356e+02    1.46480e+02    1.44429e+02    1.42393e+02    1.40459e+02    1.38691e+02    1.37099e+02    1.35649e+02    1.34335e+02    1.33148e+02    1.32100e+02    1.31212e+02    1.30534e+02    1.30142e+02    1.30148e+02    1.30700e+02    1.31847e+02    1.33719e+02    1.35918e+02    1.38290e+02    1.40780e+02    1.43461e+02    1.46197e+02    1.49007e+02    1.51820e+02    1.54635e+02    1.57246e+02    1.59713e+02    1.62067e+02
+225 ||    1.49502e+02    1.49383e+02    1.48903e+02    1.48340e+02    1.47307e+02    1.46071e+02    1.44265e+02    1.42372e+02    1.40600e+02    1.39004e+02    1.37529e+02    1.36160e+02    1.34860e+02    1.33628e+02    1.32453e+02    1.31319e+02    1.30234e+02    1.29207e+02    1.28262e+02    1.27487e+02    1.27114e+02    1.27540e+02    1.28829e+02    1.31021e+02    1.33703e+02    1.36513e+02    1.39420e+02    1.42457e+02    1.45537e+02    1.48642e+02    1.51768e+02    1.54897e+02    1.57674e+02    1.60379e+02    1.62798e+02
+240 ||    1.49570e+02    1.49157e+02    1.48451e+02    1.47598e+02    1.46405e+02    1.45151e+02    1.43613e+02    1.42027e+02    1.40509e+02    1.39077e+02    1.37712e+02    1.36413e+02    1.35169e+02    1.33988e+02    1.32873e+02    1.31833e+02    1.30908e+02    1.30047e+02    1.29271e+02    1.28591e+02    1.28155e+02    1.28150e+02    1.28682e+02    1.30324e+02    1.32486e+02    1.35156e+02    1.38376e+02    1.41604e+02    1.44822e+02    1.48014e+02    1.51250e+02    1.54518e+02    1.57535e+02    1.60325e+02    1.63016e+02
+255 ||    1.49638e+02    1.48931e+02    1.47953e+02    1.46727e+02    1.45380e+02    1.44071e+02    1.42782e+02    1.41508e+02    1.40250e+02    1.38994e+02    1.37745e+02    1.36523e+02    1.35338e+02    1.34212e+02    1.33161e+02    1.32216e+02    1.31454e+02    1.30759e+02    1.30151e+02    1.29587e+02    1.29165e+02    1.28968e+02    1.29115e+02    1.30096e+02    1.31704e+02    1.34028e+02    1.37594e+02    1.41063e+02    1.44467e+02    1.47747e+02    1.51077e+02    1.54486e+02    1.57708e+02    1.60584e+02    1.63459e+02
+270 ||    1.49539e+02    1.49045e+02    1.48136e+02    1.46937e+02    1.45610e+02    1.44338e+02    1.43109e+02    1.41933e+02    1.40862e+02    1.39969e+02    1.39354e+02    1.39226e+02    1.40031e+02    1.41414e+02    1.43120e+02    1.44968e+02    1.46940e+02    1.48907e+02    1.50806e+02    1.52665e+02    1.54298e+02    1.56030e+02    1.57897e+02    1.60052e+02    1.62436e+02    1.64951e+02    1.67526e+02    1.70284e+02    1.73417e+02    1.75972e+02    1.78242e+02    1.79709e+02    1.81030e+02    1.82105e+02    1.83113e+02
+285 ||    1.49440e+02    1.49157e+02    1.48273e+02    1.47050e+02    1.45746e+02    1.44516e+02    1.43349e+02    1.42274e+02    1.41399e+02    1.40883e+02    1.40902e+02    1.41862e+02    1.44550e+02    1.48252e+02    1.52409e+02    1.56723e+02    1.60999e+02    1.65256e+02    1.69215e+02    1.73010e+02    1.76518e+02    1.79745e+02    1.82943e+02    1.86172e+02    1.89621e+02    1.93050e+02    1.96366e+02    1.99629e+02    2.02292e+02    2.04954e+02    2.07613e+02    2.10221e+02    2.11573e+02    2.12926e+02    2.13080e+02
+300 ||    1.48965e+02    1.48696e+02    1.47849e+02    1.46640e+02    1.45329e+02    1.44059e+02    1.42828e+02    1.41652e+02    1.40585e+02    1.39718e+02    1.39130e+02    1.39106e+02    1.39961e+02    1.41340e+02    1.43018e+02    1.44771e+02    1.46608e+02    1.48386e+02    1.50107e+02    1.51762e+02    1.53256e+02    1.54855e+02    1.56645e+02    1.58650e+02    1.60814e+02    1.62959e+02    1.64968e+02    1.67249e+02    1.69634e+02    1.71598e+02    1.73280e+02    1.74387e+02    1.75482e+02    1.76556e+02    1.77557e+02
+315 ||    1.48490e+02    1.48236e+02    1.47440e+02    1.46260e+02    1.44939e+02    1.43625e+02    1.42327e+02    1.41043e+02    1.39773e+02    1.38517e+02    1.37280e+02    1.36058e+02    1.34845e+02    1.33639e+02    1.32436e+02    1.31247e+02    1.30080e+02    1.28946e+02    1.27877e+02    1.26913e+02    1.26097e+02    1.25549e+02    1.25317e+02    1.25512e+02    1.26198e+02    1.27531e+02    1.29536e+02    1.32224e+02    1.35072e+02    1.38144e+02    1.41886e+02    1.45333e+02    1.48222e+02    1.51061e+02    1.53599e+02
+330 ||    1.49081e+02    1.48779e+02    1.47890e+02    1.46733e+02    1.45396e+02    1.44001e+02    1.42578e+02    1.41154e+02    1.39790e+02    1.38487e+02    1.37263e+02    1.36084e+02    1.34910e+02    1.33722e+02    1.32519e+02    1.31324e+02    1.30152e+02    1.29021e+02    1.27967e+02    1.27068e+02    1.26410e+02    1.26121e+02    1.26204e+02    1.26688e+02    1.27644e+02    1.29124e+02    1.31090e+02    1.33505e+02    1.36300e+02    1.39247e+02    1.42502e+02    1.45595e+02    1.48328e+02    1.51035e+02    1.53495e+02
+345 ||    1.49673e+02    1.49319e+02    1.48368e+02    1.47263e+02    1.45912e+02    1.44442e+02    1.42899e+02    1.41327e+02    1.39871e+02    1.38512e+02    1.37299e+02    1.36161e+02    1.35026e+02    1.33857e+02    1.32656e+02    1.31452e+02    1.30275e+02    1.29142e+02    1.28103e+02    1.27264e+02    1.26754e+02    1.26704e+02    1.27080e+02    1.27852e+02    1.29049e+02    1.30635e+02    1.32541e+02    1.34690e+02    1.37397e+02    1.40246e+02    1.43020e+02    1.45750e+02    1.48327e+02    1.50904e+02    1.53287e+02
+360 ||    1.49693e+02    1.49196e+02    1.48340e+02    1.48499e+02    1.50554e+02    1.51600e+02    1.50579e+02    1.48553e+02    1.46404e+02    1.44368e+02    1.42574e+02    1.40960e+02    1.39512e+02    1.38186e+02    1.36976e+02    1.35902e+02    1.34992e+02    1.34271e+02    1.33769e+02    1.33517e+02    1.33544e+02    1.33862e+02    1.34685e+02    1.35784e+02    1.37111e+02    1.38708e+02    1.40591e+02    1.42601e+02    1.44715e+02    1.47081e+02    1.49492e+02    1.51776e+02    1.54051e+02    1.56053e+02    1.58054e+02
##########################################################################################
### MCD_v6.1 with Martian Year 28 scenario.
### Latitude 83.8N. Longitude 235.0E. Local time 12.0h
### --------------------------------------------------------------------------------------
### Column 1 is Areocentric longitude (degrees)
### Columns 2+ are Dust mass mixing ratio (kg/kg)
### Line 1 is height above surface (m)
### --------------------------------------------------------------------------------------
### Retrieved on: 2024-06-07T22:15:50.793300
### Mars Climate Database (c) LMD/OU/IAA/ESA/CNES
##########################################################################################
---- ||    0.00000e+00    1.47059e+03    2.94118e+03    4.41176e+03    5.88235e+03    7.35294e+03    8.82353e+03    1.02941e+04    1.17647e+04    1.32353e+04    1.47059e+04    1.61765e+04    1.76471e+04    1.91176e+04    2.05882e+04    2.20588e+04    2.35294e+04    2.50000e+04    2.64706e+04    2.79412e+04    2.94118e+04    3.08824e+04    3.23529e+04    3.38235e+04    3.52941e+04    3.67647e+04    3.82353e+04    3.97059e+04    4.11765e+04    4.26471e+04    4.41176e+04    4.55882e+04    4.70588e+04    4.85294e+04    5.00000e+04
-----------------------------------
+000 ||    2.01729e-06    2.04279e-06    2.05787e-06    2.03099e-06    1.92294e-06    1.65462e-06    1.28828e-06    9.08355e-07    5.87302e-07    3.46000e-07    1.90625e-07    9.33852e-08    4.22751e-08    1.85685e-08    8.31336e-09    4.10083e-09    2.20317e-09    1.20664e-09    6.20861e-10    2.80537e-10    1.02689e-10    2.61063e-11    7.73730e-12    5.64548e-13    9.42946e-14    1.42814e-13    1.71898e-13    1.76252e-13    1.31643e-13    1.22357e-13    1.31396e-13    1.20056e-13    1.05050e-13    8.23821e-14    5.74188e-14
+015 ||    1.45211e-06    1.52151e-06    1.47511e-06    1.37599e-06    1.22631e-06    9.42724e-07    6.13684e-07    3.53405e-07    1.84858e-07    9.28524e-08    4.54123e-08    2.26622e-08    1.09766e-08    4.83733e-09    1.80089e-09    4.81607e-10    6.67330e-11    7.71300e-12    3.22857e-12    9.40506e-13    2.14903e-13    1.57081e-14    2.27719e-14    5.72963e-14    1.24113e-13    1.93927e-13    2.57726e-13    2.12133e-13    1.48192e-13    9.68566e-14    6.09837e-14    3.54685e-14    2.30283e-14    1.59254e-14    1.18106e-14
+030 ||    1.03682e-06    1.28605e-06    1.34588e-06    1.30021e-06    1.10463e-06    8.56242e-07    6.08268e-07    4.10005e-07    2.61252e-07    1.63403e-07    1.00043e-07    6.20129e-08    3.67975e-08    2.04208e-08    1.03175e-08    4.59452e-09    1.85748e-09    7.76976e-10    3.63223e-10    1.62321e-10    6.44710e-11    2.56997e-11    1.89948e-11    1.96287e-11    1.76843e-11    1.40519e-11    9.27061e-12    5.49547e-12    2.77914e-12    1.56331e-12    7.23479e-13    3.44006e-13    1.64066e-13    7.25764e-14    4.23792e-14
+045 ||    6.21527e-07    1.04618e-06    1.20266e-06    1.21814e-06    1.01422e-06    7.46346e-07    5.31668e-07    3.91742e-07    2.93682e-07    2.19300e-07    1.60722e-07    1.15911e-07    8.06914e-08    5.27520e-08    3.18463e-08    1.76334e-08    8.91724e-09    4.21004e-09    1.98154e-09    9.81231e-10    4.84222e-10    1.92433e-10    8.47355e-11    4.66041e-11    3.82964e-11    3.94996e-11    3.42778e-11    2.70885e-11    1.78742e-11    1.06742e-11    5.32249e-12    2.96117e-12    1.32305e-12    6.18533e-13    2.74625e-13
+060 ||    1.22046e-06    1.67667e-06    1.59566e-06    1.61769e-06    1.42817e-06    1.13284e-06    8.70349e-07    7.19541e-07    5.53369e-07    4.31510e-07    3.42456e-07    2.70618e-07    2.11911e-07    1.62530e-07    1.20680e-07    8.68129e-08    6.17354e-08    4.29511e-08    3.18891e-08    2.36214e-08    1.63351e-08    9.98530e-09    5.50746e-09    3.73696e-09    3.60380e-09    3.06316e-09    2.22909e-09    1.39393e-09    7.16089e-10    2.55365e-10    8.38448e-11    1.69899e-11    9.93507e-12    5.31663e-12    2.42626e-12
+075 ||    1.81939e-06    2.33617e-06    2.01447e-06    2.00449e-06    1.80935e-06    1.52097e-06    1.16861e-06    1.06113e-06    8.32692e-07    6.59273e-07    5.33645e-07    4.36696e-07    3.55912e-07    2.86994e-07    2.26266e-07    1.73219e-07    1.29988e-07    9.61083e-08    7.13498e-08    5.43301e-08    4.01317e-08    2.67915e-08    1.55102e-08    9.67146e-09    7.33402e-09    7.08299e-09    5.56378e-09    3.90596e-09    2.24846e-09    1.13172e-09    2.65090e-10    1.12952e-10    2.58424e-11    1.39240e-11    8.00091e-12
+090 ||    6.78243e-06    3.05687e-06    2.49814e-06    2.22624e-06    1.96571e-06    1.66562e-06    1.31738e-06    1.16675e-06    9.92104e-07    8.26770e-07    6.81829e-07    5.60069e-07    4.60860e-07    3.77898e-07    3.06284e-07    2.45426e-07    1.93731e-07    1.49531e-07    1.12253e-07    8.47547e-08    6.34501e-08    4.76724e-08    3.56831e-08    2.71504e-08    2.14808e-08    1.85441e-08    1.57375e-08    1.27967e-08    9.32201e-09    5.93137e-09    2.59222e-09    1.60217e-09    8.61605e-10    4.07172e-10    2.16785e-10
+105 ||    1.17455e-05    3.86491e-06    3.06719e-06    2.57091e-06    2.14396e-06    1.78716e-06    1.51510e-06    1.28744e-06    1.13188e-06    9.97088e-07    8.38760e-07    6.94635e-07    5.73635e-07    4.73242e-07    3.88982e-07    3.19612e-07    2.60300e-07    2.06565e-07    1.56608e-07    1.17428e-07    8.89099e-08    6.92474e-08    5.57796e-08    4.54452e-08    3.63536e-08    3.06937e-08    2.61683e-08    2.20808e-08    1.67508e-08    1.11799e-08    5.39038e-09    3.23684e-09    1.79700e-09    9.19334e-10    4.52411e-10
+120 ||    2.06512e-05    4.29486e-06    3.06789e-06    2.31942e-06    1.84636e-06    1.51026e-06    1.25320e-06    1.03894e-06    8.81072e-07    7.46496e-07    6.13477e-07    4.91566e-07    3.87717e-07    3.01072e-07    2.30625e-07    1.75984e-07    1.33491e-07    9.88209e-08    7.19346e-08    5.26239e-08    3.92222e-08    3.03307e-08    2.44139e-08    1.94627e-08    1.60598e-08    1.34850e-08    1.14526e-08    8.69366e-09    5.81698e-09    2.81165e-09    1.62968e-09    8.94437e-10    4.48128e-10    2.22943e-10    1.35348e-10
+135 ||    2.95570e-05    4.71161e-06    3.06801e-06    2.11650e-06    1.59569e-06    1.26889e-06    1.01751e-06    8.10740e-07    6.43040e-07    5.17613e-07    4.09952e-07    3.08419e-07    2.17399e-07    1.41984e-07    8.47420e-08    4.58968e-08    2.28684e-08    1.05944e-08    4.82317e-09    2.33391e-09    1.15704e-09    5.20898e-10    1.91929e-10    4.79833e-11    7.24776e-12    8.14116e-12    8.86492e-12    8.73319e-12    5.67957e-12    3.47596e-12    1.81562e-12    1.10400e-12    6.23954e-13    3.58751e-13    2.36980e-13
+150 ||    1.79418e-05    4.42334e-06    3.28559e-06    2.67392e-06    2.27921e-06    1.93718e-06    1.54343e-06    1.15163e-06    8.06247e-07    5.30153e-07    3.25236e-07    1.93039e-07    1.07066e-07    5.46497e-08    2.55909e-08    1.17862e-08    5.33652e-09    2.39007e-09    1.08737e-09    4.82868e-10    1.74990e-10    6.00358e-11    1.84793e-11    7.40080e-12    7.43078e-12    7.25305e-12    5.39872e-12    3.30945e-12    1.91554e-12    1.31995e-12    1.00597e-12    7.99934e-13    6.05523e-13    4.25497e-13    3.02513e-13
+165 ||    6.32670e-06    4.22459e-06    3.73761e-06    3.39745e-06    3.03166e-06    2.56970e-06    1.92802e-06    1.30388e-06    7.81289e-07    4.19701e-07    2.01240e-07    9.18028e-08    3.71506e-08    1.27912e-08    4.20994e-09    1.85021e-09    8.31871e-10    3.19667e-10    1.05821e-10    3.18290e-11    1.31684e-11    8.58742e-12    6.96009e-12    6.06359e-12    4.98937e-12    3.37428e-12    2.13128e-12    1.24623e-12    1.29612e-12    1.24396e-12    1.09841e-12    8.42560e-13    5.62110e-13    4.24497e-13    3.00808e-13
+180 ||    4.40814e-06    3.14696e-06    2.88463e-06    2.59458e-06    2.23157e-06    1.75115e-06    1.22160e-06    7.61970e-07    4.18002e-07    2.04760e-07    8.77296e-08    3.31791e-08    1.16395e-08    3.59512e-09    1.24217e-09    5.19672e-10    2.00803e-10    6.92720e-11    2.24917e-11    9.58722e-12    5.27130e-12    3.76235e-12    3.05877e-12    2.43706e-12    1.59821e-12    9.92962e-13    6.27897e-13    6.54133e-13    6.71437e-13    6.71724e-13    5.58122e-13    4.46907e-13    3.42452e-13    2.44323e-13    1.83318e-13
+195 ||    2.48958e-06    2.13567e-06    2.07811e-06    1.84994e-06    1.48638e-06    1.05964e-06    6.70373e-07    3.84885e-07    1.92703e-07    7.95387e-08    2.75689e-08    7.19001e-09    1.22324e-09    2.30898e-10    5.56296e-11    3.20761e-11    2.23877e-11    1.24080e-11    5.74476e-12    2.32571e-12    7.26268e-13    1.05202e-13    3.86754e-15    5.10258e-18    4.62407e-18    1.63688e-16    8.69660e-16    1.44104e-13    3.08047e-13    3.71779e-13    3.78992e-13    2.94870e-13    2.13772e-13    1.39153e-13    6.45346e-14
+210 ||    2.70075e-06    2.46972e-06    2.49673e-06    2.37267e-06    2.10184e-06    1.70739e-06    1.24698e-06    8.22099e-07    4.85277e-07    2.50999e-07    1.25128e-07    5.94144e-08    3.15443e-08    1.81249e-08    1.09446e-08    6.65348e-09    3.83844e-09    1.96682e-09    8.64328e-10    3.18328e-10    9.12870e-11    1.58350e-11    7.50833e-13    1.46323e-13    7.83552e-15    5.75179e-15    1.93459e-14    3.20846e-13    5.68351e-13    7.35261e-13    7.85217e-13    7.68804e-13    6.40577e-13    4.33381e-13    2.51425e-13
+225 ||    2.91192e-06    2.80490e-06    2.91575e-06    2.89677e-06    2.72120e-06    2.35426e-06    1.81336e-06    1.23582e-06    7.49207e-07    4.03623e-07    2.05701e-07    1.04390e-07    5.70574e-08    3.30404e-08    1.99222e-08    1.20035e-08    6.81970e-09    3.35823e-09    1.39931e-09    4.98601e-10    1.43888e-10    2.61361e-11    1.31447e-12    1.04786e-13    1.12281e-14    1.59740e-14    1.15820e-13    5.43261e-13    8.72688e-13    1.14477e-12    1.22554e-12    1.27765e-12    1.00406e-12    6.63731e-13    4.11677e-13
+240 ||    2.43002e-06    2.09111e-06    2.12992e-06    2.10938e-06    1.99391e-06    1.74510e-06    1.36960e-06    9.68700e-07    6.25289e-07    3.71738e-07    2.17055e-07    1.25747e-07    7.68502e-08    4.78224e-08    2.99188e-08    1.83404e-08    1.06606e-08    5.61435e-09    2.64261e-09    1.09805e-09    5.31794e-10    3.34315e-10    6.00815e-11    5.05256e-10    6.36506e-10    5.37819e-10    3.15996e-10    1.77585e-10    8.61591e-11    6.68264e-11    5.28815e-11    4.30772e-11    3.57656e-11    3.06964e-11    2.57316e-11
+255 ||    1.94812e-06    1.37854e-06    1.34648e-06    1.31292e-06    1.24672e-06    1.09797e-06    8.80397e-07    6.58303e-07    4.67260e-07    3.19389e-07    2.13946e-07    1.40860e-07    9.27442e-08    6.01964e-08    3.84115e-08    2.37303e-08    1.39422e-08    7.52602e-09    3.70769e-09    1.64273e-09    8.74471e-10    6.98006e-10    1.80711e-10    8.53473e-10    1.29341e-09    1.16197e-09    7.15870e-10    4.01365e-10    1.78597e-10    1.39570e-10    1.08046e-10    8.83756e-11    7.21621e-11    6.23793e-11    5.25965e-11
+270 ||    2.28669e-06    1.75175e-06    1.66329e-06    1.49090e-06    1.26211e-06    1.06050e-06    9.57196e-07    9.84637e-07    1.09230e-06    1.25647e-06    1.47383e-06    1.63077e-06    1.79923e-06    1.94553e-06    2.10131e-06    2.16840e-06    2.18015e-06    2.19469e-06    2.16421e-06    2.08451e-06    2.00607e-06    1.92573e-06    1.87890e-06    1.92624e-06    1.95250e-06    1.96676e-06    1.99823e-06    1.98950e-06    1.89515e-06    1.77266e-06    1.63635e-06    1.62979e-06    1.64688e-06    1.67314e-06    1.70194e-06
+285 ||    2.62525e-06    2.12517e-06    1.97383e-06    1.64885e-06    1.25871e-06    1.01382e-06    1.03593e-06    1.31644e-06    1.72581e-06    2.20437e-06    2.73950e-06    3.11925e-06    3.49450e-06    3.81671e-06    4.11457e-06    4.31469e-06    4.32548e-06    4.37731e-06    4.38268e-06    4.25570e-06    4.12004e-06    3.98624e-06    3.85011e-06    3.74219e-06    3.82057e-06    3.89024e-06    3.91278e-06    3.93775e-06    3.99018e-06    4.02831e-06    3.87494e-06    3.71882e-06    3.49553e-06    3.27224e-06    3.25358e-06
+300 ||    2.11465e-06    1.61600e-06    1.49034e-06    1.27351e-06    1.02067e-06    8.39566e-07    7.94939e-07    8.76231e-07    1.02431e-06    1.21957e-06    1.45403e-06    1.61822e-06    1.80011e-06    1.94473e-06    2.11955e-06    2.16741e-06    2.18776e-06    2.20084e-06    2.16109e-06    2.08096e-06    2.00077e-06    1.91683e-06    1.89286e-06    1.93997e-06    1.95741e-06    1.97533e-06    2.00839e-06    1.95447e-06    1.85327e-06    1.71080e-06    1.62115e-06    1.63910e-06    1.66149e-06    1.69166e-06    1.71406e-06
+315 ||    1.60406e-06    1.10689e-06    1.01014e-06    9.08583e-07    7.92483e-07    6.66112e-07    5.43700e-07    4.17709e-07    2.98901e-07    2.01148e-07    1.29454e-07    8.36037e-08    5.65790e-08    4.14823e-08    3.24326e-08    2.65513e-08    2.28504e-08    2.05155e-08    1.87537e-08    1.61074e-08    1.24951e-08    8.45302e-09    4.53912e-09    1.60820e-09    4.20230e-10    1.39767e-11    1.88998e-14    8.86836e-14    1.08884e-12    2.32111e-12    3.74636e-12    4.36226e-12    3.44435e-12    2.56464e-12    1.91959e-12
+330 ||    2.57724e-06    2.25484e-06    2.25313e-06    2.22766e-06    2.18147e-06    2.10985e-06    1.99010e-06    1.80536e-06    1.56366e-06    1.28909e-06    1.01530e-06    7.70579e-07    5.66357e-07    4.03496e-07    2.78067e-07    1.85872e-07    1.20414e-07    7.56345e-08    4.72007e-08    2.95446e-08    1.77485e-08    9.59965e-09    4.08796e-09    1.13103e-09    2.72149e-10    6.79735e-12    9.74120e-15    4.42194e-14    5.35897e-13    1.14355e-12    1.85341e-12    2.20390e-12    1.74567e-12    1.30038e-12    9.77574e-13
+345 ||    3.55041e-06    3.40520e-06    3.49653e-06    3.54688e-06    3.57167e-06    3.55776e-06    3.44451e-06    3.20623e-06    2.84371e-06    2.39471e-06    1.91800e-06    1.47128e-06    1.08744e-06    7.74415e-07    5.30422e-07    3.48682e-07    2.20126e-07    1.31923e-07    7.66158e-08    4.34634e-08    2.32848e-08    1.09551e-08    3.76727e-09    7.84733e-10    1.58794e-10    1.38276e-14    4.78715e-18    5.44560e-18    1.19783e-16    9.45578e-16    6.29449e-15    1.01553e-14    8.84622e-15    7.53728e-15    6.26636e-15
+360 ||    2.63559e-06    2.50751e-06    2.47587e-06    2.47362e-06    2.40836e-06    2.21331e-06    1.96427e-06    1.72430e-06    1.49270e-06    1.25371e-06    1.01265e-06    7.85948e-07    5.89754e-07    4.28712e-07    3.01210e-07    2.03990e-07    1.32738e-07    8.29171e-08    4.99436e-08    2.89699e-08    1.58757e-08    7.78738e-09    3.68109e-09    1.33791e-09    2.13046e-10    3.08249e-11    6.32724e-14    9.98850e-14    1.51624e-13    1.11645e-13    5.49548e-14    3.66951e-14    1.89011e-14    1.40160e-14    9.13090e-15
##########################################################################################
### MCD_v6.1 with Martian Year 28 scenario.
### Latitude 83.8N. Longitude 235.0E. Local time 12.0h
### --------------------------------------------------------------------------------------
### Column 1 is Areocentric longitude (degrees)
### Columns 2+ are Water ice mixing ratio (mol/mol)
### Line 1 is height above surface (m)
### --------------------------------------------------------------------------------------
### Retrieved on: 2024-06-07T22:15:50.794143
### Mars Climate Database (c) LMD/OU/IAA/ESA/CNES
##########################################################################################
---- ||    0.00000e+00    1.47059e+03    2.94118e+03    4.41176e+03    5.88235e+03    7.35294e+03    8.82353e+03    1.02941e+04    1.17647e+04    1.32353e+04    1.47059e+04    1.61765e+04    1.76471e+04    1.91176e+04    2.05882e+04    2.20588e+04    2.35294e+04    2.50000e+04    2.64706e+04    2.79412e+04    2.94118e+04    3.08824e+04    3.23529e+04    3.38235e+04    3.52941e+04    3.67647e+04    3.82353e+04    3.97059e+04    4.11765e+04    4.26471e+04    4.41176e+04    4.55882e+04    4.70588e+04    4.85294e+04    5.00000e+04
-----------------------------------
+000 ||    8.27560e-05    8.73988e-05    8.68892e-05    7.17681e-05    4.55902e-05    2.58965e-05    1.46431e-05    7.96406e-06    4.20287e-06    2.17307e-06    1.36698e-06    1.04617e-06    9.24048e-07    8.44102e-07    7.52380e-07    6.44621e-07    5.24181e-07    4.00796e-07    2.91595e-07    2.09423e-07    1.54937e-07    1.21519e-07    9.43364e-08    7.11767e-08    5.15116e-08    3.62755e-08    2.39842e-08    1.40463e-08    7.66576e-09    3.89459e-09    1.47713e-09    6.86924e-10    1.89393e-10    5.09859e-11    2.01339e-11
+015 ||    9.74661e-05    1.05368e-04    1.01626e-04    7.62810e-05    3.86766e-05    1.19205e-05    3.14859e-06    9.09149e-07    4.38362e-07    3.38132e-07    2.87748e-07    2.65683e-07    2.47011e-07    2.18272e-07    1.70116e-07    1.23341e-07    9.49120e-08    8.11081e-08    7.28239e-08    6.44844e-08    6.20107e-08    6.03181e-08    5.50796e-08    4.15715e-08    2.58606e-08    1.24541e-08    4.61189e-09    1.62324e-09    1.83836e-10    5.32616e-11    6.01888e-13    1.35345e-13    7.04337e-17    2.16409e-17    0.00000e+00
+030 ||    1.20787e-04    1.16331e-04    8.56797e-05    5.28136e-05    2.73321e-05    1.03486e-05    2.98219e-06    9.52679e-07    3.34094e-07    2.21670e-07    1.76729e-07    1.50703e-07    1.37303e-07    1.27283e-07    1.13451e-07    9.14250e-08    6.77716e-08    5.20920e-08    4.40711e-08    3.94675e-08    3.54799e-08    3.25005e-08    3.12392e-08    3.01448e-08    2.57307e-08    1.91702e-08    1.14628e-08    5.64989e-09    1.83053e-09    7.05187e-10    8.53863e-11    2.04001e-11    2.78651e-13    4.48591e-14    3.26448e-17
+045 ||    1.44109e-04    1.28896e-04    7.27901e-05    2.94193e-05    8.01033e-06    1.38793e-06    9.85053e-08    3.53643e-08    4.47085e-08    3.94179e-08    3.69262e-08    2.77930e-08    1.61149e-08    9.62679e-09    6.97155e-09    5.42052e-09    4.15009e-09    3.21885e-09    2.78712e-09    2.62567e-09    2.52500e-09    2.46083e-09    2.25857e-09    1.69758e-09    1.01604e-09    3.54359e-10    1.18533e-10    7.08098e-12    2.46494e-12    1.72951e-13    1.35270e-14    1.42223e-15    0.00000e+00    0.00000e+00    0.00000e+00
+060 ||    3.11628e-04    3.50548e-04    2.83539e-04    2.11961e-04    1.46909e-04    9.42039e-05    4.19510e-05    9.40284e-06    3.55163e-06    1.35453e-06    1.21428e-06    1.32188e-06    1.17351e-06    9.93681e-07    8.17306e-07    5.78317e-07    3.65528e-07    2.32555e-07    2.64072e-07    3.21942e-07    3.62030e-07    3.22499e-07    2.44593e-07    1.91718e-07    1.77451e-07    1.30563e-07    6.20873e-08    2.66417e-08    4.56711e-09    9.45820e-10    3.56730e-11    3.19783e-13    9.41578e-14    3.49439e-16    3.65513e-17
+075 ||    4.79147e-04    5.77026e-04    4.96046e-04    3.99625e-04    2.96976e-04    2.00284e-04    1.04855e-04    2.18814e-05    9.20080e-06    3.44857e-06    2.19504e-06    2.67013e-06    2.45503e-06    2.12168e-06    1.78256e-06    1.37708e-06    9.38197e-07    6.02872e-07    4.89368e-07    5.70516e-07    6.79461e-07    7.47296e-07    5.77915e-07    4.50505e-07    3.72022e-07    3.44446e-07    2.16306e-07    1.02141e-07    3.16444e-08    6.94179e-09    1.30556e-10    4.60353e-11    5.04453e-13    5.68270e-14    5.17942e-16
+090 ||    2.74847e-04    3.25134e-04    2.89291e-04    2.51254e-04    2.05673e-04    1.72336e-04    1.25329e-04    6.71471e-05    3.85608e-05    2.14477e-05    1.56845e-05    1.55999e-05    1.60740e-05    1.51923e-05    1.39964e-05    1.36128e-05    1.37750e-05    1.32619e-05    1.19363e-05    1.04984e-05    9.01814e-06    7.61888e-06    6.53014e-06    5.62399e-06    4.76929e-06    3.74231e-06    3.05284e-06    2.66632e-06    2.90304e-06    3.26904e-06    3.71426e-06    3.90446e-06    3.82026e-06    3.24398e-06    2.13384e-06
+105 ||    7.05474e-05    6.15079e-05    7.15063e-05    8.04781e-05    8.55561e-05    1.14903e-04    1.18357e-04    1.00759e-04    7.37585e-05    4.24109e-05    3.03316e-05    2.82926e-05    2.95621e-05    2.86963e-05    2.63786e-05    2.55539e-05    2.64991e-05    2.62773e-05    2.38850e-05    2.09481e-05    1.78501e-05    1.49383e-05    1.27282e-05    1.09972e-05    9.43702e-06    7.39671e-06    5.99666e-06    5.16169e-06    5.71185e-06    6.44616e-06    7.34779e-06    7.77333e-06    7.77039e-06    6.64291e-06    4.67835e-06
+120 ||    3.58506e-05    3.09243e-05    3.61151e-05    4.04523e-05    4.63138e-05    6.17949e-05    6.09576e-05    5.25207e-05    3.84715e-05    2.37018e-05    1.81270e-05    1.71231e-05    1.68391e-05    1.52788e-05    1.37479e-05    1.34532e-05    1.35873e-05    1.27948e-05    1.13238e-05    9.70008e-06    8.10363e-06    6.73277e-06    5.76783e-06    4.97103e-06    3.96296e-06    3.11370e-06    2.56261e-06    2.82486e-06    3.18857e-06    3.65620e-06    3.88455e-06    3.87886e-06    3.30597e-06    2.28632e-06    9.88681e-07
+135 ||    1.15382e-06    2.60622e-07    2.49828e-07    1.00793e-06    3.71114e-06    5.31719e-06    6.31920e-06    8.12491e-06    7.96464e-06    7.67073e-06    6.93136e-06    5.52484e-06    3.86133e-06    2.33360e-06    1.35385e-06    8.19327e-07    5.04955e-07    3.09329e-07    1.82062e-07    1.00508e-07    5.57259e-08    3.78392e-08    3.28885e-08    2.94324e-08    2.14343e-08    9.78060e-09    3.56139e-09    5.14769e-10    1.34748e-10    6.73618e-12    3.09136e-13    1.00444e-13    5.12884e-18    9.28819e-19    0.00000e+00
+150 ||    1.79831e-04    1.84763e-04    1.83790e-04    1.76692e-04    1.54579e-04    1.24713e-04    9.34415e-05    5.63387e-05    2.18093e-05    9.51737e-06    4.44190e-06    2.51584e-06    1.43184e-06    8.54155e-07    5.47917e-07    3.70347e-07    2.49820e-07    1.70054e-07    1.21981e-07    9.80238e-08    9.02000e-08    8.96761e-08    8.52795e-08    7.39531e-08    5.73084e-08    3.91930e-08    2.38998e-08    1.16025e-08    4.95342e-09    1.87310e-09    2.50563e-10    8.99040e-11    8.02420e-13    2.57912e-13    6.50603e-18
+165 ||    3.58508e-04    3.69422e-04    3.66321e-04    3.45064e-04    2.86974e-04    2.19693e-04    1.45795e-04    6.10436e-05    1.72805e-05    5.23551e-06    1.45003e-06    7.22756e-07    4.78751e-07    3.64975e-07    2.89675e-07    2.27023e-07    1.83900e-07    1.60815e-07    1.50664e-07    1.46977e-07    1.46804e-07    1.44197e-07    1.27963e-07    1.01589e-07    6.83913e-08    3.91228e-08    1.89956e-08    6.30160e-09    2.41336e-09    3.85879e-10    6.12924e-11    1.19455e-12    9.74602e-14    9.94929e-18    2.04030e-18
+180 ||    2.33049e-04    2.38635e-04    2.27317e-04    1.96174e-04    1.49983e-04    1.05174e-04    6.13467e-05    1.95152e-05    5.58708e-06    1.65207e-06    7.12938e-07    4.93468e-07    4.22965e-07    3.68854e-07    3.13132e-07    2.52992e-07    2.12729e-07    2.01565e-07    2.03434e-07    2.09130e-07    2.11868e-07    1.99656e-07    1.72943e-07    1.35697e-07    9.64140e-08    6.53793e-08    4.03476e-08    2.22751e-08    1.16777e-08    4.13818e-09    1.93867e-09    2.74696e-10    1.26692e-10    2.21240e-13    1.24687e-13
+195 ||    1.07590e-04    1.06473e-04    8.79526e-05    5.39261e-05    2.93618e-05    1.30537e-05    7.54877e-06    2.27854e-06    7.08436e-07    5.02132e-07    4.48477e-07    4.44921e-07    4.38170e-07    4.05170e-07    3.46884e-07    2.83107e-07    2.55348e-07    2.57067e-07    2.67937e-07    2.77486e-07    2.74481e-07    2.52491e-07    2.11661e-07    1.62061e-07    1.16622e-07    7.61472e-08    4.28587e-08    2.24202e-08    7.95468e-09    3.42490e-09    5.10698e-10    2.07327e-10    4.07996e-13    2.11233e-13    1.44691e-14
+210 ||    7.91211e-05    7.99994e-05    6.80126e-05    4.87253e-05    3.03359e-05    1.57196e-05    9.92819e-06    5.58410e-06    4.05944e-06    3.42843e-06    3.16073e-06    3.03425e-06    2.94511e-06    2.83945e-06    2.66440e-06    2.38248e-06    2.01460e-06    1.59687e-06    1.19319e-06    8.66079e-07    6.25229e-07    4.46454e-07    3.09775e-07    2.24450e-07    1.69434e-07    1.25559e-07    8.58582e-08    5.37033e-08    2.82161e-08    1.19514e-08    4.22321e-09    1.33941e-09    1.09977e-10    4.89374e-11    6.91194e-14
+225 ||    5.06520e-05    5.35757e-05    4.81087e-05    4.36696e-05    3.14980e-05    1.85683e-05    1.23609e-05    9.06301e-06    7.29890e-06    6.29569e-06    5.82768e-06    5.59666e-06    5.43187e-06    5.25043e-06    4.93744e-06    4.39698e-06    3.64597e-06    2.79198e-06    1.98191e-06    1.35256e-06    9.16042e-07    6.08705e-07    3.97717e-07    2.76958e-07    2.21772e-07    1.73420e-07    1.26816e-07    7.88993e-08    4.34046e-08    1.51777e-08    6.72047e-09    1.22560e-09    1.89665e-10    6.75263e-11    1.24975e-13
+240 ||    3.49425e-05    3.47428e-05    3.16065e-05    2.88002e-05    2.21525e-05    1.46368e-05    1.05651e-05    8.09524e-06    6.53356e-06    5.55552e-06    5.03165e-06    4.74365e-06    4.62216e-06    4.60537e-06    4.61073e-06    4.52151e-06    4.25398e-06    3.78197e-06    3.11963e-06    2.39034e-06    1.71045e-06    1.13280e-06    6.71152e-07    3.82241e-07    2.06321e-07    1.17070e-07    8.28093e-08    5.40606e-08    3.00395e-08    1.41866e-08    5.38463e-09    2.00117e-09    3.12008e-10    1.46859e-10    4.70567e-12
+255 ||    1.92330e-05    1.58807e-05    1.48175e-05    1.33330e-05    1.17140e-05    1.01019e-05    8.45366e-06    6.89347e-06    5.62604e-06    4.74518e-06    4.19052e-06    3.87305e-06    3.80280e-06    3.95115e-06    4.25919e-06    4.59044e-06    4.76851e-06    4.65680e-06    4.15000e-06    3.36815e-06    2.50120e-06    1.67774e-06    1.01170e-06    5.31428e-07    2.06575e-07    5.01941e-08    2.81125e-08    1.57785e-08    8.61890e-09    5.19382e-09    2.60388e-09    1.33327e-09    4.34143e-10    2.26113e-10    1.80818e-11
+270 ||    1.53823e-05    1.35976e-05    1.36697e-05    1.38409e-05    1.43319e-05    1.53371e-05    1.70663e-05    1.92730e-05    2.18818e-05    2.46006e-05    2.73789e-05    2.91778e-05    2.74158e-05    2.36441e-05    2.00682e-05    1.72564e-05    1.48880e-05    1.22423e-05    9.76742e-06    8.05939e-06    6.68931e-06    5.39193e-06    4.19443e-06    3.20938e-06    2.36132e-06    1.59127e-06    1.01500e-06    5.63827e-07    3.53837e-07    2.20917e-07    1.25851e-07    7.25973e-08    2.69692e-08    1.15909e-08    4.59321e-09
+285 ||    1.15316e-05    1.13014e-05    1.25365e-05    1.44132e-05    1.70352e-05    2.07328e-05    2.58639e-05    3.18423e-05    3.83244e-05    4.46141e-05    5.06602e-05    5.44615e-05    5.11709e-05    4.37883e-05    3.66829e-05    3.08862e-05    2.62505e-05    2.17292e-05    1.66214e-05    1.38036e-05    1.16249e-05    9.91544e-06    8.38489e-06    6.92006e-06    5.76344e-06    4.64015e-06    3.69714e-06    2.76535e-06    1.96072e-06    1.18925e-06    8.62356e-07    5.42374e-07    3.91897e-07    2.41421e-07    1.53609e-07
+300 ||    1.58524e-05    1.26936e-05    1.30366e-05    1.37507e-05    1.47743e-05    1.63338e-05    1.86184e-05    2.13798e-05    2.44444e-05    2.74960e-05    3.04901e-05    3.20553e-05    2.99693e-05    2.59760e-05    2.21517e-05    1.91782e-05    1.66945e-05    1.40176e-05    1.18986e-05    1.05432e-05    9.42662e-06    8.05359e-06    6.57030e-06    4.98251e-06    3.52317e-06    2.20576e-06    1.27741e-06    7.11658e-07    3.47273e-07    2.09185e-07    9.98698e-08    4.91710e-08    1.42380e-08    6.97103e-09    4.73544e-10
+315 ||    2.01732e-05    1.40854e-05    1.35136e-05    1.30217e-05    1.24215e-05    1.17655e-05    1.11522e-05    1.06410e-05    1.02412e-05    1.00180e-05    9.92288e-06    9.80548e-06    9.58285e-06    9.29691e-06    9.02780e-06    8.86172e-06    8.87161e-06    9.02028e-06    9.20123e-06    8.98265e-06    8.05300e-06    6.41139e-06    4.33204e-06    2.28378e-06    1.14429e-06    4.74789e-07    1.38898e-07    3.62306e-08    1.09409e-08    2.43311e-09    1.20559e-09    3.44609e-10    1.78259e-10    3.33759e-11    2.03668e-11
+330 ||    4.10647e-05    3.69145e-05    3.75057e-05    3.75436e-05    3.68869e-05    3.60380e-05    3.46910e-05    3.23686e-05    2.96363e-05    2.67135e-05    2.36747e-05    2.05859e-05    1.75465e-05    1.47203e-05    1.22218e-05    1.01149e-05    8.54027e-06    7.43181e-06    6.64516e-06    5.88445e-06    4.90643e-06    3.71260e-06    2.43835e-06    1.28459e-06    6.44339e-07    2.63141e-07    7.21729e-08    1.88179e-08    5.60059e-09    1.25248e-09    6.33407e-10    1.78787e-10    9.42283e-11    1.71272e-11    1.05700e-11
+345 ||    6.19562e-05    5.97746e-05    6.14825e-05    6.20771e-05    6.13883e-05    6.03606e-05    5.83627e-05    5.42805e-05    4.92223e-05    4.36189e-05    3.76333e-05    3.15649e-05    2.56931e-05    2.03045e-05    1.55516e-05    1.14526e-05    8.26251e-06    5.87491e-06    4.11334e-06    2.81004e-06    1.80841e-06    1.09847e-06    6.28924e-07    3.66854e-07    1.78572e-07    6.19782e-08    6.49182e-09    1.29340e-09    1.10071e-10    4.28212e-11    2.29594e-11    6.80881e-12    3.55233e-12    3.10603e-13    1.91230e-13
+360 ||    7.86120e-05    8.02462e-05    7.71948e-05    5.99627e-05    4.07945e-05    3.21184e-05    2.94712e-05    2.74237e-05    2.50143e-05    2.23733e-05    1.95102e-05    1.65847e-05    1.37055e-05    1.10144e-05    8.59783e-06    6.48090e-06    4.75571e-06    3.44996e-06    2.47323e-06    1.73685e-06    1.17429e-06    7.35689e-07    4.75287e-07    2.96074e-07    1.69347e-07    7.41612e-08    2.71079e-08    3.42600e-09    5.78723e-10    5.60488e-11    2.21356e-11    1.27892e-11    3.71459e-12    2.17208e-12    6.29573e-13
