##########################################################################################
### MCD_v6.1 with Martian Year 34 scenario.
### Latitude 83.8N. Longitude 235.0E. Local time 12.0h
### --------------------------------------------------------------------------------------
### Column 1 is Areocentric longitude (degrees)
### Columns 2+ are Pressure (Pa)
### Line 1 is height above surface (m)
### --------------------------------------------------------------------------------------
### Retrieved on: 2024-06-07T22:17:03.260667
### Mars Climate Database (c) LMD/OU/IAA/ESA/CNES
##########################################################################################
---- ||    0.00000e+00    1.47059e+03    2.94118e+03    4.41176e+03    5.88235e+03    7.35294e+03    8.82353e+03    1.02941e+04    1.17647e+04    1.32353e+04    1.47059e+04    1.61765e+04    1.76471e+04    1.91176e+04    2.05882e+04    2.20588e+04    2.35294e+04    2.50000e+04    2.64706e+04    2.79412e+04    2.94118e+04    3.08824e+04    3.23529e+04    3.38235e+04    3.52941e+04    3.67647e+04    3.82353e+04    3.97059e+04    4.11765e+04    4.26471e+04    4.41176e+04    4.55882e+04    4.70588e+04    4.85294e+04    5.00000e+04
-----------------------------------
+000 ||    8.14653e+02    6.72189e+02    5.54271e+02    4.57540e+02    3.78853e+02    3.14272e+02    2.60575e+02    2.15635e+02    1.77996e+02    1.46552e+02    1.20300e+02    9.85184e+01    8.04898e+01    6.56123e+01    5.33878e+01    4.33715e+01    3.51874e+01    2.85187e+01    2.30994e+01    1.87067e+01    1.51537e+01    1.22844e+01    9.97950e+00    8.12450e+00    6.62849e+00    5.42758e+00    4.46005e+00    3.67459e+00    3.03945e+00    2.52321e+00    2.09915e+00    1.75451e+00    1.46823e+00    1.23345e+00    1.03806e+00
+015 ||    8.33195e+02    6.87256e+02    5.66817e+02    4.69057e+02    3.90964e+02    3.27291e+02    2.73975e+02    2.28808e+02    1.90510e+02    1.58052e+02    1.30753e+02    1.07824e+02    8.87013e+01    7.28094e+01    5.96468e+01    4.87781e+01    3.98376e+01    3.25078e+01    2.65149e+01    2.16286e+01    1.76535e+01    1.44237e+01    1.17990e+01    9.67077e+00    7.94617e+00    6.54046e+00    5.39862e+00    4.46958e+00    3.70743e+00    3.08550e+00    2.57403e+00    2.15181e+00    1.80416e+00    1.51510e+00    1.27511e+00
+030 ||    8.70251e+02    7.20199e+02    5.96860e+02    4.97012e+02    4.18217e+02    3.54454e+02    3.00925e+02    2.55169e+02    2.15869e+02    1.82135e+02    1.53262e+02    1.28577e+02    1.07589e+02    8.97984e+01    7.47654e+01    6.21053e+01    5.14809e+01    4.25969e+01    3.51946e+01    2.90476e+01    2.39578e+01    1.97534e+01    1.62857e+01    1.34332e+01    1.10892e+01    9.16001e+00    7.58079e+00    6.28162e+00    5.21193e+00    4.33592e+00    3.61182e+00    3.01456e+00    2.52146e+00    2.11140e+00    1.77253e+00
+045 ||    9.05726e+02    7.51847e+02    6.25846e+02    5.23969e+02    4.44480e+02    3.80894e+02    3.27514e+02    2.81552e+02    2.41665e+02    2.07044e+02    1.76949e+02    1.50862e+02    1.28302e+02    1.08833e+02    9.20740e+01    7.76908e+01    6.53884e+01    5.49043e+01    4.60033e+01    3.84744e+01    3.21282e+01    2.67953e+01    2.23218e+01    1.85801e+01    1.54606e+01    1.28617e+01    1.07019e+01    8.90704e+00    7.41805e+00    6.18309e+00    5.15659e+00    4.30779e+00    3.60141e+00    3.01443e+00    2.52658e+00
+060 ||    8.99307e+02    7.55383e+02    6.36596e+02    5.37469e+02    4.56143e+02    3.90154e+02    3.35581e+02    2.89255e+02    2.49302e+02    2.14576e+02    1.84339e+02    1.58002e+02    1.35050e+02    1.15130e+02    9.78875e+01    8.30088e+01    7.02131e+01    5.92480e+01    4.98858e+01    4.19205e+01    3.51565e+01    2.94358e+01    2.46154e+01    2.05639e+01    1.71625e+01    1.43142e+01    1.19361e+01    9.95176e+00    8.29960e+00    6.92279e+00    5.77927e+00    4.82680e+00    4.03430e+00    3.37548e+00    2.82531e+00
+075 ||    8.74668e+02    7.43680e+02    6.34918e+02    5.41557e+02    4.61320e+02    3.94142e+02    3.38993e+02    2.92842e+02    2.53320e+02    2.19029e+02    1.89070e+02    1.62851e+02    1.39917e+02    1.19894e+02    1.02455e+02    8.73140e+01    7.42135e+01    6.29206e+01    5.32224e+01    4.49238e+01    3.78472e+01    3.18316e+01    2.67327e+01    2.24110e+01    1.87658e+01    1.57009e+01    1.31248e+01    1.09664e+01    9.16139e+00    7.65325e+00    6.39432e+00    5.34363e+00    4.46783e+00    3.73664e+00    3.12741e+00
+090 ||    8.40354e+02    7.25278e+02    6.27138e+02    5.41688e+02    4.67105e+02    4.02629e+02    3.47758e+02    3.00898e+02    2.60441e+02    2.25227e+02    1.94441e+02    1.67431e+02    1.43775e+02    1.23120e+02    1.05131e+02    8.95134e+01    7.59983e+01    6.43455e+01    5.43376e+01    4.57772e+01    3.84837e+01    3.22924e+01    2.70481e+01    2.26205e+01    1.88990e+01    1.57777e+01    1.31616e+01    1.09769e+01    9.15398e+00    7.63563e+00    6.37089e+00    5.31773e+00    4.44233e+00    3.71277e+00    3.10632e+00
+105 ||    7.98813e+02    7.00765e+02    6.14398e+02    5.37946e+02    4.70180e+02    4.10112e+02    3.56970e+02    3.10147e+02    2.68936e+02    2.32797e+02    2.00988e+02    1.73078e+02    1.48622e+02    1.27243e+02    1.08585e+02    9.23782e+01    7.83519e+01    6.62548e+01    5.58626e+01    4.69735e+01    3.94041e+01    3.29756e+01    2.75479e+01    2.29832e+01    1.91563e+01    1.59549e+01    1.32811e+01    1.10553e+01    9.20254e+00    7.66451e+00    6.38606e+00    5.32406e+00    4.44367e+00    3.71124e+00    3.10394e+00
+120 ||    7.65707e+02    6.69950e+02    5.85573e+02    5.10965e+02    4.44932e+02    3.86532e+02    3.34990e+02    2.89606e+02    2.49857e+02    2.14996e+02    1.84534e+02    1.57921e+02    1.34695e+02    1.14525e+02    9.70682e+01    8.20151e+01    6.90863e+01    5.80297e+01    4.86166e+01    4.06388e+01    3.39065e+01    2.82473e+01    2.35064e+01    1.95457e+01    1.62432e+01    1.34978e+01    1.12184e+01    9.32688e+00    7.76175e+00    6.46328e+00    5.38777e+00    4.49768e+00    3.75768e+00    3.14558e+00    2.63605e+00
+135 ||    7.44871e+02    6.49878e+02    5.66163e+02    4.92307e+02    4.27091e+02    3.69502e+02    3.18799e+02    2.74238e+02    2.35283e+02    2.01295e+02    1.71703e+02    1.45978e+02    1.23711e+02    1.04494e+02    8.79467e+01    7.37855e+01    6.17339e+01    5.15267e+01    4.29202e+01    3.56928e+01    2.96451e+01    2.45997e+01    2.04002e+01    1.69155e+01    1.40285e+01    1.16382e+01    9.66410e+00    8.03344e+00    6.68348e+00    5.57073e+00    4.64970e+00    3.88507e+00    3.25481e+00    2.72890e+00    2.29349e+00
+150 ||    7.22878e+02    6.24383e+02    5.37624e+02    4.61442e+02    3.94689e+02    3.36507e+02    2.86089e+02    2.42561e+02    2.05243e+02    1.73355e+02    1.46093e+02    1.22803e+02    1.02947e+02    8.60400e+01    7.17041e+01    5.96134e+01    4.94582e+01    4.09623e+01    3.38806e+01    2.79969e+01    2.31221e+01    1.90920e+01    1.57673e+01    1.30300e+01    1.07768e+01    8.92080e+00    7.39869e+00    6.14492e+00    5.10978e+00    4.26064e+00    3.55769e+00    2.97588e+00    2.49543e+00    2.09454e+00    1.76311e+00
+165 ||    7.16668e+02    6.12460e+02    5.20780e+02    4.40918e+02    3.71695e+02    3.12213e+02    2.61522e+02    2.18616e+02    1.82617e+02    1.52447e+02    1.27088e+02    1.05726e+02    8.77589e+01    7.26774e+01    6.00494e+01    4.95285e+01    4.07923e+01    3.35614e+01    2.75942e+01    2.26822e+01    1.86467e+01    1.53372e+01    1.26286e+01    1.04112e+01    8.59394e+00    7.10732e+00    5.89106e+00    4.89056e+00    4.06950e+00    3.39482e+00    2.83496e+00    2.37645e+00    1.99278e+00    1.67713e+00    1.41149e+00
+180 ||    7.33360e+02    6.16129e+02    5.16141e+02    4.31651e+02    3.60481e+02    3.00594e+02    2.50207e+02    2.07896e+02    1.72478e+02    1.42836e+02    1.18053e+02    9.73344e+01    8.00601e+01    6.57121e+01    5.38302e+01    4.40188e+01    3.59436e+01    2.93202e+01    2.39025e+01    1.94814e+01    1.58828e+01    1.29593e+01    1.05873e+01    8.66232e+00    7.10375e+00    5.84167e+00    4.81446e+00    3.97876e+00    3.30131e+00    2.74389e+00    2.29047e+00    1.91539e+00    1.60820e+00    1.35155e+00    1.14154e+00
+195 ||    7.64159e+02    6.31574e+02    5.21834e+02    4.31567e+02    3.57536e+02    2.96285e+02    2.45237e+02    2.02549e+02    1.66870e+02    1.37123e+02    1.12387e+02    9.18948e+01    7.49730e+01    6.10239e+01    4.95775e+01    4.02102e+01    3.25657e+01    2.63454e+01    2.12988e+01    1.72156e+01    1.39200e+01    1.12657e+01    9.13171e+00    7.42456e+00    6.05206e+00    4.94663e+00    4.05982e+00    3.34686e+00    2.76582e+00    2.29898e+00    1.91539e+00    1.60437e+00    1.34586e+00    1.13646e+00    9.59634e-01
+210 ||    8.29696e+02    6.85231e+02    5.65323e+02    4.66305e+02    3.84614e+02    3.17013e+02    2.60924e+02    2.14351e+02    1.75727e+02    1.43780e+02    1.17381e+02    9.56548e+01    7.77884e+01    6.31429e+01    5.11671e+01    4.13936e+01    3.34338e+01    2.69657e+01    2.17222e+01    1.74814e+01    1.40598e+01    1.13063e+01    9.09453e+00    7.32764e+00    5.91611e+00    4.78978e+00    3.89140e+00    3.18511e+00    2.61712e+00    2.16123e+00    1.79480e+00    1.49503e+00    1.25168e+00    1.05156e+00    8.84796e-01
+225 ||    8.95204e+02    7.38862e+02    6.08804e+02    5.01083e+02    4.11750e+02    3.37807e+02    2.76689e+02    2.26254e+02    1.84709e+02    1.50557e+02    1.22516e+02    9.95430e+01    8.07355e+01    6.53801e+01    5.28607e+01    4.26668e+01    3.43781e+01    2.76499e+01    2.21986e+01    1.77905e+01    1.42347e+01    1.13752e+01    9.08252e+00    7.25209e+00    5.79855e+00    4.64988e+00    3.74431e+00    3.03965e+00    2.48479e+00    2.03845e+00    1.68784e+00    1.39813e+00    1.16824e+00    9.76466e-01    8.20600e-01
+240 ||    9.32825e+02    7.70903e+02    6.35533e+02    5.23322e+02    4.30214e+02    3.53099e+02    2.89330e+02    2.36681e+02    1.93295e+02    1.57614e+02    1.28294e+02    1.04272e+02    8.45934e+01    6.85184e+01    5.54084e+01    4.47326e+01    3.60532e+01    2.90096e+01    2.33043e+01    1.86929e+01    1.49748e+01    1.19855e+01    9.58772e+00    7.67430e+00    6.14921e+00    4.93552e+00    3.97401e+00    3.21840e+00    2.61769e+00    2.14026e+00    1.76204e+00    1.45466e+00    1.20968e+00    1.00830e+00    8.43881e-01
+255 ||    9.50375e+02    7.86365e+02    6.48574e+02    5.34209e+02    4.39257e+02    3.60597e+02    2.95529e+02    2.41790e+02    1.97493e+02    1.61056e+02    1.31111e+02    1.06571e+02    8.64617e+01    7.00338e+01    5.66340e+01    4.57226e+01    3.68539e+01    2.96595e+01    2.38348e+01    1.91295e+01    1.53385e+01    1.22921e+01    9.85113e+00    7.90336e+00    6.34729e+00    5.10428e+00    4.11487e+00    3.32675e+00    2.69719e+00    2.19789e+00    1.80118e+00    1.48189e+00    1.22755e+00    1.02033e+00    8.51246e-01
+270 ||    9.44227e+02    7.82848e+02    6.46388e+02    5.32725e+02    4.38185e+02    3.59809e+02    2.94949e+02    2.41368e+02    1.97191e+02    1.60844e+02    1.30960e+02    1.06466e+02    8.63936e+01    6.99867e+01    5.66003e+01    4.56962e+01    3.68299e+01    2.96342e+01    2.38054e+01    1.90944e+01    1.52968e+01    1.22438e+01    9.79523e+00    7.84021e+00    6.27977e+00    5.03497e+00    4.04485e+00    3.25892e+00    2.63308e+00    2.13537e+00    1.74313e+00    1.42628e+00    1.17768e+00    9.73771e-01    8.10296e-01
+285 ||    9.25055e+02    7.68542e+02    6.35283e+02    5.23830e+02    4.30950e+02    3.53917e+02    2.90149e+02    2.37460e+02    1.94011e+02    1.58259e+02    1.28865e+02    1.04769e+02    8.50169e+01    6.88715e+01    5.56960e+01    4.49612e+01    3.62302e+01    2.91415e+01    2.33974e+01    1.87532e+01    1.50081e+01    1.19967e+01    9.58068e+00    7.65036e+00    6.11139e+00    4.88579e+00    3.91131e+00    3.14108e+00    2.52951e+00    2.04167e+00    1.66075e+00    1.35334e+00    1.11315e+00    9.15588e-01    7.60495e-01
+300 ||    9.00286e+02    7.48085e+02    6.18495e+02    5.10087e+02    4.19716e+02    3.44726e+02    2.82629e+02    2.31306e+02    1.88974e+02    1.54136e+02    1.25490e+02    1.02010e+02    8.27651e+01    6.70373e+01    5.42061e+01    4.37556e+01    3.52595e+01    2.83654e+01    2.27820e+01    1.82701e+01    1.46335e+01    1.17103e+01    9.36553e+00    7.49090e+00    5.99466e+00    4.80182e+00    3.85157e+00    3.10087e+00    2.50455e+00    2.02759e+00    1.65537e+00    1.35354e+00    1.11675e+00    9.21384e-01    7.67243e-01
+315 ||    8.79407e+02    7.30860e+02    6.04390e+02    4.98582e+02    4.10349e+02    3.37083e+02    2.76391e+02    2.26212e+02    1.84813e+02    1.50737e+02    1.22709e+02    9.97359e+01    8.09120e+01    6.55285e+01    5.29815e+01    4.27660e+01    3.44645e+01    2.77319e+01    2.22824e+01    1.78809e+01    1.43349e+01    1.14851e+01    9.19913e+00    7.37018e+00    5.90858e+00    4.74206e+00    3.81178e+00    3.07593e+00    2.49172e+00    2.02333e+00    1.65770e+00    1.35973e+00    1.12530e+00    9.31298e-01    7.77298e-01
+330 ||    8.69766e+02    7.20614e+02    5.95038e+02    4.90489e+02    4.03515e+02    3.31370e+02    2.71630e+02    2.22247e+02    1.81512e+02    1.47989e+02    1.20429e+02    9.78480e+01    7.93490e+01    6.42418e+01    5.19234e+01    4.18957e+01    3.37473e+01    2.71385e+01    2.17894e+01    1.74697e+01    1.39907e+01    1.11971e+01    8.95927e+00    7.17183e+00    5.74818e+00    4.61524e+00    3.71393e+00    2.99996e+00    2.43473e+00    1.98114e+00    1.62454e+00    1.33472e+00    1.10470e+00    9.14315e-01    7.63445e-01
+345 ||    8.67497e+02    7.16499e+02    5.90781e+02    4.86636e+02    4.00215e+02    3.28584e+02    2.69293e+02    2.20287e+02    1.79865e+02    1.46606e+02    1.19268e+02    9.68759e+01    7.85390e+01    6.35694e+01    5.13659e+01    4.14327e+01    3.33608e+01    2.68134e+01    2.15136e+01    1.72339e+01    1.37880e+01    1.10231e+01    8.81120e+00    7.04728e+00    5.64735e+00    4.53630e+00    3.65407e+00    2.95458e+00    2.40182e+00    1.95763e+00    1.60657e+00    1.32144e+00    1.09380e+00    9.05703e-01    7.55937e-01
+360 ||    8.38286e+02    6.91878e+02    5.70392e+02    4.69803e+02    3.86390e+02    3.17480e+02    2.60914e+02    2.14653e+02    1.76686e+02    1.45356e+02    1.19368e+02    9.78309e+01    7.99909e+01    6.52366e+01    5.30865e+01    4.31124e+01    3.49508e+01    2.82928e+01    2.28771e+01    1.84841e+01    1.49292e+01    1.20578e+01    9.74656e+00    7.88909e+00    6.39534e+00    5.19451e+00    4.23463e+00    3.46158e+00    2.83582e+00    2.33657e+00    1.92848e+00    1.59965e+00    1.32908e+00    1.10999e+00    9.27017e-01
##########################################################################################
### MCD_v6.1 with Martian Year 34 scenario.
### Latitude 83.8N. Longitude 235.0E. Local time 12.0h
### --------------------------------------------------------------------------------------
### Column 1 is Areocentric longitude (degrees)
### Columns 2+ are Temperature (K)
### Line 1 is height above surface (m)
### --------------------------------------------------------------------------------------
### Retrieved on: 2024-06-07T22:17:03.261462
### Mars Climate Database (c) LMD/OU/IAA/ESA/CNES
##########################################################################################
---- ||    0.00000e+00    1.47059e+03    2.94118e+03    4.41176e+03    5.88235e+03    7.35294e+03    8.82353e+03    1.02941e+04    1.17647e+04    1.32353e+04    1.47059e+04    1.61765e+04    1.76471e+04    1.91176e+04    2.05882e+04    2.20588e+04    2.35294e+04    2.50000e+04    2.64706e+04    2.79412e+04    2.94118e+04    3.08824e+04    3.23529e+04    3.38235e+04    3.52941e+04    3.67647e+04    3.82353e+04    3.97059e+04    4.11765e+04    4.26471e+04    4.41176e+04    4.55882e+04    4.70588e+04    4.85294e+04    5.00000e+04
-----------------------------------
+000 ||    1.49472e+02    1.49099e+02    1.48796e+02    1.50758e+02    1.53241e+02    1.53549e+02    1.52295e+02    1.50262e+02    1.48013e+02    1.45768e+02    1.43693e+02    1.41806e+02    1.40126e+02    1.38659e+02    1.37381e+02    1.36300e+02    1.35438e+02    1.34815e+02    1.34458e+02    1.34405e+02    1.34687e+02    1.35327e+02    1.36541e+02    1.38096e+02    1.39926e+02    1.42035e+02    1.44306e+02    1.46678e+02    1.49179e+02    1.51685e+02    1.54194e+02    1.56513e+02    1.58782e+02    1.60825e+02    1.62765e+02
+015 ||    1.49740e+02    1.49229e+02    1.49628e+02    1.54645e+02    1.60369e+02    1.61807e+02    1.60246e+02    1.57502e+02    1.54506e+02    1.51692e+02    1.49151e+02    1.46958e+02    1.45030e+02    1.43347e+02    1.41908e+02    1.40738e+02    1.39855e+02    1.39278e+02    1.39021e+02    1.39109e+02    1.39517e+02    1.40220e+02    1.41180e+02    1.42449e+02    1.43965e+02    1.45620e+02    1.47458e+02    1.49399e+02    1.51382e+02    1.53397e+02    1.55382e+02    1.57343e+02    1.59187e+02    1.60969e+02    1.62577e+02
+030 ||    1.50093e+02    1.52711e+02    1.54238e+02    1.61563e+02    1.71653e+02    1.75761e+02    1.75372e+02    1.73148e+02    1.70370e+02    1.67472e+02    1.64617e+02    1.61882e+02    1.59286e+02    1.56855e+02    1.54622e+02    1.52620e+02    1.50882e+02    1.49430e+02    1.48280e+02    1.47425e+02    1.46855e+02    1.46553e+02    1.46494e+02    1.46790e+02    1.47315e+02    1.48007e+02    1.48993e+02    1.50106e+02    1.51354e+02    1.52747e+02    1.54166e+02    1.55614e+02    1.57046e+02    1.58470e+02    1.59804e+02
+045 ||    1.50446e+02    1.56155e+02    1.58700e+02    1.67808e+02    1.82049e+02    1.89325e+02    1.90076e+02    1.88579e+02    1.86146e+02    1.83412e+02    1.80518e+02    1.77551e+02    1.74564e+02    1.71612e+02    1.68754e+02    1.66054e+02    1.63566e+02    1.61332e+02    1.59372e+02    1.57686e+02    1.56262e+02    1.55082e+02    1.54174e+02    1.53554e+02    1.53135e+02    1.52917e+02    1.53017e+02    1.53232e+02    1.53667e+02    1.54258e+02    1.54953e+02    1.55806e+02    1.56677e+02    1.57577e+02    1.58474e+02
+060 ||    1.57410e+02    1.70328e+02    1.70910e+02    1.73195e+02    1.79894e+02    1.88163e+02    1.92482e+02    1.93284e+02    1.92016e+02    1.89634e+02    1.86691e+02    1.83530e+02    1.80310e+02    1.77129e+02    1.74055e+02    1.71149e+02    1.68456e+02    1.66000e+02    1.63793e+02    1.61830e+02    1.60133e+02    1.58675e+02    1.57427e+02    1.56374e+02    1.55559e+02    1.55040e+02    1.54691e+02    1.54603e+02    1.54697e+02    1.54892e+02    1.55294e+02    1.55758e+02    1.56323e+02    1.56945e+02    1.57586e+02
+075 ||    1.64375e+02    1.84380e+02    1.83937e+02    1.81806e+02    1.80569e+02    1.86762e+02    1.94059e+02    1.97149e+02    1.97379e+02    1.95605e+02    1.92707e+02    1.89392e+02    1.85966e+02    1.82559e+02    1.79260e+02    1.76143e+02    1.73260e+02    1.70627e+02    1.68245e+02    1.66100e+02    1.64168e+02    1.62425e+02    1.60850e+02    1.59502e+02    1.58362e+02    1.57406e+02    1.56721e+02    1.56311e+02    1.56025e+02    1.55980e+02    1.56004e+02    1.56126e+02    1.56371e+02    1.56667e+02    1.57047e+02
+090 ||    1.90473e+02    2.01847e+02    2.00596e+02    1.98301e+02    1.95483e+02    1.95357e+02    1.97716e+02    1.98504e+02    1.97823e+02    1.95596e+02    1.92539e+02    1.89014e+02    1.85402e+02    1.81845e+02    1.78394e+02    1.75081e+02    1.71948e+02    1.69046e+02    1.66414e+02    1.64069e+02    1.62003e+02    1.60198e+02    1.58671e+02    1.57426e+02    1.56406e+02    1.55587e+02    1.55080e+02    1.54802e+02    1.54664e+02    1.54771e+02    1.54958e+02    1.55260e+02    1.55721e+02    1.56247e+02    1.56883e+02
+105 ||    2.16572e+02    2.19789e+02    2.17518e+02    2.15004e+02    2.11593e+02    2.08377e+02    2.05102e+02    2.02200e+02    1.99379e+02    1.96361e+02    1.92784e+02    1.88986e+02    1.85129e+02    1.81367e+02    1.77750e+02    1.74257e+02    1.70887e+02    1.67698e+02    1.64772e+02    1.62171e+02    1.59914e+02    1.58051e+02    1.56532e+02    1.55332e+02    1.54412e+02    1.53740e+02    1.53414e+02    1.53272e+02    1.53289e+02    1.53550e+02    1.53901e+02    1.54386e+02    1.55060e+02    1.55815e+02    1.56709e+02
+120 ||    2.12782e+02    2.14934e+02    2.12267e+02    2.09316e+02    2.05716e+02    2.02098e+02    1.98600e+02    1.95216e+02    1.92119e+02    1.88624e+02    1.84968e+02    1.81207e+02    1.77427e+02    1.73770e+02    1.70297e+02    1.67043e+02    1.64057e+02    1.61392e+02    1.59082e+02    1.57135e+02    1.55534e+02    1.54261e+02    1.53294e+02    1.52604e+02    1.52227e+02    1.52127e+02    1.52223e+02    1.52526e+02    1.53060e+02    1.53697e+02    1.54490e+02    1.55433e+02    1.56445e+02    1.57574e+02    1.58734e+02
+135 ||    2.08992e+02    2.10051e+02    2.07080e+02    2.03990e+02    2.00143e+02    1.96165e+02    1.92314e+02    1.88495e+02    1.84984e+02    1.81244e+02    1.77621e+02    1.73910e+02    1.70198e+02    1.66637e+02    1.63381e+02    1.60502e+02    1.58032e+02    1.55965e+02    1.54272e+02    1.52924e+02    1.51893e+02    1.51153e+02    1.50746e+02    1.50610e+02    1.50713e+02    1.51025e+02    1.51629e+02    1.52411e+02    1.53317e+02    1.54422e+02    1.55619e+02    1.56886e+02    1.58243e+02    1.59608e+02    1.60988e+02
+150 ||    1.99812e+02    1.95581e+02    1.91361e+02    1.87252e+02    1.82935e+02    1.79093e+02    1.75708e+02    1.72894e+02    1.70596e+02    1.68362e+02    1.65768e+02    1.62961e+02    1.60093e+02    1.57398e+02    1.55013e+02    1.52966e+02    1.51264e+02    1.49902e+02    1.48868e+02    1.48145e+02    1.47714e+02    1.47556e+02    1.47706e+02    1.48128e+02    1.48763e+02    1.49579e+02    1.50655e+02    1.51860e+02    1.53169e+02    1.54626e+02    1.56120e+02    1.57658e+02    1.59194e+02    1.60729e+02    1.62176e+02
+165 ||    1.90633e+02    1.80930e+02    1.75647e+02    1.70937e+02    1.66405e+02    1.63037e+02    1.60489e+02    1.59135e+02    1.58617e+02    1.57607e+02    1.55983e+02    1.53951e+02    1.51859e+02    1.49936e+02    1.48282e+02    1.46901e+02    1.45816e+02    1.45036e+02    1.44559e+02    1.44376e+02    1.44470e+02    1.44853e+02    1.45526e+02    1.46417e+02    1.47489e+02    1.48774e+02    1.50230e+02    1.51778e+02    1.53429e+02    1.55128e+02    1.56847e+02    1.58538e+02    1.60218e+02    1.61769e+02    1.63321e+02
+180 ||    1.71164e+02    1.65337e+02    1.62652e+02    1.60762e+02    1.59070e+02    1.57359e+02    1.55498e+02    1.54099e+02    1.52739e+02    1.51033e+02    1.49129e+02    1.47130e+02    1.45255e+02    1.43566e+02    1.42091e+02    1.40858e+02    1.39888e+02    1.39192e+02    1.38778e+02    1.38662e+02    1.38875e+02    1.39403e+02    1.40288e+02    1.41480e+02    1.42933e+02    1.44636e+02    1.46559e+02    1.48764e+02    1.51006e+02    1.53279e+02    1.55655e+02    1.58046e+02    1.60474e+02    1.62857e+02    1.65008e+02
+195 ||    1.51695e+02    1.50352e+02    1.50480e+02    1.51912e+02    1.52855e+02    1.52357e+02    1.50820e+02    1.48772e+02    1.46594e+02    1.44570e+02    1.42618e+02    1.40792e+02    1.39105e+02    1.37596e+02    1.36246e+02    1.35071e+02    1.34115e+02    1.33420e+02    1.33013e+02    1.32925e+02    1.33191e+02    1.33881e+02    1.35135e+02    1.36742e+02    1.38618e+02    1.40817e+02    1.43610e+02    1.46417e+02    1.49265e+02    1.52356e+02    1.55518e+02    1.58845e+02    1.62117e+02    1.65146e+02    1.68175e+02
+210 ||    1.50645e+02    1.49461e+02    1.49016e+02    1.49139e+02    1.48967e+02    1.48060e+02    1.46626e+02    1.44948e+02    1.43230e+02    1.41605e+02    1.40028e+02    1.38523e+02    1.37109e+02    1.35790e+02    1.34554e+02    1.33397e+02    1.32353e+02    1.31450e+02    1.30704e+02    1.30137e+02    1.29794e+02    1.29776e+02    1.30168e+02    1.31167e+02    1.32576e+02    1.34710e+02    1.37851e+02    1.41542e+02    1.45222e+02    1.48851e+02    1.52335e+02    1.55740e+02    1.58946e+02    1.62015e+02    1.65024e+02
+225 ||    1.49596e+02    1.48568e+02    1.47568e+02    1.46388e+02    1.45063e+02    1.43760e+02    1.42482e+02    1.41224e+02    1.39982e+02    1.38763e+02    1.37559e+02    1.36368e+02    1.35200e+02    1.34053e+02    1.32909e+02    1.31741e+02    1.30578e+02    1.29437e+02    1.28322e+02    1.27244e+02    1.26269e+02    1.25518e+02    1.25104e+02    1.25463e+02    1.26394e+02    1.28626e+02    1.32302e+02    1.36992e+02    1.41356e+02    1.45552e+02    1.49066e+02    1.52549e+02    1.55670e+02    1.58778e+02    1.61670e+02
+240 ||    1.49430e+02    1.48655e+02    1.47764e+02    1.46648e+02    1.45318e+02    1.44004e+02    1.42707e+02    1.41429e+02    1.40172e+02    1.38936e+02    1.37715e+02    1.36505e+02    1.35315e+02    1.34145e+02    1.32993e+02    1.31857e+02    1.30759e+02    1.29706e+02    1.28704e+02    1.27794e+02    1.27038e+02    1.26525e+02    1.26420e+02    1.26898e+02    1.27667e+02    1.28931e+02    1.31401e+02    1.34673e+02    1.38197e+02    1.41913e+02    1.45628e+02    1.49342e+02    1.52683e+02    1.55906e+02    1.58932e+02
+255 ||    1.49265e+02    1.48737e+02    1.47900e+02    1.46758e+02    1.45424e+02    1.44100e+02    1.42787e+02    1.41492e+02    1.40221e+02    1.38970e+02    1.37734e+02    1.36507e+02    1.35298e+02    1.34106e+02    1.32946e+02    1.31837e+02    1.30805e+02    1.29841e+02    1.28952e+02    1.28206e+02    1.27672e+02    1.27421e+02    1.27690e+02    1.28331e+02    1.29107e+02    1.29970e+02    1.31413e+02    1.33311e+02    1.35673e+02    1.38890e+02    1.42540e+02    1.46492e+02    1.50036e+02    1.53375e+02    1.56508e+02
+270 ||    1.48585e+02    1.48336e+02    1.47693e+02    1.46689e+02    1.45395e+02    1.44088e+02    1.42785e+02    1.41497e+02    1.40229e+02    1.38978e+02    1.37740e+02    1.36506e+02    1.35279e+02    1.34063e+02    1.32871e+02    1.31716e+02    1.30614e+02    1.29561e+02    1.28568e+02    1.27686e+02    1.26973e+02    1.26492e+02    1.26445e+02    1.26800e+02    1.27328e+02    1.28026e+02    1.29319e+02    1.31097e+02    1.33273e+02    1.35941e+02    1.39473e+02    1.43314e+02    1.46790e+02    1.50210e+02    1.53215e+02
+285 ||    1.47905e+02    1.47929e+02    1.47453e+02    1.46530e+02    1.45271e+02    1.43983e+02    1.42691e+02    1.41410e+02    1.40146e+02    1.38897e+02    1.37657e+02    1.36416e+02    1.35172e+02    1.33934e+02    1.32711e+02    1.31513e+02    1.30345e+02    1.29206e+02    1.28112e+02    1.27101e+02    1.26222e+02    1.25536e+02    1.25165e+02    1.25264e+02    1.25558e+02    1.26144e+02    1.27281e+02    1.28969e+02    1.30887e+02    1.32978e+02    1.36616e+02    1.40305e+02    1.43804e+02    1.47304e+02    1.50073e+02
+300 ||    1.47576e+02    1.47621e+02    1.47159e+02    1.46262e+02    1.45019e+02    1.43747e+02    1.42465e+02    1.41183e+02    1.39911e+02    1.38652e+02    1.37406e+02    1.36167e+02    1.34936e+02    1.33721e+02    1.32534e+02    1.31389e+02    1.30298e+02    1.29266e+02    1.28299e+02    1.27455e+02    1.26791e+02    1.26349e+02    1.26164e+02    1.26351e+02    1.26746e+02    1.27511e+02    1.28819e+02    1.30783e+02    1.33051e+02    1.35537e+02    1.39250e+02    1.42930e+02    1.46258e+02    1.49586e+02    1.52424e+02
+315 ||    1.47247e+02    1.47312e+02    1.46872e+02    1.46022e+02    1.44797e+02    1.43541e+02    1.42270e+02    1.40988e+02    1.39707e+02    1.38436e+02    1.37185e+02    1.35948e+02    1.34729e+02    1.33536e+02    1.32384e+02    1.31291e+02    1.30277e+02    1.29353e+02    1.28514e+02    1.27837e+02    1.27391e+02    1.27184e+02    1.27196e+02    1.27441e+02    1.27937e+02    1.28874e+02    1.30381e+02    1.32579e+02    1.35189e+02    1.38058e+02    1.41799e+02    1.45481e+02    1.48642e+02    1.51802e+02    1.54698e+02
+330 ||    1.48183e+02    1.47969e+02    1.47338e+02    1.46370e+02    1.45093e+02    1.43779e+02    1.42440e+02    1.41092e+02    1.39777e+02    1.38483e+02    1.37224e+02    1.36008e+02    1.34809e+02    1.33619e+02    1.32450e+02    1.31317e+02    1.30232e+02    1.29211e+02    1.28271e+02    1.27472e+02    1.26899e+02    1.26618e+02    1.26644e+02    1.27040e+02    1.27851e+02    1.29141e+02    1.30911e+02    1.33187e+02    1.35914e+02    1.38862e+02    1.42297e+02    1.45638e+02    1.48623e+02    1.51608e+02    1.54309e+02
+345 ||    1.49119e+02    1.48615e+02    1.47819e+02    1.46770e+02    1.45444e+02    1.44074e+02    1.42668e+02    1.41253e+02    1.39905e+02    1.38585e+02    1.37319e+02    1.36122e+02    1.34943e+02    1.33754e+02    1.32565e+02    1.31390e+02    1.30228e+02    1.29105e+02    1.28058e+02    1.27124e+02    1.26406e+02    1.26046e+02    1.26100e+02    1.26651e+02    1.27785e+02    1.29373e+02    1.31355e+02    1.33709e+02    1.36514e+02    1.39464e+02    1.42591e+02    1.45634e+02    1.48443e+02    1.51241e+02    1.53772e+02
+360 ||    1.49225e+02    1.48834e+02    1.48083e+02    1.47013e+02    1.45861e+02    1.45494e+02    1.46264e+02    1.47270e+02    1.47293e+02    1.46267e+02    1.44569e+02    1.42672e+02    1.40764e+02    1.38981e+02    1.37391e+02    1.36030e+02    1.34897e+02    1.33991e+02    1.33322e+02    1.32900e+02    1.32740e+02    1.32854e+02    1.33433e+02    1.34345e+02    1.35548e+02    1.37062e+02    1.38976e+02    1.41070e+02    1.43300e+02    1.45813e+02    1.48340e+02    1.50905e+02    1.53394e+02    1.55646e+02    1.57897e+02
##########################################################################################
### MCD_v6.1 with Martian Year 34 scenario.
### Latitude 83.8N. Longitude 235.0E. Local time 12.0h
### --------------------------------------------------------------------------------------
### Column 1 is Areocentric longitude (degrees)
### Columns 2+ are Dust mass mixing ratio (kg/kg)
### Line 1 is height above surface (m)
### --------------------------------------------------------------------------------------
### Retrieved on: 2024-06-07T22:17:03.262234
### Mars Climate Database (c) LMD/OU/IAA/ESA/CNES
##########################################################################################
---- ||    0.00000e+00    1.47059e+03    2.94118e+03    4.41176e+03    5.88235e+03    7.35294e+03    8.82353e+03    1.02941e+04    1.17647e+04    1.32353e+04    1.47059e+04    1.61765e+04    1.76471e+04    1.91176e+04    2.05882e+04    2.20588e+04    2.35294e+04    2.50000e+04    2.64706e+04    2.79412e+04    2.94118e+04    3.08824e+04    3.23529e+04    3.38235e+04    3.52941e+04    3.67647e+04    3.82353e+04    3.97059e+04    4.11765e+04    4.26471e+04    4.41176e+04    4.55882e+04    4.70588e+04    4.85294e+04    5.00000e+04
-----------------------------------
+000 ||    2.10130e-06    1.84350e-06    1.94022e-06    2.03502e-06    1.88733e-06    1.54870e-06    1.16415e-06    8.02317e-07    5.03093e-07    2.74744e-07    1.38797e-07    6.19073e-08    2.54283e-08    1.10780e-08    5.45993e-09    3.09506e-09    1.85791e-09    1.07554e-09    5.50919e-10    2.27580e-10    6.24941e-11    7.60414e-12    1.89670e-12    1.13763e-13    4.98494e-15    1.87340e-15    8.55017e-15    3.14546e-13    1.48903e-12    1.74071e-12    1.44603e-12    1.11091e-12    7.65228e-13    5.65322e-13    4.31913e-13
+015 ||    1.28519e-06    1.14607e-06    1.22176e-06    1.32125e-06    1.09245e-06    7.18562e-07    4.20684e-07    2.17718e-07    9.74169e-08    4.14883e-08    1.42387e-08    4.91749e-09    1.82472e-09    8.28496e-10    4.11351e-10    1.70347e-10    5.11885e-11    8.64507e-12    3.99134e-13    1.39244e-14    4.62370e-18    4.62475e-18    8.07543e-18    2.44800e-17    1.36885e-15    2.58853e-15    2.17960e-15    1.39782e-15    7.13422e-16    8.34279e-16    7.23951e-16    4.11712e-16    2.28257e-16    1.14393e-16    5.03846e-17
+030 ||    9.58720e-07    1.01152e-06    1.01532e-06    1.11369e-06    1.06475e-06    7.83433e-07    4.96099e-07    3.06185e-07    1.90413e-07    1.23660e-07    8.28407e-08    5.74330e-08    3.93147e-08    2.57588e-08    1.55353e-08    8.31121e-09    3.82461e-09    1.52684e-09    5.60393e-10    2.08833e-10    8.17163e-11    3.16703e-11    1.07742e-11    4.08498e-12    1.02819e-12    3.07059e-13    1.99571e-13    1.24731e-13    8.43872e-14    5.82000e-14    3.69523e-14    2.26890e-14    1.33568e-14    6.62104e-15    3.58837e-15
+045 ||    6.32253e-07    8.78223e-07    8.21266e-07    8.79283e-07    9.80823e-07    8.28637e-07    5.59985e-07    3.74789e-07    2.70679e-07    2.05493e-07    1.62063e-07    1.27377e-07    9.74671e-08    7.12985e-08    4.89396e-08    3.09465e-08    1.76844e-08    8.98354e-09    4.03899e-09    1.60961e-09    5.85389e-10    2.24474e-10    9.88686e-11    4.52821e-11    1.67737e-11    4.20345e-12    1.68943e-12    5.74365e-13    3.68527e-13    2.39564e-13    1.62046e-13    1.13388e-13    7.27165e-14    4.45219e-14    2.61760e-14
+060 ||    9.51560e-07    1.42041e-06    1.35683e-06    1.24521e-06    1.07223e-06    1.00750e-06    8.70662e-07    6.89147e-07    5.27068e-07    3.81847e-07    2.74304e-07    1.97353e-07    1.42263e-07    1.00022e-07    6.78019e-08    4.41042e-08    2.75361e-08    1.66514e-08    1.01713e-08    6.75260e-09    5.04878e-09    4.19244e-09    3.35140e-09    2.42018e-09    1.48185e-09    8.42730e-10    3.66282e-10    1.32406e-10    3.18684e-11    5.01865e-12    2.26776e-12    7.99086e-13    3.56780e-13    1.69216e-13    6.85064e-14
+075 ||    1.27087e-06    1.93367e-06    1.90369e-06    1.69776e-06    1.21876e-06    1.09509e-06    1.13594e-06    9.98997e-07    8.03931e-07    5.84477e-07    4.11443e-07    2.86890e-07    1.98808e-07    1.35147e-07    8.93575e-08    5.77151e-08    3.70717e-08    2.41408e-08    1.66305e-08    1.25446e-08    1.00858e-08    8.48667e-09    7.42381e-09    5.71264e-09    3.92455e-09    2.29442e-09    1.16877e-09    5.23955e-10    9.32427e-11    3.98174e-11    6.59206e-12    2.58224e-12    1.09384e-12    3.76167e-13    2.00755e-13
+090 ||    9.71893e-06    3.88400e-06    3.11415e-06    2.64074e-06    2.08065e-06    1.63456e-06    1.45127e-06    1.26205e-06    1.04745e-06    8.26021e-07    6.19314e-07    4.54979e-07    3.33446e-07    2.42125e-07    1.72609e-07    1.19914e-07    8.07797e-08    5.34508e-08    3.56024e-08    2.40874e-08    1.65040e-08    1.15279e-08    8.42239e-09    5.92190e-09    3.85502e-09    2.18005e-09    1.15689e-09    5.28698e-10    1.36352e-10    6.38415e-11    1.70526e-11    6.60965e-12    3.47201e-12    2.03940e-12    1.05749e-12
+105 ||    1.81670e-05    6.07603e-06    4.50622e-06    3.69081e-06    3.02570e-06    2.37483e-06    1.92504e-06    1.57640e-06    1.32097e-06    1.08245e-06    8.60302e-07    6.60646e-07    4.95107e-07    3.68287e-07    2.71810e-07    1.96033e-07    1.36195e-07    9.07816e-08    5.98311e-08    3.93285e-08    2.49972e-08    1.62832e-08    1.04530e-08    6.50042e-09    3.83249e-09    2.08778e-09    1.15480e-09    5.37058e-10    1.90004e-10    9.13218e-11    2.79342e-11    1.08789e-11    5.88095e-12    3.70484e-12    1.91323e-12
+120 ||    1.52170e-05    5.15864e-06    3.69192e-06    2.93086e-06    2.38763e-06    1.92345e-06    1.55255e-06    1.27137e-06    1.03495e-06    8.05614e-07    5.99395e-07    4.26927e-07    3.01207e-07    2.09754e-07    1.43195e-07    9.46705e-08    6.00104e-08    3.75441e-08    2.38326e-08    1.50765e-08    9.52983e-09    5.97786e-09    3.64547e-09    2.10984e-09    1.21077e-09    6.53983e-10    2.94305e-10    1.15505e-10    5.08215e-11    1.51743e-11    6.32231e-12    3.18393e-12    1.99011e-12    1.06591e-12    4.15585e-13
+135 ||    1.22670e-05    4.23973e-06    2.90990e-06    2.26019e-06    1.84766e-06    1.54655e-06    1.24318e-06    1.00775e-06    7.76726e-07    5.58704e-07    3.72377e-07    2.34563e-07    1.39762e-07    7.82862e-08    4.13876e-08    1.96872e-08    8.10118e-09    2.93310e-09    9.83641e-10    3.57715e-10    1.43443e-10    6.03773e-11    2.90678e-11    1.54488e-11    9.10730e-12    5.75670e-12    3.74402e-12    2.30921e-12    1.25712e-12    7.19252e-13    3.71432e-13    1.68712e-13    9.76251e-14    4.26302e-14    2.57052e-14
+150 ||    8.12769e-06    3.72978e-06    2.85099e-06    2.40251e-06    2.06074e-06    1.72006e-06    1.36414e-06    1.05732e-06    7.60746e-07    4.97738e-07    2.88474e-07    1.55592e-07    7.67303e-08    3.54157e-08    1.59061e-08    6.66447e-09    2.48029e-09    8.32034e-10    2.85460e-10    1.10479e-10    4.56838e-11    1.75395e-11    8.98673e-12    5.34987e-12    3.36202e-12    2.00367e-12    1.23496e-12    7.05460e-13    3.72918e-13    3.04900e-13    2.36926e-13    1.69004e-13    1.12466e-13    6.02858e-14    3.73409e-14
+165 ||    3.98836e-06    3.31095e-06    2.91485e-06    2.63876e-06    2.32948e-06    1.91690e-06    1.47313e-06    1.08713e-06    7.29454e-07    4.17447e-07    2.05319e-07    9.43607e-08    3.74717e-08    1.42218e-08    6.38161e-09    2.55862e-09    8.59789e-10    2.67784e-10    9.65614e-11    3.82474e-11    1.26323e-11    4.75029e-12    2.63848e-12    1.61784e-12    9.64707e-13    5.67907e-13    3.67858e-13    2.84542e-13    3.54387e-13    3.25016e-13    2.54510e-13    1.66655e-13    8.36181e-14    5.64047e-14    2.91912e-14
+180 ||    5.18395e-06    4.41173e-06    4.00028e-06    3.43480e-06    2.64235e-06    1.85823e-06    1.20706e-06    7.25876e-07    4.18253e-07    2.16714e-07    1.11424e-07    7.12859e-08    6.41828e-08    7.76415e-08    1.07558e-07    1.52668e-07    2.16343e-07    3.08698e-07    4.35996e-07    6.06035e-07    8.07678e-07    1.00924e-06    1.21137e-06    1.41649e-06    1.63017e-06    1.79393e-06    1.93886e-06    2.07339e-06    2.01635e-06    1.90394e-06    1.70848e-06    1.50684e-06    1.29121e-06    1.08022e-06    8.93634e-07
+195 ||    6.37953e-06    5.54349e-06    5.09340e-06    4.17361e-06    2.88096e-06    1.76669e-06    9.36977e-07    4.27952e-07    2.04585e-07    1.02415e-07    8.08874e-08    9.08779e-08    1.18613e-07    1.73150e-07    2.55136e-07    3.67937e-07    5.30218e-07    7.63111e-07    1.08183e-06    1.47343e-06    1.89192e-06    2.30857e-06    2.72822e-06    3.16874e-06    3.53405e-06    3.83954e-06    4.11833e-06    4.04666e-06    3.82512e-06    3.42499e-06    3.01368e-06    2.57654e-06    2.15111e-06    1.77740e-06    1.40369e-06
+210 ||    6.08728e-06    5.30331e-06    5.17617e-06    4.76979e-06    4.06012e-06    3.28339e-06    2.50205e-06    1.81109e-06    1.28823e-06    8.93199e-07    6.31582e-07    4.51385e-07    3.47764e-07    3.01590e-07    2.97174e-07    3.25157e-07    3.88466e-07    4.93145e-07    6.44944e-07    8.32541e-07    1.03036e-06    1.22990e-06    1.43413e-06    1.65320e-06    1.83462e-06    1.99231e-06    2.13757e-06    2.04169e-06    1.88952e-06    1.67305e-06    1.44599e-06    1.21319e-06    1.00265e-06    8.07210e-07    6.26221e-07
+225 ||    5.79503e-06    5.06451e-06    5.25196e-06    5.35524e-06    5.25307e-06    4.82357e-06    4.07037e-06    3.15907e-06    2.31686e-06    1.63561e-06    1.13211e-06    7.74413e-07    5.48345e-07    4.04699e-07    3.15397e-07    2.57471e-07    2.16617e-07    1.86016e-07    1.62857e-07    1.42664e-07    1.25023e-07    1.11455e-07    1.02380e-07    9.51789e-08    9.75316e-08    9.91339e-08    9.54182e-08    8.48312e-08    6.84653e-08    4.91386e-08    3.37679e-08    1.85797e-08    1.21646e-08    6.08209e-09    3.07773e-09
+240 ||    3.97639e-06    3.14782e-06    3.23518e-06    3.26741e-06    3.16681e-06    2.87576e-06    2.41383e-06    1.87711e-06    1.38367e-06    9.83313e-07    6.90700e-07    4.77726e-07    3.40900e-07    2.51913e-07    1.93686e-07    1.54379e-07    1.26486e-07    1.05859e-07    9.04296e-08    7.77960e-08    6.71095e-08    5.85644e-08    5.32003e-08    4.90601e-08    4.83529e-08    4.99880e-08    4.86454e-08    4.38682e-08    3.67807e-08    2.69627e-08    1.86343e-08    1.09007e-08    6.68265e-09    3.59100e-09    1.63687e-09
+255 ||    2.15776e-06    1.23384e-06    1.22313e-06    1.17909e-06    1.05740e-06    8.81925e-07    6.90006e-07    5.20203e-07    3.85902e-07    2.83721e-07    2.10304e-07    1.55551e-07    1.17070e-07    8.76173e-08    6.40074e-08    4.54996e-08    3.19083e-08    2.21367e-08    1.51473e-08    1.01704e-08    6.61525e-09    4.06665e-09    2.42573e-09    1.35123e-09    6.03696e-10    1.52614e-10    3.96482e-11    3.97019e-12    6.97154e-12    2.69481e-11    3.15259e-11    2.53796e-11    1.88168e-11    1.20456e-11    7.17704e-12
+270 ||    1.33417e-06    7.30617e-07    6.89138e-07    6.53915e-07    5.88443e-07    4.95064e-07    3.92033e-07    2.99439e-07    2.24920e-07    1.67214e-07    1.25292e-07    9.36139e-08    7.08930e-08    5.36894e-08    3.99528e-08    2.91353e-08    2.10557e-08    1.51864e-08    1.09616e-08    7.88696e-09    5.56712e-09    3.75236e-09    2.41629e-09    1.43339e-09    6.96193e-10    2.13283e-10    4.94440e-11    6.82372e-12    4.66871e-12    1.49091e-11    1.53485e-11    1.22836e-11    9.08899e-12    5.87443e-12    3.98858e-12
+285 ||    5.10577e-07    2.28502e-07    1.54272e-07    1.24789e-07    1.12114e-07    9.89841e-08    8.46980e-08    7.07650e-08    5.80348e-08    4.66488e-08    3.70152e-08    2.90890e-08    2.31060e-08    1.84687e-08    1.48523e-08    1.19779e-08    9.64469e-09    7.86281e-09    6.54147e-09    5.46044e-09    4.42023e-09    3.36263e-09    2.34044e-09    1.45392e-09    7.42050e-10    2.51886e-10    3.55994e-11    7.30537e-12    2.50755e-14    6.16157e-14    2.48659e-13    4.89827e-13    1.03838e-12    1.58693e-12    1.23332e-12
+300 ||    7.77942e-07    4.89764e-07    4.23417e-07    3.87403e-07    3.37067e-07    2.61705e-07    1.76270e-07    1.11265e-07    7.11033e-08    4.78964e-08    3.49077e-08    2.62146e-08    2.02296e-08    1.56309e-08    1.21939e-08    9.80893e-09    8.33711e-09    7.41100e-09    6.70377e-09    6.35911e-09    6.70711e-09    7.90478e-09    1.00008e-08    9.80236e-09    9.69388e-09    9.64022e-09    9.47984e-09    8.18384e-09    6.36250e-09    4.16417e-09    2.93114e-09    1.85680e-09    1.71594e-09    1.57509e-09    1.67114e-09
+315 ||    1.04531e-06    7.51042e-07    6.93000e-07    6.51744e-07    5.66448e-07    4.30682e-07    2.73621e-07    1.55325e-07    8.57458e-08    4.96900e-08    3.31186e-08    2.35384e-08    1.74719e-08    1.28847e-08    9.60465e-09    7.69173e-09    7.07626e-09    7.00502e-09    6.90695e-09    7.31530e-09    9.13639e-09    1.27289e-08    1.79085e-08    1.82400e-08    1.87267e-08    1.90400e-08    1.88146e-08    1.62653e-08    1.26181e-08    8.28454e-09    5.87892e-09    3.71980e-09    3.44206e-09    3.16433e-09    3.32559e-09
+330 ||    2.70914e-06    2.22095e-06    2.24813e-06    2.27018e-06    2.25599e-06    2.16078e-06    2.01621e-06    1.83908e-06    1.63287e-06    1.39423e-06    1.13235e-06    8.67257e-07    6.30431e-07    4.35515e-07    2.89188e-07    1.88001e-07    1.21137e-07    7.85681e-08    5.24056e-08    3.64514e-08    2.64671e-08    2.04050e-08    1.68509e-08    1.36138e-08    1.19523e-08    1.08989e-08    9.92535e-09    8.29531e-09    6.19892e-09    4.03656e-09    2.83030e-09    1.84709e-09    1.70795e-09    1.56882e-09    1.67356e-09
+345 ||    4.37297e-06    3.69549e-06    3.80407e-06    3.88901e-06    3.94951e-06    3.89735e-06    3.76549e-06    3.52796e-06    3.18303e-06    2.73999e-06    2.23138e-06    1.70942e-06    1.24107e-06    8.55403e-07    5.65986e-07    3.65723e-07    2.32895e-07    1.48231e-07    9.64724e-08    6.44737e-08    4.26812e-08    2.68399e-08    1.53016e-08    8.43379e-09    4.86239e-09    2.64493e-09    1.29023e-09    5.70940e-10    2.46256e-10    5.13291e-11    2.28074e-11    1.58922e-12    9.41937e-13    3.18255e-13    2.12741e-13
+360 ||    3.25495e-06    2.93785e-06    3.02855e-06    3.13216e-06    3.29581e-06    3.47303e-06    3.55880e-06    3.41212e-06    3.04766e-06    2.53106e-06    1.96515e-06    1.43607e-06    9.89296e-07    6.53074e-07    4.13585e-07    2.54080e-07    1.52975e-07    9.20926e-08    5.73937e-08    3.75704e-08    2.51261e-08    1.61923e-08    1.00948e-08    5.99726e-09    3.31547e-09    1.84221e-09    1.07420e-09    5.53536e-10    2.16037e-10    1.07960e-10    2.45861e-11    1.10943e-11    8.05536e-13    4.96834e-13    1.88130e-13
##########################################################################################
### MCD_v6.1 with Martian Year 34 scenario.
### Latitude 83.8N. Longitude 235.0E. Local time 12.0h
### --------------------------------------------------------------------------------------
### Column 1 is Areocentric longitude (degrees)
### Columns 2+ are Water ice mixing ratio (mol/mol)
### Line 1 is height above surface (m)
### --------------------------------------------------------------------------------------
### Retrieved on: 2024-06-07T22:17:03.263006
### Mars Climate Database (c) LMD/OU/IAA/ESA/CNES
##########################################################################################
---- ||    0.00000e+00    1.47059e+03    2.94118e+03    4.41176e+03    5.88235e+03    7.35294e+03    8.82353e+03    1.02941e+04    1.17647e+04    1.32353e+04    1.47059e+04    1.61765e+04    1.76471e+04    1.91176e+04    2.05882e+04    2.20588e+04    2.35294e+04    2.50000e+04    2.64706e+04    2.79412e+04    2.94118e+04    3.08824e+04    3.23529e+04    3.38235e+04    3.52941e+04    3.67647e+04    3.82353e+04    3.97059e+04    4.11765e+04    4.26471e+04    4.41176e+04    4.55882e+04    4.70588e+04    4.85294e+04    5.00000e+04
-----------------------------------
+000 ||    7.51022e-05    7.49438e-05    6.68263e-05    4.36068e-05    2.53213e-05    1.53507e-05    8.62832e-06    4.88071e-06    2.92035e-06    1.90907e-06    1.50398e-06    1.31454e-06    1.21587e-06    1.12702e-06    1.01385e-06    8.80856e-07    7.35088e-07    5.69325e-07    4.01059e-07    2.62431e-07    1.69646e-07    1.25288e-07    1.03584e-07    8.65874e-08    7.26604e-08    6.04928e-08    4.56046e-08    3.04164e-08    1.72062e-08    8.78154e-09    3.19021e-09    1.30809e-09    3.93705e-10    7.70082e-11    3.29574e-11
+015 ||    8.89366e-05    9.13461e-05    7.11642e-05    3.21362e-05    8.84210e-06    2.28834e-06    6.10617e-07    1.74920e-07    8.43348e-08    5.85446e-08    6.63492e-08    9.42110e-08    1.22658e-07    1.43972e-07    1.50235e-07    1.37315e-07    1.10637e-07    7.79114e-08    2.89446e-08    8.37868e-09    3.03610e-09    1.69667e-09    8.71349e-10    4.40655e-10    2.12177e-10    7.68978e-11    2.79716e-11    9.34190e-12    2.19731e-12    8.24305e-13    1.32050e-13    3.43386e-14    4.30326e-17    1.43348e-17    0.00000e+00
+030 ||    1.30595e-04    1.56858e-04    1.20655e-04    6.20911e-05    1.94516e-05    4.16307e-06    9.93503e-07    1.91045e-07    7.32911e-08    4.56288e-08    3.86009e-08    4.59590e-08    5.92551e-08    7.30620e-08    8.54254e-08    8.99680e-08    8.48402e-08    7.14512e-08    5.35156e-08    2.88661e-08    1.21560e-08    4.55349e-09    2.09167e-09    1.01789e-09    4.38273e-10    1.82795e-10    9.20803e-11    3.37103e-11    9.51587e-12    3.96617e-12    1.00097e-12    3.25188e-13    6.03985e-14    1.20001e-14    2.00626e-17
+045 ||    1.72254e-04    2.23062e-04    1.71518e-04    9.52528e-05    3.38047e-05    7.13858e-06    1.64054e-06    3.17632e-07    3.13392e-08    2.56761e-08    2.16667e-08    1.94471e-08    1.83942e-08    1.86654e-08    2.07704e-08    2.60532e-08    2.95224e-08    3.02575e-08    2.78864e-08    2.25100e-08    1.58285e-08    9.85402e-09    6.93415e-09    3.84821e-09    1.55538e-09    3.58591e-10    1.32307e-10    3.55012e-11    1.14153e-11    1.10350e-12    9.11088e-15    4.96535e-16    0.00000e+00    0.00000e+00    0.00000e+00
+060 ||    3.12869e-04    3.76954e-04    3.22607e-04    2.61723e-04    1.93651e-04    1.32320e-04    8.12158e-05    4.01709e-05    1.51487e-05    3.23453e-06    1.04560e-06    4.55197e-07    2.04940e-07    8.86921e-08    4.32873e-08    3.05588e-08    2.60316e-08    2.29869e-08    2.02975e-08    1.96962e-08    2.53690e-08    3.31669e-08    2.84680e-08    1.60384e-08    7.12937e-09    3.37725e-09    1.27394e-09    4.39273e-10    8.78685e-11    3.53478e-12    4.55732e-13    7.01237e-16    1.41100e-16    0.00000e+00    0.00000e+00
+075 ||    4.53484e-04    5.34791e-04    4.70616e-04    4.17050e-04    3.55516e-04    2.68468e-04    1.74519e-04    9.35898e-05    3.80815e-05    8.31636e-06    2.60167e-06    1.17204e-06    5.23066e-07    2.14172e-07    8.45555e-08    4.50215e-08    2.80824e-08    1.88571e-08    1.22640e-08    1.16726e-08    2.25152e-08    4.19102e-08    6.08190e-08    3.68223e-08    1.95728e-08    7.86421e-09    3.86608e-09    1.65572e-09    2.30355e-10    8.59258e-11    4.00344e-13    6.88121e-14    2.59663e-16    0.00000e+00    0.00000e+00
+090 ||    2.93719e-04    3.36586e-04    3.06894e-04    2.82559e-04    2.47930e-04    2.10510e-04    1.53519e-04    9.40708e-05    4.20800e-05    1.66206e-05    6.14995e-06    4.65290e-06    4.22177e-06    3.63129e-06    2.89408e-06    2.13756e-06    1.48359e-06    9.58880e-07    5.55258e-07    2.86423e-07    1.41241e-07    7.22755e-08    4.18115e-08    2.32940e-08    1.14401e-08    4.42367e-09    2.21994e-09    9.04139e-10    1.18186e-10    4.38177e-11    1.98813e-13    3.02785e-14    1.24814e-16    0.00000e+00    0.00000e+00
+105 ||    1.33954e-04    1.30501e-04    1.33343e-04    1.31945e-04    1.33174e-04    1.15577e-04    1.09591e-04    8.14969e-05    4.04430e-05    1.87145e-05    1.10185e-05    7.91540e-06    7.83212e-06    7.42151e-06    6.27186e-06    4.80369e-06    3.39263e-06    2.24448e-06    1.33508e-06    6.78445e-07    3.15216e-07    1.44104e-07    4.50137e-08    7.34617e-09    1.17012e-09    5.33832e-10    2.26647e-10    5.56813e-11    2.13531e-12    3.31006e-13    1.08801e-15    1.69003e-16    0.00000e+00    0.00000e+00    0.00000e+00
+120 ||    1.15142e-04    1.45019e-04    1.57853e-04    1.59440e-04    1.53398e-04    1.44889e-04    1.18418e-04    8.89753e-05    4.99209e-05    3.28501e-05    1.91376e-05    1.14736e-05    7.69225e-06    5.14880e-06    3.43073e-06    2.24756e-06    1.45339e-06    8.81971e-07    4.68636e-07    2.27174e-07    1.01723e-07    3.54481e-08    5.14147e-09    6.74657e-10    3.29440e-10    1.37160e-10    3.14124e-11    3.97739e-12    1.89421e-13    5.77966e-16    1.15379e-16    0.00000e+00    0.00000e+00    0.00000e+00    0.00000e+00
+135 ||    9.63295e-05    1.60574e-04    1.82512e-04    1.85354e-04    1.81883e-04    1.68638e-04    1.34712e-04    9.89324e-05    6.64593e-05    4.54229e-05    2.45619e-05    1.27036e-05    5.87097e-06    2.31364e-06    8.39451e-07    3.23456e-07    1.57593e-07    8.17731e-08    3.69522e-08    1.43964e-08    4.68628e-09    1.11687e-09    2.29019e-10    1.96943e-11    2.07048e-13    4.77892e-17    1.24568e-17    0.00000e+00    0.00000e+00    0.00000e+00    0.00000e+00    0.00000e+00    0.00000e+00    0.00000e+00    0.00000e+00
+150 ||    2.32924e-04    2.82881e-04    2.84273e-04    2.76601e-04    2.60564e-04    2.30993e-04    1.94757e-04    1.36936e-04    8.45777e-05    4.23916e-05    1.75312e-05    5.45019e-06    1.74405e-06    6.73572e-07    3.25374e-07    1.93090e-07    1.25521e-07    8.48065e-08    6.13947e-08    4.84805e-08    4.19105e-08    3.81798e-08    3.53433e-08    3.06512e-08    2.41949e-08    1.63293e-08    9.58115e-09    4.68835e-09    1.34216e-09    4.87634e-10    1.37026e-11    2.98032e-12    7.57964e-15    1.28869e-15    0.00000e+00
+165 ||    3.69518e-04    4.01632e-04    3.83862e-04    3.65067e-04    3.34101e-04    2.98146e-04    2.44463e-04    1.59219e-04    8.15989e-05    3.28568e-05    7.13452e-06    1.46662e-06    5.86223e-07    3.56639e-07    2.46067e-07    1.80635e-07    1.39187e-07    1.11469e-07    9.32633e-08    8.28305e-08    7.60496e-08    7.02309e-08    6.01519e-08    4.60846e-08    3.02711e-08    1.64002e-08    7.82351e-09    2.27228e-09    5.43695e-10    2.17778e-11    1.34639e-13    1.16495e-14    0.00000e+00    0.00000e+00    0.00000e+00
+180 ||    2.20849e-04    2.32471e-04    2.12801e-04    1.88821e-04    1.67504e-04    1.43577e-04    1.10965e-04    6.49083e-05    3.00023e-05    1.08046e-05    2.97021e-06    2.09091e-06    2.23403e-06    2.52985e-06    2.94282e-06    3.50837e-06    4.21971e-06    5.02059e-06    5.85328e-06    6.68958e-06    7.53852e-06    8.36968e-06    9.11204e-06    9.72287e-06    1.00957e-05    1.00824e-05    9.77823e-06    9.12540e-06    7.75163e-06    6.27595e-06    4.98695e-06    3.77059e-06    2.71873e-06    1.73266e-06    1.09218e-06
+195 ||    7.21801e-05    6.21458e-05    4.22708e-05    1.83027e-05    8.65786e-06    4.64411e-06    3.61620e-06    3.00404e-06    2.69093e-06    2.70055e-06    3.05341e-06    3.61857e-06    4.32421e-06    5.16605e-06    6.24558e-06    7.61097e-06    9.21132e-06    1.09234e-05    1.26589e-05    1.44111e-05    1.61548e-05    1.77975e-05    1.91925e-05    2.00122e-05    2.01973e-05    1.97394e-05    1.83884e-05    1.57267e-05    1.26656e-05    1.00268e-05    7.54116e-06    5.40882e-06    3.43332e-06    2.15050e-06    8.67682e-07
+210 ||    5.37396e-05    4.62649e-05    3.66969e-05    2.46387e-05    1.94096e-05    1.69236e-05    1.58682e-05    1.49827e-05    1.43225e-05    1.39870e-05    1.40491e-05    1.43392e-05    1.48017e-05    1.54126e-05    1.62501e-05    1.73697e-05    1.87628e-05    2.03912e-05    2.21816e-05    2.40637e-05    2.57507e-05    2.69498e-05    2.74660e-05    2.61716e-05    2.37602e-05    2.06199e-05    1.70641e-05    1.37045e-05    1.05097e-05    7.53658e-06    5.34668e-06    3.58078e-06    2.27052e-06    1.26956e-06    4.29413e-07
+225 ||    3.52990e-05    3.04263e-05    3.08870e-05    3.08740e-05    3.02528e-05    2.92409e-05    2.81086e-05    2.69201e-05    2.58865e-05    2.52174e-05    2.49627e-05    2.49834e-05    2.51969e-05    2.55676e-05    2.61524e-05    2.70245e-05    2.82242e-05    2.98065e-05    3.16834e-05    3.37050e-05    3.52776e-05    3.59547e-05    3.54071e-05    3.20023e-05    2.67778e-05    2.09068e-05    1.52736e-05    1.16856e-05    8.27125e-06    4.94590e-06    3.48667e-06    2.11352e-06    1.38858e-06    6.88215e-07    3.32098e-07
+240 ||    2.85290e-05    2.09170e-05    2.11544e-05    2.12258e-05    2.09262e-05    2.03787e-05    1.97458e-05    1.90375e-05    1.83413e-05    1.77920e-05    1.74574e-05    1.72464e-05    1.71320e-05    1.71500e-05    1.73751e-05    1.78866e-05    1.87456e-05    1.99958e-05    2.15183e-05    2.31049e-05    2.43548e-05    2.49462e-05    2.45228e-05    2.20862e-05    1.85037e-05    1.41166e-05    9.82962e-06    7.12180e-06    4.88833e-06    2.99602e-06    1.93699e-06    1.21074e-06    7.64293e-07    4.07496e-07    1.78329e-07
+255 ||    2.17591e-05    1.14186e-05    1.14324e-05    1.15646e-05    1.15375e-05    1.14366e-05    1.12932e-05    1.10557e-05    1.07129e-05    1.03244e-05    9.92887e-06    9.50961e-06    9.08468e-06    8.76975e-06    8.66232e-06    8.84897e-06    9.40830e-06    1.03761e-05    1.15868e-05    1.27722e-05    1.36230e-05    1.39338e-05    1.33331e-05    1.16056e-05    9.17079e-06    6.10385e-06    3.47887e-06    1.77847e-06    6.90131e-07    2.80735e-07    7.98669e-08    2.42220e-08    4.04858e-09    1.62026e-09    1.35282e-10
+270 ||    1.57942e-05    7.37415e-06    6.66131e-06    6.57268e-06    6.58832e-06    6.59709e-06    6.60025e-06    6.56580e-06    6.48615e-06    6.39552e-06    6.31578e-06    6.22469e-06    6.10926e-06    6.04405e-06    6.14459e-06    6.50246e-06    7.18949e-06    8.23045e-06    9.50055e-06    1.07296e-05    1.15776e-05    1.18003e-05    1.09765e-05    9.13997e-06    6.82712e-06    4.26915e-06    2.32130e-06    1.17242e-06    4.64585e-07    1.64777e-07    5.42114e-08    1.13084e-08    3.51575e-09    1.13939e-09    2.50250e-10
+285 ||    9.82939e-06    3.35460e-06    1.88852e-06    1.58189e-06    1.63801e-06    1.75540e-06    1.90329e-06    2.06675e-06    2.24596e-06    2.45353e-06    2.68974e-06    2.92558e-06    3.12055e-06    3.31426e-06    3.63697e-06    4.18640e-06    5.02617e-06    6.16702e-06    7.51190e-06    8.77300e-06    9.56014e-06    9.59042e-06    8.53709e-06    6.51614e-06    4.37147e-06    2.43218e-06    1.18450e-06    6.03106e-07    2.52558e-07    6.78457e-08    3.09972e-08    5.17717e-09    2.85912e-09    5.41067e-10    3.15466e-10
+300 ||    1.15293e-05    5.33864e-06    3.99820e-06    3.54689e-06    3.39570e-06    3.32606e-06    3.27518e-06    3.21996e-06    3.17677e-06    3.15981e-06    3.18624e-06    3.25099e-06    3.34617e-06    3.48738e-06    3.74744e-06    4.17533e-06    4.79527e-06    5.57545e-06    6.42730e-06    7.18504e-06    7.60035e-06    7.47075e-06    6.64455e-06    5.19724e-06    3.73963e-06    2.45483e-06    1.53149e-06    1.09355e-06    7.78084e-07    5.50511e-07    3.96658e-07    2.51032e-07    1.51291e-07    5.15505e-08    3.01354e-08
+315 ||    1.32291e-05    7.32300e-06    6.11743e-06    5.53159e-06    5.16691e-06    4.90879e-06    4.65995e-06    4.38633e-06    4.11943e-06    3.87555e-06    3.68939e-06    3.57985e-06    3.57062e-06    3.65691e-06    3.85113e-06    4.15257e-06    4.54492e-06    4.95298e-06    5.29828e-06    5.55001e-06    5.62025e-06    5.39222e-06    4.79366e-06    4.00187e-06    3.23762e-06    2.53968e-06    1.94454e-06    1.60263e-06    1.30552e-06    1.03642e-06    7.64697e-07    5.01565e-07    3.07512e-07    1.13460e-07    6.24191e-08
+330 ||    3.26963e-05    2.68019e-05    2.69684e-05    2.70981e-05    2.72116e-05    2.70653e-05    2.65054e-05    2.52659e-05    2.38354e-05    2.24228e-05    2.09494e-05    1.94438e-05    1.78797e-05    1.61898e-05    1.43604e-05    1.25154e-05    1.07996e-05    9.20052e-06    7.78546e-06    6.64111e-06    5.67974e-06    4.78310e-06    3.90139e-06    3.11928e-06    2.45707e-06    1.89739e-06    1.44314e-06    1.14295e-06    9.00660e-07    6.81709e-07    4.80783e-07    2.96188e-07    1.73393e-07    5.05984e-08    3.14234e-08
+345 ||    5.21635e-05    4.63578e-05    4.78353e-05    4.86699e-05    4.92621e-05    4.92341e-05    4.83686e-05    4.61682e-05    4.35689e-05    4.09811e-05    3.82123e-05    3.53009e-05    3.21660e-05    2.86837e-05    2.48113e-05    2.07999e-05    1.69573e-05    1.33350e-05    1.01547e-05    7.62452e-06    5.66209e-06    4.16619e-06    3.04569e-06    2.27348e-06    1.72887e-06    1.30173e-06    9.63407e-07    7.04566e-07    5.14232e-07    3.47749e-07    2.17073e-07    1.07119e-07    5.55233e-08    6.07278e-09    3.71444e-09
+360 ||    6.79829e-05    7.06146e-05    7.38793e-05    7.42380e-05    6.94929e-05    5.99354e-05    4.80817e-05    3.77365e-05    3.08134e-05    2.63240e-05    2.30423e-05    2.02100e-05    1.77198e-05    1.54972e-05    1.33621e-05    1.12870e-05    9.33443e-06    7.50394e-06    5.83536e-06    4.42521e-06    3.30335e-06    2.42513e-06    1.81222e-06    1.35849e-06    1.01631e-06    7.68073e-07    5.93212e-07    4.48750e-07    3.27298e-07    2.45519e-07    1.68916e-07    1.07108e-07    5.43465e-08    2.97670e-08    5.18751e-09
