##########################################################################################
### MCD_v6.1 with Martian Year 30 scenario.
### Latitude 83.8N. Longitude 235.0E. Local time 12.0h
### --------------------------------------------------------------------------------------
### Column 1 is Areocentric longitude (degrees)
### Columns 2+ are Pressure (Pa)
### Line 1 is height above surface (m)
### --------------------------------------------------------------------------------------
### Retrieved on: 2024-06-07T22:16:23.708390
### Mars Climate Database (c) LMD/OU/IAA/ESA/CNES
##########################################################################################
---- ||    0.00000e+00    1.47059e+03    2.94118e+03    4.41176e+03    5.88235e+03    7.35294e+03    8.82353e+03    1.02941e+04    1.17647e+04    1.32353e+04    1.47059e+04    1.61765e+04    1.76471e+04    1.91176e+04    2.05882e+04    2.20588e+04    2.35294e+04    2.50000e+04    2.64706e+04    2.79412e+04    2.94118e+04    3.08824e+04    3.23529e+04    3.38235e+04    3.52941e+04    3.67647e+04    3.82353e+04    3.97059e+04    4.11765e+04    4.26471e+04    4.41176e+04    4.55882e+04    4.70588e+04    4.85294e+04    5.00000e+04
-----------------------------------
+000 ||    8.15234e+02    6.72462e+02    5.53969e+02    4.56375e+02    3.76894e+02    3.11835e+02    2.57907e+02    2.12913e+02    1.75327e+02    1.44030e+02    1.18020e+02    9.65123e+01    7.87500e+01    6.41401e+01    5.21562e+01    4.23504e+01    3.43462e+01    2.78283e+01    2.25335e+01    1.82430e+01    1.47738e+01    1.19725e+01    9.71920e+00    7.90788e+00    6.44739e+00    5.27114e+00    4.32674e+00    3.56103e+00    2.93968e+00    2.43802e+00    2.02423e+00    1.69078e+00    1.41234e+00    1.18593e+00    9.96364e-01
+015 ||    8.36404e+02    6.89800e+02    5.68309e+02    4.68868e+02    3.89113e+02    3.24309e+02    2.70377e+02    2.24955e+02    1.86660e+02    1.54438e+02    1.27438e+02    1.04895e+02    8.61617e+01    7.06396e+01    5.78099e+01    4.72503e+01    3.85839e+01    3.14900e+01    2.56970e+01    2.09757e+01    1.71383e+01    1.40215e+01    1.14885e+01    9.42961e+00    7.76378e+00    6.40398e+00    5.29563e+00    4.39459e+00    3.65379e+00    3.04713e+00    2.54806e+00    2.13461e+00    1.79387e+00    1.50964e+00    1.27322e+00
+030 ||    8.72130e+02    7.21611e+02    5.97522e+02    4.96367e+02    4.15876e+02    3.51022e+02    2.97000e+02    2.51081e+02    2.11753e+02    1.78162e+02    1.49480e+02    1.25103e+02    1.04457e+02    8.70210e+01    7.23324e+01    6.00052e+01    4.96959e+01    4.11001e+01    3.39524e+01    2.80228e+01    2.31191e+01    1.90721e+01    1.57363e+01    1.29906e+01    1.07361e+01    8.88002e+00    7.35674e+00    6.10502e+00    5.07219e+00    4.22512e+00    3.52487e+00    2.94515e+00    2.46697e+00    2.06787e+00    1.73826e+00
+045 ||    9.06197e+02    7.52053e+02    6.25608e+02    5.22822e+02    4.41684e+02    3.76944e+02    3.23234e+02    2.77204e+02    2.37360e+02    2.02801e+02    1.72838e+02    1.46957e+02    1.24650e+02    1.05473e+02    8.90299e+01    7.49734e+01    6.30030e+01    5.28362e+01    4.42284e+01    3.69654e+01    3.08554e+01    2.57292e+01    2.14377e+01    1.78484e+01    1.48566e+01    1.23653e+01    1.02941e+01    8.57330e+00    7.14336e+00    5.95821e+00    4.97248e+00    4.15511e+00    3.47570e+00    2.90952e+00    2.43955e+00
+060 ||    9.00760e+02    7.58270e+02    6.40248e+02    5.41194e+02    4.58871e+02    3.91073e+02    3.35015e+02    2.87896e+02    2.47559e+02    2.12670e+02    1.82371e+02    1.56017e+02    1.33138e+02    1.13339e+02    9.62480e+01    8.15366e+01    6.89135e+01    5.81184e+01    4.89176e+01    4.11016e+01    3.44814e+01    2.88797e+01    2.41632e+01    2.02009e+01    1.68768e+01    1.40912e+01    1.17644e+01    9.82118e+00    8.20160e+00    6.85014e+00    5.72586e+00    4.78810e+00    4.00635e+00    3.35536e+00    2.81102e+00
+075 ||    8.77328e+02    7.49405e+02    6.42700e+02    5.50512e+02    4.70339e+02    4.01224e+02    3.43248e+02    2.95260e+02    2.54735e+02    2.19937e+02    1.89663e+02    1.63239e+02    1.40182e+02    1.20088e+02    1.02614e+02    8.74574e+01    7.43517e+01    6.30583e+01    5.33620e+01    4.50671e+01    3.79954e+01    3.19852e+01    2.68913e+01    2.25746e+01    1.89332e+01    1.58691e+01    1.32910e+01    1.11283e+01    9.31612e+00    7.79923e+00    6.52993e+00    5.46839e+00    4.58085e+00    3.83803e+00    3.21755e+00
+090 ||    8.42561e+02    7.28954e+02    6.31915e+02    5.47164e+02    4.72777e+02    4.07598e+02    3.51166e+02    3.02889e+02    2.61450e+02    2.25627e+02    1.94476e+02    1.67228e+02    1.43436e+02    1.22707e+02    1.04693e+02    8.90802e+01    7.55912e+01    6.39768e+01    5.40141e+01    4.55022e+01    3.82582e+01    3.21155e+01    2.69196e+01    2.25352e+01    1.88509e+01    1.57605e+01    1.31699e+01    1.10045e+01    9.19503e+00    7.68616e+00    6.42663e+00    5.37597e+00    4.50028e+00    3.76864e+00    3.15901e+00
+105 ||    8.00335e+02    7.02191e+02    6.15908e+02    5.39583e+02    4.71861e+02    4.11697e+02    3.58310e+02    3.11038e+02    2.69204e+02    2.32469e+02    2.00260e+02    1.72113e+02    1.47522e+02    1.26069e+02    1.07398e+02    9.12285e+01    7.72701e+01    6.52613e+01    5.49692e+01    4.61857e+01    3.87225e+01    3.24048e+01    2.70752e+01    2.26003e+01    1.88529e+01    1.57201e+01    1.31053e+01    1.09275e+01    9.11314e+00    7.60607e+00    6.35133e+00    5.30713e+00    4.43981e+00    3.71638e+00    3.11486e+00
+120 ||    7.66179e+02    6.70866e+02    5.87510e+02    5.13896e+02    4.48698e+02    3.90930e+02    3.39715e+02    2.94406e+02    2.54420e+02    2.19220e+02    1.88364e+02    1.61396e+02    1.37824e+02    1.17313e+02    9.95448e+01    8.42071e+01    7.10150e+01    5.97134e+01    5.00738e+01    4.18903e+01    3.49748e+01    2.91554e+01    2.42759e+01    2.01955e+01    1.67916e+01    1.39607e+01    1.16080e+01    9.65611e+00    8.03837e+00    6.69516e+00    5.58380e+00    4.66165e+00    3.89497e+00    3.26099e+00    2.73190e+00
+135 ||    7.44308e+02    6.50317e+02    5.68567e+02    4.96575e+02    4.32978e+02    3.76735e+02    3.26971e+02    2.82989e+02    2.44211e+02    2.09997e+02    1.79980e+02    1.53734e+02    1.30811e+02    1.10937e+02    9.37709e+01    7.89997e+01    6.63421e+01    5.55446e+01    4.63788e+01    3.86370e+01    3.21287e+01    2.66802e+01    2.21350e+01    1.83539e+01    1.52147e+01    1.26143e+01    1.04640e+01    8.68509e+00    7.21632e+00    6.00372e+00    4.99949e+00    4.17112e+00    3.48523e+00    2.91549e+00    2.44508e+00
+150 ||    7.23307e+02    6.24793e+02    5.38928e+02    4.63841e+02    3.98176e+02    3.40920e+02    2.91164e+02    2.48110e+02    2.11025e+02    1.79090e+02    1.51630e+02    1.27955e+02    1.07651e+02    9.02955e+01    7.55128e+01    6.29628e+01    5.23605e+01    4.34487e+01    3.59894e+01    2.97697e+01    2.46001e+01    2.03169e+01    1.67782e+01    1.38593e+01    1.14534e+01    9.47456e+00    7.84782e+00    6.50715e+00    5.40468e+00    4.49781e+00    3.74754e+00    3.13041e+00    2.61885e+00    2.19503e+00    1.84335e+00
+165 ||    7.18300e+02    6.13026e+02    5.21233e+02    4.41767e+02    3.73160e+02    3.14317e+02    2.64242e+02    2.21953e+02    1.86399e+02    1.56374e+02    1.30933e+02    1.09309e+02    9.10102e+01    7.55774e+01    6.26084e+01    5.17449e+01    4.26887e+01    3.51683e+01    2.89439e+01    2.38067e+01    1.95776e+01    1.61046e+01    1.32565e+01    1.09218e+01    9.00739e+00    7.44452e+00    6.16191e+00    5.10735e+00    4.24573e+00    3.53527e+00    2.94896e+00    2.46709e+00    2.06569e+00    1.73562e+00    1.45901e+00
+180 ||    7.25492e+02    6.09159e+02    5.10129e+02    4.26727e+02    3.56967e+02    2.98539e+02    2.49451e+02    2.08196e+02    1.73509e+02    1.44280e+02    1.19651e+02    9.89509e+01    8.15867e+01    6.71040e+01    5.50678e+01    4.51003e+01    3.68747e+01    3.01093e+01    2.45630e+01    2.00301e+01    1.63360e+01    1.33322e+01    1.08924e+01    8.91036e+00    7.30734e+00    6.00514e+00    4.94433e+00    4.08255e+00    3.38066e+00    2.80356e+00    2.33508e+00    1.94692e+00    1.62971e+00    1.36487e+00    1.14828e+00
+195 ||    7.46555e+02    6.16971e+02    5.09290e+02    4.21022e+02    3.49331e+02    2.90387e+02    2.41235e+02    1.99980e+02    1.65344e+02    1.36308e+02    1.12025e+02    9.18052e+01    7.50420e+01    6.11702e+01    4.97572e+01    4.03974e+01    3.27455e+01    2.65094e+01    2.14435e+01    1.73417e+01    1.40305e+01    1.13629e+01    9.21814e+00    7.49848e+00    6.11382e+00    4.99650e+00    4.09785e+00    3.37186e+00    2.78002e+00    2.30327e+00    1.91178e+00    1.59350e+00    1.33022e+00    1.11565e+00    9.35690e-01
+210 ||    7.79521e+02    6.43776e+02    5.31203e+02    4.38502e+02    3.62419e+02    2.99564e+02    2.47278e+02    2.03676e+02    1.67344e+02    1.37159e+02    1.12126e+02    9.14711e+01    7.44425e+01    6.04637e+01    4.90200e+01    3.96737e+01    3.20585e+01    2.58691e+01    2.08513e+01    1.67951e+01    1.35267e+01    1.09014e+01    8.79670e+00    7.11745e+00    5.78019e+00    4.70902e+00    3.84763e+00    3.16110e+00    2.60437e+00    2.15335e+00    1.78879e+00    1.48946e+00    1.24554e+00    1.04435e+00    8.76953e-01
+225 ||    8.12191e+02    6.70332e+02    5.52911e+02    4.55844e+02    3.75422e+02    3.08678e+02    2.53289e+02    2.07405e+02    1.69430e+02    1.38121e+02    1.12390e+02    9.12948e+01    7.40284e+01    5.99321e+01    4.84424e+01    3.90914e+01    3.14928e+01    2.53330e+01    2.03485e+01    1.63223e+01    1.30834e+01    1.04903e+01    8.42299e+00    6.77820e+00    5.48301e+00    4.45451e+00    3.63246e+00    2.97535e+00    2.45059e+00    2.02203e+00    1.68190e+00    1.39902e+00    1.17234e+00    9.82703e-01    8.27040e-01
+240 ||    8.72259e+02    7.20330e+02    5.93967e+02    4.89348e+02    4.02603e+02    3.30704e+02    2.71156e+02    2.21907e+02    1.81246e+02    1.47764e+02    1.20249e+02    9.76978e+01    7.92308e+01    6.41525e+01    5.18610e+01    4.18579e+01    3.37309e+01    2.71407e+01    2.18074e+01    1.75014e+01    1.40350e+01    1.12538e+01    9.02794e+00    7.25843e+00    5.85725e+00    4.74423e+00    3.85736e+00    3.15746e+00    2.59337e+00    2.13865e+00    1.77394e+00    1.47499e+00    1.23306e+00    1.03351e+00    8.68076e-01
+255 ||    9.13676e+02    7.54936e+02    6.22326e+02    5.12323e+02    4.21060e+02    3.45487e+02    2.83009e+02    2.31456e+02    1.88966e+02    1.54027e+02    1.25338e+02    1.01822e+02    8.25724e+01    6.68554e+01    5.40440e+01    4.36189e+01    3.51505e+01    2.82847e+01    2.27305e+01    1.82475e+01    1.46380e+01    1.17391e+01    9.41466e+00    7.56397e+00    6.09269e+00    4.92355e+00    3.99894e+00    3.26709e+00    2.67832e+00    2.20744e+00    1.82765e+00    1.51901e+00    1.26792e+00    1.06264e+00    8.91486e-01
+270 ||    9.07732e+02    7.51143e+02    6.19495e+02    5.10107e+02    4.19260e+02    3.44014e+02    2.81795e+02    2.30436e+02    1.88117e+02    1.53319e+02    1.24742e+02    1.01324e+02    8.21519e+01    6.64993e+01    5.37408e+01    4.33586e+01    3.49246e+01    2.80861e+01    2.25527e+01    1.80852e+01    1.44871e+01    1.15969e+01    9.27994e+00    7.43155e+00    5.96235e+00    4.79600e+00    3.87045e+00    3.14315e+00    2.56250e+00    2.09707e+00    1.72888e+00    1.42773e+00    1.18822e+00    9.90202e-01    8.28846e-01
+285 ||    8.89272e+02    7.37009e+02    6.08126e+02    5.00787e+02    4.11576e+02    3.37668e+02    2.76542e+02    2.26095e+02    1.84528e+02    1.50354e+02    1.22297e+02    9.93055e+01    8.04893e+01    6.51304e+01    5.26129e+01    4.24278e+01    3.41544e+01    2.74462e+01    2.20178e+01    1.76343e+01    1.41035e+01    1.12676e+01    8.99568e+00    7.18034e+00    5.73742e+00    4.59354e+00    3.68791e+00    2.97394e+00    2.41238e+00    1.96303e+00    1.61063e+00    1.32475e+00    1.09768e+00    9.09692e-01    7.60409e-01
+300 ||    8.49329e+02    7.03059e+02    5.79871e+02    4.77378e+02    3.92281e+02    3.21788e+02    2.63497e+02    2.15398e+02    1.75760e+02    1.43171e+02    1.16428e+02    9.45093e+01    7.65816e+01    6.19511e+01    5.00300e+01    4.03306e+01    3.24536e+01    2.60716e+01    2.09102e+01    1.67422e+01    1.33867e+01    1.06937e+01    8.53887e+00    6.81854e+00    5.45384e+00    4.37511e+00    3.52271e+00    2.84667e+00    2.31872e+00    1.89497e+00    1.55859e+00    1.28680e+00    1.06827e+00    8.87993e-01    7.43308e-01
+315 ||    8.13206e+02    6.72286e+02    5.54248e+02    4.56167e+02    3.74810e+02    3.07423e+02    2.51705e+02    2.05728e+02    1.67841e+02    1.36689e+02    1.11132e+02    9.01850e+01    7.30595e+01    5.90865e+01    4.77033e+01    3.84395e+01    3.09221e+01    2.48334e+01    1.99115e+01    1.59408e+01    1.27435e+01    1.01793e+01    8.13024e+00    6.49754e+00    5.20108e+00    4.18153e+00    3.37739e+00    2.73893e+00    2.23723e+00    1.83593e+00    1.51371e+00    1.25410e+00    1.04310e+00    8.69462e-01    7.28811e-01
+330 ||    8.11343e+02    6.70132e+02    5.52400e+02    4.54684e+02    3.73720e+02    3.06742e+02    2.51418e+02    2.05769e+02    1.68110e+02    1.37070e+02    1.11546e+02    9.05806e+01    7.34157e+01    5.93981e+01    4.79719e+01    3.86702e+01    3.11198e+01    2.50044e+01    2.00631e+01    1.60798e+01    1.28784e+01    1.03150e+01    8.26776e+00    6.63525e+00    5.33938e+00    4.31419e+00    3.49956e+00    2.84864e+00    2.33648e+00    1.92109e+00    1.58924e+00    1.31772e+00    1.09880e+00    9.16243e-01    7.69334e-01
+345 ||    8.16281e+02    6.73604e+02    5.55200e+02    4.57065e+02    3.75829e+02    3.08716e+02    2.53324e+02    2.07625e+02    1.69871e+02    1.38686e+02    1.12974e+02    9.18138e+01    7.44568e+01    6.02687e+01    4.86959e+01    3.92739e+01    3.16201e+01    2.54204e+01    2.04119e+01    1.63776e+01    1.31408e+01    1.05524e+01    8.48596e+00    6.83682e+00    5.53089e+00    4.48988e+00    3.65712e+00    2.99228e+00    2.46076e+00    2.02754e+00    1.68267e+00    1.39664e+00    1.16729e+00    9.75823e-01    8.19037e-01
+360 ||    8.19144e+02    6.75772e+02    5.56856e+02    4.58774e+02    3.78676e+02    3.13217e+02    2.59087e+02    2.14012e+02    1.76377e+02    1.45019e+02    1.18914e+02    9.72937e+01    7.94162e+01    6.46960e+01    5.26138e+01    4.27219e+01    3.46441e+01    2.80646e+01    2.27199e+01    1.83898e+01    1.48895e+01    1.20635e+01    9.79140e+00    7.96439e+00    6.49152e+00    5.30657e+00    4.35518e+00    3.58402e+00    2.95898e+00    2.45388e+00    2.03770e+00    1.70181e+00    1.42168e+00    1.19363e+00    1.00292e+00
##########################################################################################
### MCD_v6.1 with Martian Year 30 scenario.
### Latitude 83.8N. Longitude 235.0E. Local time 12.0h
### --------------------------------------------------------------------------------------
### Column 1 is Areocentric longitude (degrees)
### Columns 2+ are Temperature (K)
### Line 1 is height above surface (m)
### --------------------------------------------------------------------------------------
### Retrieved on: 2024-06-07T22:16:23.709448
### Mars Climate Database (c) LMD/OU/IAA/ESA/CNES
##########################################################################################
---- ||    0.00000e+00    1.47059e+03    2.94118e+03    4.41176e+03    5.88235e+03    7.35294e+03    8.82353e+03    1.02941e+04    1.17647e+04    1.32353e+04    1.47059e+04    1.61765e+04    1.76471e+04    1.91176e+04    2.05882e+04    2.20588e+04    2.35294e+04    2.50000e+04    2.64706e+04    2.79412e+04    2.94118e+04    3.08824e+04    3.23529e+04    3.38235e+04    3.52941e+04    3.67647e+04    3.82353e+04    3.97059e+04    4.11765e+04    4.26471e+04    4.41176e+04    4.55882e+04    4.70588e+04    4.85294e+04    5.00000e+04
-----------------------------------
+000 ||    1.49479e+02    1.48651e+02    1.47726e+02    1.48703e+02    1.50896e+02    1.51368e+02    1.50205e+02    1.48297e+02    1.46218e+02    1.44239e+02    1.42467e+02    1.40859e+02    1.39419e+02    1.38129e+02    1.36992e+02    1.36022e+02    1.35234e+02    1.34654e+02    1.34319e+02    1.34284e+02    1.34580e+02    1.35210e+02    1.36333e+02    1.37816e+02    1.39536e+02    1.41489e+02    1.43668e+02    1.45964e+02    1.48385e+02    1.50855e+02    1.53338e+02    1.55664e+02    1.57989e+02    1.59916e+02    1.61802e+02
+015 ||    1.49762e+02    1.48849e+02    1.48175e+02    1.51306e+02    1.56345e+02    1.58019e+02    1.56846e+02    1.54513e+02    1.51977e+02    1.49611e+02    1.47498e+02    1.45639e+02    1.43999e+02    1.42580e+02    1.41420e+02    1.40509e+02    1.39869e+02    1.39514e+02    1.39453e+02    1.39702e+02    1.40317e+02    1.41219e+02    1.42367e+02    1.43755e+02    1.45434e+02    1.47234e+02    1.49181e+02    1.51219e+02    1.53281e+02    1.55361e+02    1.57393e+02    1.59391e+02    1.61244e+02    1.63032e+02    1.64616e+02
+030 ||    1.50120e+02    1.52377e+02    1.53132e+02    1.58317e+02    1.67070e+02    1.71964e+02    1.72130e+02    1.70092e+02    1.67426e+02    1.64716e+02    1.62120e+02    1.59673e+02    1.57392e+02    1.55291e+02    1.53400e+02    1.51733e+02    1.50301e+02    1.49114e+02    1.48182e+02    1.47540e+02    1.47165e+02    1.47046e+02    1.47156e+02    1.47536e+02    1.48190e+02    1.48989e+02    1.50021e+02    1.51208e+02    1.52493e+02    1.53896e+02    1.55318e+02    1.56760e+02    1.58169e+02    1.59568e+02    1.60849e+02
+045 ||    1.50477e+02    1.55866e+02    1.57905e+02    1.64845e+02    1.76785e+02    1.85280e+02    1.87147e+02    1.85654e+02    1.83088e+02    1.80248e+02    1.77367e+02    1.74524e+02    1.71765e+02    1.69124e+02    1.66634e+02    1.64326e+02    1.62214e+02    1.60328e+02    1.58680e+02    1.57264e+02    1.56072e+02    1.55093e+02    1.54310e+02    1.53808e+02    1.53514e+02    1.53369e+02    1.53501e+02    1.53767e+02    1.54175e+02    1.54770e+02    1.55436e+02    1.56210e+02    1.57009e+02    1.57825e+02    1.58631e+02
+060 ||    1.60899e+02    1.72820e+02    1.72998e+02    1.73919e+02    1.77507e+02    1.83077e+02    1.88130e+02    1.89980e+02    1.89548e+02    1.87394e+02    1.84614e+02    1.81652e+02    1.78671e+02    1.75750e+02    1.72941e+02    1.70291e+02    1.67841e+02    1.65621e+02    1.63643e+02    1.61900e+02    1.60382e+02    1.59133e+02    1.58082e+02    1.57215e+02    1.56529e+02    1.56126e+02    1.55866e+02    1.55803e+02    1.55913e+02    1.56094e+02    1.56438e+02    1.56833e+02    1.57300e+02    1.57797e+02    1.58304e+02
+075 ||    1.71320e+02    1.89587e+02    1.89007e+02    1.86192e+02    1.82469e+02    1.81904e+02    1.87708e+02    1.92756e+02    1.95096e+02    1.94182e+02    1.91660e+02    1.88706e+02    1.85588e+02    1.82440e+02    1.79348e+02    1.76381e+02    1.73599e+02    1.71057e+02    1.68779e+02    1.66763e+02    1.64988e+02    1.63430e+02    1.62059e+02    1.60927e+02    1.59981e+02    1.59185e+02    1.58615e+02    1.58256e+02    1.58003e+02    1.57949e+02    1.57927e+02    1.57981e+02    1.58108e+02    1.58273e+02    1.58470e+02
+090 ||    1.94352e+02    2.04678e+02    2.03590e+02    2.01001e+02    1.97332e+02    1.94288e+02    1.93732e+02    1.94712e+02    1.94521e+02    1.93272e+02    1.90695e+02    1.87454e+02    1.84110e+02    1.80798e+02    1.77572e+02    1.74462e+02    1.71507e+02    1.68771e+02    1.66311e+02    1.64160e+02    1.62320e+02    1.60773e+02    1.59512e+02    1.58539e+02    1.57772e+02    1.57182e+02    1.56845e+02    1.56701e+02    1.56669e+02    1.56831e+02    1.57041e+02    1.57329e+02    1.57710e+02    1.58127e+02    1.58587e+02
+105 ||    2.17384e+02    2.20108e+02    2.18309e+02    2.15761e+02    2.12281e+02    2.08485e+02    2.04466e+02    2.00266e+02    1.96362e+02    1.93075e+02    1.90080e+02    1.86572e+02    1.82918e+02    1.79365e+02    1.75969e+02    1.72708e+02    1.69580e+02    1.66635e+02    1.63959e+02    1.61625e+02    1.59671e+02    1.58118e+02    1.56969e+02    1.56119e+02    1.55525e+02    1.55147e+02    1.55060e+02    1.55139e+02    1.55339e+02    1.55730e+02    1.56179e+02    1.56709e+02    1.57346e+02    1.58019e+02    1.58741e+02
+120 ||    2.10584e+02    2.17169e+02    2.15607e+02    2.13034e+02    2.09689e+02    2.06003e+02    2.02045e+02    1.97882e+02    1.93779e+02    1.90013e+02    1.86311e+02    1.82437e+02    1.78635e+02    1.75001e+02    1.71536e+02    1.68243e+02    1.65150e+02    1.62329e+02    1.59857e+02    1.57785e+02    1.56114e+02    1.54816e+02    1.53846e+02    1.53180e+02    1.52852e+02    1.52745e+02    1.52821e+02    1.53141e+02    1.53620e+02    1.54196e+02    1.54940e+02    1.55776e+02    1.56687e+02    1.57692e+02    1.58715e+02
+135 ||    2.03785e+02    2.14242e+02    2.12966e+02    2.10680e+02    2.07530e+02    2.03982e+02    2.00111e+02    1.95950e+02    1.91595e+02    1.87182e+02    1.82847e+02    1.78675e+02    1.74733e+02    1.70988e+02    1.67442e+02    1.64115e+02    1.61061e+02    1.58359e+02    1.56075e+02    1.54227e+02    1.52789e+02    1.51717e+02    1.50971e+02    1.50518e+02    1.50322e+02    1.50453e+02    1.50806e+02    1.51320e+02    1.52045e+02    1.52939e+02    1.53937e+02    1.55102e+02    1.56345e+02    1.57648e+02    1.59000e+02
+150 ||    1.95151e+02    1.97051e+02    1.94427e+02    1.91299e+02    1.87862e+02    1.84479e+02    1.81322e+02    1.78459e+02    1.75905e+02    1.73132e+02    1.69969e+02    1.66693e+02    1.63501e+02    1.60478e+02    1.57680e+02    1.55177e+02    1.53024e+02    1.51239e+02    1.49826e+02    1.48766e+02    1.48054e+02    1.47676e+02    1.47585e+02    1.47748e+02    1.48132e+02    1.48784e+02    1.49642e+02    1.50635e+02    1.51809e+02    1.53120e+02    1.54498e+02    1.55977e+02    1.57472e+02    1.58988e+02    1.60465e+02
+165 ||    1.86517e+02    1.79572e+02    1.75877e+02    1.72329e+02    1.68935e+02    1.66283e+02    1.64625e+02    1.63959e+02    1.63502e+02    1.61714e+02    1.59315e+02    1.56725e+02    1.54240e+02    1.51969e+02    1.49966e+02    1.48285e+02    1.46923e+02    1.45873e+02    1.45137e+02    1.44702e+02    1.44593e+02    1.44776e+02    1.45213e+02    1.45875e+02    1.46737e+02    1.47880e+02    1.49156e+02    1.50553e+02    1.52109e+02    1.53713e+02    1.55371e+02    1.57039e+02    1.58710e+02    1.60292e+02    1.61862e+02
+180 ||    1.69144e+02    1.64535e+02    1.62420e+02    1.61469e+02    1.61187e+02    1.60364e+02    1.59166e+02    1.57990e+02    1.56316e+02    1.54021e+02    1.51543e+02    1.49136e+02    1.46924e+02    1.44954e+02    1.43242e+02    1.41796e+02    1.40626e+02    1.39743e+02    1.39164e+02    1.38914e+02    1.39012e+02    1.39449e+02    1.40188e+02    1.41186e+02    1.42511e+02    1.44006e+02    1.45632e+02    1.47403e+02    1.49288e+02    1.51227e+02    1.53250e+02    1.55266e+02    1.57249e+02    1.59206e+02    1.60923e+02
+195 ||    1.51771e+02    1.49837e+02    1.49650e+02    1.52131e+02    1.54754e+02    1.55082e+02    1.53649e+02    1.51502e+02    1.49111e+02    1.46672e+02    1.44348e+02    1.42179e+02    1.40201e+02    1.38485e+02    1.36976e+02    1.35679e+02    1.34612e+02    1.33806e+02    1.33322e+02    1.33226e+02    1.33549e+02    1.34268e+02    1.35376e+02    1.36841e+02    1.38506e+02    1.40333e+02    1.42330e+02    1.44485e+02    1.46725e+02    1.49119e+02    1.51519e+02    1.53935e+02    1.56283e+02    1.58422e+02    1.60561e+02
+210 ||    1.50473e+02    1.49418e+02    1.49175e+02    1.50103e+02    1.50849e+02    1.50257e+02    1.48665e+02    1.46715e+02    1.44623e+02    1.42626e+02    1.40822e+02    1.39113e+02    1.37545e+02    1.36120e+02    1.34817e+02    1.33637e+02    1.32596e+02    1.31719e+02    1.31044e+02    1.30659e+02    1.30665e+02    1.31149e+02    1.32156e+02    1.33907e+02    1.36086e+02    1.38405e+02    1.40774e+02    1.43330e+02    1.46016e+02    1.48866e+02    1.51673e+02    1.54457e+02    1.56975e+02    1.59329e+02    1.61569e+02
+225 ||    1.49175e+02    1.49001e+02    1.48707e+02    1.48097e+02    1.46899e+02    1.45385e+02    1.43705e+02    1.42012e+02    1.40272e+02    1.38781e+02    1.37497e+02    1.36250e+02    1.35039e+02    1.33878e+02    1.32747e+02    1.31646e+02    1.30590e+02    1.29587e+02    1.28645e+02    1.27900e+02    1.27564e+02    1.27895e+02    1.29050e+02    1.31084e+02    1.33865e+02    1.36623e+02    1.39415e+02    1.42314e+02    1.45527e+02    1.48843e+02    1.52000e+02    1.55157e+02    1.57750e+02    1.60319e+02    1.62597e+02
+240 ||    1.49379e+02    1.48888e+02    1.48262e+02    1.47385e+02    1.46135e+02    1.44742e+02    1.43268e+02    1.41788e+02    1.40281e+02    1.38901e+02    1.37638e+02    1.36402e+02    1.35198e+02    1.34041e+02    1.32923e+02    1.31849e+02    1.30823e+02    1.29883e+02    1.29037e+02    1.28351e+02    1.27950e+02    1.27977e+02    1.28532e+02    1.30152e+02    1.32523e+02    1.35301e+02    1.38312e+02    1.41295e+02    1.44423e+02    1.47726e+02    1.50989e+02    1.54234e+02    1.57095e+02    1.59770e+02    1.62265e+02
+255 ||    1.49582e+02    1.48776e+02    1.47775e+02    1.46548e+02    1.45223e+02    1.43936e+02    1.42668e+02    1.41396e+02    1.40128e+02    1.38878e+02    1.37638e+02    1.36416e+02    1.35222e+02    1.34072e+02    1.32969e+02    1.31925e+02    1.30933e+02    1.30059e+02    1.29308e+02    1.28701e+02    1.28304e+02    1.28188e+02    1.28402e+02    1.29633e+02    1.31590e+02    1.34236e+02    1.37513e+02    1.40617e+02    1.43749e+02    1.47038e+02    1.50353e+02    1.53688e+02    1.56737e+02    1.59517e+02    1.62198e+02
+270 ||    1.48988e+02    1.48561e+02    1.47704e+02    1.46560e+02    1.45241e+02    1.43940e+02    1.42650e+02    1.41365e+02    1.40086e+02    1.38818e+02    1.37562e+02    1.36321e+02    1.35108e+02    1.33927e+02    1.32780e+02    1.31673e+02    1.30607e+02    1.29616e+02    1.28711e+02    1.27912e+02    1.27285e+02    1.26897e+02    1.26792e+02    1.27489e+02    1.28861e+02    1.30890e+02    1.33535e+02    1.36411e+02    1.39514e+02    1.42841e+02    1.46371e+02    1.49946e+02    1.52966e+02    1.55890e+02    1.58485e+02
+285 ||    1.48394e+02    1.48342e+02    1.47590e+02    1.46479e+02    1.45164e+02    1.43852e+02    1.42541e+02    1.41243e+02    1.39952e+02    1.38669e+02    1.37395e+02    1.36138e+02    1.34907e+02    1.33697e+02    1.32509e+02    1.31341e+02    1.30202e+02    1.29096e+02    1.28038e+02    1.27051e+02    1.26198e+02    1.25548e+02    1.25159e+02    1.25267e+02    1.26047e+02    1.27516e+02    1.29628e+02    1.32301e+02    1.35504e+02    1.38932e+02    1.42757e+02    1.46394e+02    1.49468e+02    1.52533e+02    1.55126e+02
+300 ||    1.48485e+02    1.48293e+02    1.47395e+02    1.46265e+02    1.44995e+02    1.43692e+02    1.42391e+02    1.41086e+02    1.39793e+02    1.38507e+02    1.37233e+02    1.35978e+02    1.34745e+02    1.33533e+02    1.32341e+02    1.31175e+02    1.30043e+02    1.28948e+02    1.27898e+02    1.26940e+02    1.26142e+02    1.25592e+02    1.25396e+02    1.25661e+02    1.26825e+02    1.28798e+02    1.31374e+02    1.34389e+02    1.37881e+02    1.41434e+02    1.45088e+02    1.48441e+02    1.51358e+02    1.54203e+02    1.56655e+02
+315 ||    1.48577e+02    1.48240e+02    1.47210e+02    1.46084e+02    1.44853e+02    1.43559e+02    1.42267e+02    1.40956e+02    1.39660e+02    1.38371e+02    1.37094e+02    1.35840e+02    1.34606e+02    1.33390e+02    1.32194e+02    1.31032e+02    1.29906e+02    1.28820e+02    1.27785e+02    1.26849e+02    1.26107e+02    1.25661e+02    1.25681e+02    1.26293e+02    1.27687e+02    1.30172e+02    1.33220e+02    1.36619e+02    1.40261e+02    1.43826e+02    1.47313e+02    1.50399e+02    1.53162e+02    1.55801e+02    1.58114e+02
+330 ||    1.48945e+02    1.48494e+02    1.47493e+02    1.46369e+02    1.45339e+02    1.44282e+02    1.43206e+02    1.41984e+02    1.40589e+02    1.39102e+02    1.37631e+02    1.36218e+02    1.34902e+02    1.33642e+02    1.32430e+02    1.31273e+02    1.30180e+02    1.29179e+02    1.28328e+02    1.27698e+02    1.27390e+02    1.27480e+02    1.28036e+02    1.29093e+02    1.30832e+02    1.33236e+02    1.36032e+02    1.39118e+02    1.42436e+02    1.45707e+02    1.48828e+02    1.51797e+02    1.54391e+02    1.56985e+02    1.59041e+02
+345 ||    1.49314e+02    1.48750e+02    1.47807e+02    1.46702e+02    1.45876e+02    1.45055e+02    1.44196e+02    1.43071e+02    1.41584e+02    1.39905e+02    1.38240e+02    1.36660e+02    1.35258e+02    1.33950e+02    1.32719e+02    1.31561e+02    1.30493e+02    1.29562e+02    1.28870e+02    1.28543e+02    1.28631e+02    1.29202e+02    1.30242e+02    1.31734e+02    1.33799e+02    1.36174e+02    1.38786e+02    1.41618e+02    1.44586e+02    1.47605e+02    1.50375e+02    1.53140e+02    1.55580e+02    1.58009e+02    1.60031e+02
+360 ||    1.49516e+02    1.48783e+02    1.47936e+02    1.48451e+02    1.50554e+02    1.51359e+02    1.50585e+02    1.48923e+02    1.46926e+02    1.44880e+02    1.42967e+02    1.41198e+02    1.39652e+02    1.38281e+02    1.37070e+02    1.36028e+02    1.35175e+02    1.34544e+02    1.34188e+02    1.34144e+02    1.34429e+02    1.35038e+02    1.36125e+02    1.37559e+02    1.39253e+02    1.41237e+02    1.43469e+02    1.45808e+02    1.48249e+02    1.50740e+02    1.53245e+02    1.55544e+02    1.57834e+02    1.59812e+02    1.61742e+02
##########################################################################################
### MCD_v6.1 with Martian Year 30 scenario.
### Latitude 83.8N. Longitude 235.0E. Local time 12.0h
### --------------------------------------------------------------------------------------
### Column 1 is Areocentric longitude (degrees)
### Columns 2+ are Dust mass mixing ratio (kg/kg)
### Line 1 is height above surface (m)
### --------------------------------------------------------------------------------------
### Retrieved on: 2024-06-07T22:16:23.710531
### Mars Climate Database (c) LMD/OU/IAA/ESA/CNES
##########################################################################################
---- ||    0.00000e+00    1.47059e+03    2.94118e+03    4.41176e+03    5.88235e+03    7.35294e+03    8.82353e+03    1.02941e+04    1.17647e+04    1.32353e+04    1.47059e+04    1.61765e+04    1.76471e+04    1.91176e+04    2.05882e+04    2.20588e+04    2.35294e+04    2.50000e+04    2.64706e+04    2.79412e+04    2.94118e+04    3.08824e+04    3.23529e+04    3.38235e+04    3.52941e+04    3.67647e+04    3.82353e+04    3.97059e+04    4.11765e+04    4.26471e+04    4.41176e+04    4.55882e+04    4.70588e+04    4.85294e+04    5.00000e+04
-----------------------------------
+000 ||    2.52232e-06    2.34964e-06    2.33193e-06    2.23839e-06    1.88279e-06    1.38875e-06    9.38997e-07    5.81620e-07    3.26684e-07    1.60384e-07    7.55214e-08    3.35771e-08    1.63197e-08    8.52131e-09    4.67343e-09    2.58176e-09    1.43816e-09    7.96288e-10    4.22622e-10    2.04477e-10    8.23193e-11    2.22412e-11    7.11228e-12    1.49504e-12    6.26444e-14    8.42471e-15    7.65568e-15    2.87642e-14    7.07772e-14    1.13711e-13    1.56867e-13    1.43032e-13    1.28662e-13    9.77479e-14    6.51087e-14
+015 ||    2.05031e-06    1.99694e-06    1.82863e-06    1.63677e-06    1.19342e-06    7.21836e-07    3.67619e-07    1.62497e-07    6.23395e-08    2.43390e-08    1.03667e-08    5.26618e-09    2.85228e-09    1.47811e-09    6.68141e-10    2.31884e-10    5.56339e-11    7.25842e-12    3.74146e-13    3.27599e-14    6.61094e-15    1.42347e-15    1.00196e-15    3.15399e-15    4.62633e-15    5.19364e-15    4.33872e-15    1.04398e-14    2.05151e-14    3.71542e-14    3.68124e-14    2.50285e-14    1.54703e-14    6.91053e-15    2.45018e-15
+030 ||    1.47234e-06    1.61714e-06    1.44731e-06    1.25554e-06    1.05321e-06    7.56423e-07    4.48975e-07    2.40023e-07    1.32531e-07    7.54856e-08    4.72033e-08    3.05084e-08    1.95937e-08    1.20500e-08    6.80593e-09    3.34228e-09    1.35216e-09    4.38744e-10    1.33186e-10    6.56573e-11    3.88401e-11    2.45089e-11    1.43215e-11    7.15128e-12    3.31056e-12    9.40032e-13    4.49262e-13    2.09327e-13    1.13141e-13    7.18023e-14    4.62916e-14    3.66196e-14    2.58887e-14    1.48637e-14    8.83044e-15
+045 ||    8.94369e-07    1.23681e-06    1.06756e-06    8.40949e-07    8.35994e-07    7.37239e-07    5.01976e-07    3.10992e-07    1.99689e-07    1.36362e-07    9.71077e-08    6.89596e-08    4.80745e-08    3.25126e-08    2.08801e-08    1.23267e-08    6.36972e-09    2.83498e-09    1.12736e-09    4.24861e-10    1.72980e-10    9.34822e-11    6.00182e-11    3.91720e-11    2.31419e-11    1.06283e-11    5.01733e-12    1.66186e-12    7.25201e-13    3.86036e-13    2.11681e-13    1.23393e-13    6.59763e-14    3.05395e-14    1.64649e-14
+060 ||    1.71140e-06    2.14407e-06    1.90099e-06    1.58193e-06    1.29673e-06    1.06852e-06    8.99847e-07    7.16252e-07    5.54294e-07    4.05641e-07    2.86721e-07    2.03856e-07    1.46006e-07    1.03068e-07    7.02424e-08    4.53855e-08    2.72139e-08    1.49752e-08    7.75716e-09    4.11646e-09    2.69429e-09    2.32283e-09    2.09352e-09    1.81529e-09    1.36399e-09    8.80188e-10    4.94216e-10    2.75035e-10    1.56951e-10    7.97922e-11    5.24194e-11    3.10695e-11    1.84385e-11    1.10979e-11    5.36326e-12
+075 ||    2.52843e-06    3.02055e-06    2.75295e-06    2.35815e-06    1.87699e-06    1.43684e-06    1.24906e-06    1.10749e-06    9.36812e-07    7.19992e-07    5.22733e-07    3.73743e-07    2.68455e-07    1.92533e-07    1.34780e-07    9.05305e-08    5.73796e-08    3.37277e-08    1.88834e-08    1.06009e-08    6.56005e-09    4.88871e-09    4.31316e-09    3.99557e-09    3.29399e-09    2.40607e-09    1.45739e-09    8.55463e-10    4.26290e-10    2.70068e-10    1.44678e-10    9.05513e-11    5.56986e-11    3.10611e-11    1.93519e-11
+090 ||    1.18786e-05    4.30855e-06    3.44658e-06    2.76797e-06    2.12963e-06    1.63496e-06    1.28429e-06    1.11738e-06    9.38680e-07    7.54522e-07    5.78601e-07    4.36084e-07    3.28567e-07    2.44496e-07    1.76942e-07    1.22751e-07    8.08880e-08    5.02011e-08    2.93683e-08    1.63455e-08    8.95095e-09    5.37107e-09    4.04946e-09    3.41928e-09    2.75062e-09    2.01482e-09    1.33700e-09    8.56737e-10    4.91274e-10    3.03582e-10    1.67976e-10    1.20358e-10    9.34738e-11    7.17508e-11    4.04367e-11
+105 ||    2.12288e-05    5.77756e-06    4.28362e-06    3.27338e-06    2.42633e-06    1.86162e-06    1.45248e-06    1.15854e-06    9.53154e-07    7.63268e-07    6.20452e-07    4.94643e-07    3.89678e-07    3.00979e-07    2.24983e-07    1.60574e-07    1.08748e-07    6.97173e-08    4.21206e-08    2.37931e-08    1.22832e-08    6.38705e-09    4.09884e-09    2.92945e-09    2.19680e-09    1.59414e-09    1.20521e-09    8.64795e-10    5.60257e-10    3.38655e-10    1.93314e-10    1.52398e-10    1.32572e-10    1.09623e-10    5.86803e-11
+120 ||    2.53946e-05    4.97555e-06    3.51462e-06    2.60992e-06    1.98768e-06    1.57668e-06    1.27061e-06    1.02964e-06    8.27648e-07    6.53918e-07    5.15493e-07    4.00748e-07    3.09202e-07    2.31600e-07    1.64968e-07    1.10517e-07    6.93423e-08    4.07161e-08    2.23804e-08    1.14531e-08    5.54261e-09    2.79251e-09    1.72355e-09    1.27001e-09    9.39602e-10    6.90440e-10    4.96151e-10    3.36227e-10    2.07177e-10    1.03548e-10    8.24785e-11    6.86621e-11    6.07085e-11    3.60393e-11    1.44425e-11
+135 ||    2.95603e-05    4.17151e-06    2.77765e-06    2.05018e-06    1.62495e-06    1.35374e-06    1.13482e-06    9.24225e-07    7.26794e-07    5.61259e-07    4.26604e-07    3.22708e-07    2.41826e-07    1.72931e-07    1.14715e-07    6.93044e-08    3.76578e-08    1.81627e-08    7.66270e-09    2.81052e-09    8.70193e-10    2.42007e-10    7.10754e-11    2.53497e-11    1.25714e-11    8.63256e-12    5.52445e-12    3.11641e-12    1.83088e-12    1.06841e-12    5.80680e-13    3.55294e-13    2.05351e-13    1.13137e-13    7.10972e-14
+150 ||    1.73873e-05    3.74002e-06    2.82396e-06    2.29853e-06    1.94630e-06    1.66370e-06    1.37007e-06    1.07323e-06    7.97155e-07    5.49837e-07    3.51414e-07    2.21970e-07    1.37088e-07    8.05636e-08    4.34810e-08    2.12154e-08    9.23316e-09    3.50098e-09    1.10679e-09    2.61049e-10    8.07002e-11    3.50847e-11    1.65262e-11    8.33446e-12    5.07111e-12    3.31079e-12    2.11620e-12    1.31781e-12    1.08950e-12    1.54486e-12    2.18097e-12    2.48896e-12    2.34313e-12    1.62881e-12    1.05450e-12
+165 ||    5.21436e-06    3.40522e-06    3.03017e-06    2.66540e-06    2.31514e-06    1.97433e-06    1.56632e-06    1.17252e-06    7.83222e-07    4.60548e-07    2.35957e-07    1.19906e-07    5.88759e-08    2.66773e-08    1.03163e-08    3.41174e-09    1.04442e-09    2.84976e-10    6.36974e-11    2.94746e-11    2.28246e-11    1.14672e-11    5.29838e-12    3.03807e-12    2.30207e-12    1.62238e-12    1.35407e-12    1.51250e-12    3.15229e-12    4.34883e-12    5.06331e-12    4.13043e-12    2.72613e-12    1.76895e-12    8.75001e-13
+180 ||    4.31632e-06    3.00872e-06    2.71658e-06    2.33773e-06    1.87628e-06    1.40961e-06    9.86424e-07    6.46471e-07    3.77208e-07    1.92993e-07    9.08467e-08    4.04918e-08    1.83406e-08    7.47250e-09    2.51648e-09    7.19460e-10    1.86010e-10    4.16174e-11    1.78439e-11    1.25123e-11    6.41533e-12    2.86054e-12    1.60422e-12    1.18028e-12    7.96537e-13    6.88309e-13    9.00440e-13    1.75099e-12    2.30600e-12    2.67118e-12    1.94836e-12    1.27509e-12    7.89135e-13    3.39857e-13    2.22463e-13
+195 ||    3.41827e-06    2.65498e-06    2.44583e-06    2.03122e-06    1.43569e-06    8.79097e-07    4.83486e-07    2.40044e-07    1.03693e-07    3.79750e-08    1.14280e-08    2.54927e-09    3.02696e-10    6.75600e-11    2.87935e-11    1.45092e-11    7.01154e-12    3.49526e-12    1.98605e-12    1.06602e-12    4.79005e-13    2.11838e-13    1.19062e-13    4.88298e-14    1.08390e-14    2.40587e-16    1.80348e-15    8.86476e-14    2.00896e-13    2.01209e-13    1.83931e-13    1.26448e-13    7.67809e-14    5.13392e-14    2.58973e-14
+210 ||    3.21263e-06    2.51561e-06    2.39246e-06    2.10520e-06    1.62609e-06    1.10999e-06    6.63672e-07    3.53085e-07    1.77144e-07    8.08678e-08    3.38527e-08    1.24259e-08    5.50546e-09    2.87971e-09    1.65261e-09    9.70295e-10    5.49427e-10    2.86984e-10    1.32016e-10    5.24317e-11    1.61735e-11    2.63934e-12    1.46501e-13    3.11160e-14    6.44410e-15    2.78370e-14    8.24794e-14    3.42845e-13    6.02313e-13    8.60647e-13    8.60194e-13    7.29816e-13    5.60133e-13    3.66041e-13    2.02927e-13
+225 ||    3.00700e-06    2.37667e-06    2.33745e-06    2.17719e-06    1.81968e-06    1.34295e-06    8.39704e-07    4.54056e-07    2.41950e-07    1.18383e-07    5.01328e-08    2.03474e-08    9.56546e-09    5.06420e-09    2.90198e-09    1.69107e-09    9.47711e-10    4.78075e-10    2.02842e-10    7.70536e-11    2.23908e-11    3.79505e-12    1.56296e-13    4.43070e-16    7.40473e-15    8.33132e-14    2.76700e-13    6.76973e-13    1.16888e-12    1.69081e-12    1.48916e-12    1.28507e-12    9.28302e-13    5.65043e-13    3.43274e-13
+240 ||    2.55831e-06    2.12986e-06    2.20163e-06    2.16443e-06    1.94092e-06    1.54430e-06    1.04612e-06    6.22970e-07    3.56104e-07    1.98503e-07    1.12264e-07    6.57553e-08    4.19611e-08    2.71527e-08    1.75223e-08    1.09983e-08    6.55649e-09    3.65474e-09    1.82621e-09    7.95465e-10    4.05876e-10    2.82289e-10    1.93253e-10    1.43867e-10    1.40020e-10    1.61725e-10    1.99029e-10    1.82642e-10    1.51926e-10    1.04305e-10    6.80785e-11    3.66014e-11    1.95780e-11    9.58520e-12    2.31002e-12
+255 ||    2.10963e-06    1.88197e-06    2.06725e-06    2.13071e-06    2.02769e-06    1.69218e-06    1.20095e-06    7.49167e-07    4.46976e-07    2.67147e-07    1.67045e-07    1.08502e-07    7.27873e-08    4.83290e-08    3.16376e-08    2.00579e-08    1.20935e-08    6.85439e-09    3.51313e-09    1.58233e-09    8.00605e-10    5.79281e-10    4.02298e-10    3.03719e-10    2.76006e-10    3.10072e-10    3.84930e-10    3.70411e-10    3.18850e-10    2.22798e-10    1.44750e-10    8.18583e-11    4.12233e-11    2.15903e-11    4.48616e-12
+270 ||    1.67047e-06    1.41475e-06    1.55972e-06    1.64660e-06    1.59395e-06    1.34864e-06    9.60151e-07    5.93598e-07    3.47844e-07    2.03286e-07    1.25424e-07    8.02272e-08    5.36898e-08    3.58232e-08    2.36776e-08    1.52665e-08    9.43309e-09    5.51435e-09    2.94890e-09    1.39571e-09    6.59881e-10    3.65584e-10    2.07188e-10    1.50800e-10    1.39161e-10    1.59755e-10    1.98341e-10    1.81986e-10    1.48455e-10    9.86854e-11    6.29652e-11    3.04340e-11    1.70359e-11    6.89326e-12    1.92398e-12
+285 ||    1.23132e-06    9.49326e-07    1.05765e-06    1.16198e-06    1.14955e-06    9.78650e-07    6.89017e-07    4.11935e-07    2.33669e-07    1.32357e-07    7.91332e-08    4.97899e-08    3.30800e-08    2.22605e-08    1.49909e-08    9.97407e-09    6.43746e-09    3.96162e-09    2.25615e-09    1.13717e-09    4.77979e-10    1.42483e-10    1.75355e-11    2.88946e-12    4.67277e-14    8.59875e-18    4.86317e-16    2.76188e-15    2.96126e-14    6.05740e-14    7.34964e-14    7.76954e-14    5.57477e-14    3.40409e-14    2.45130e-14
+300 ||    1.64989e-06    1.33062e-06    1.51070e-06    1.61402e-06    1.49699e-06    1.18632e-06    7.90942e-07    4.50856e-07    2.36653e-07    1.19737e-07    6.23240e-08    3.61093e-08    2.31637e-08    1.54737e-08    1.04270e-08    6.97190e-09    4.53426e-09    2.77574e-09    1.52871e-09    7.35918e-10    2.91353e-10    8.23578e-11    8.56377e-12    6.11803e-14    1.25251e-14    1.16009e-16    9.68196e-15    3.20201e-14    1.07141e-13    1.60019e-13    1.64878e-13    1.51602e-13    1.12107e-13    7.52271e-14    5.25669e-14
+315 ||    2.06846e-06    1.71378e-06    1.96349e-06    2.06275e-06    1.84018e-06    1.39386e-06    8.95231e-07    4.93437e-07    2.40451e-07    1.07734e-07    4.61714e-08    2.30896e-08    1.38216e-08    9.14571e-09    6.22347e-09    4.25373e-09    2.81515e-09    1.74179e-09    9.45083e-10    4.12633e-10    1.47282e-10    3.66326e-11    2.04422e-12    5.68374e-18    4.66939e-18    2.81999e-16    2.67802e-14    8.13235e-14    1.98977e-13    2.56667e-13    2.53658e-13    2.20981e-13    1.64301e-13    1.13444e-13    7.78581e-14
+330 ||    2.16331e-06    1.94645e-06    2.13331e-06    2.21157e-06    2.06150e-06    1.72983e-06    1.30276e-06    8.54063e-07    4.79421e-07    2.31577e-07    9.28470e-08    3.45678e-08    1.39409e-08    7.13970e-09    4.56926e-09    3.08055e-09    1.99002e-09    1.17552e-09    5.96794e-10    2.44211e-10    8.46146e-11    2.04686e-11    1.11854e-12    5.21308e-18    4.80047e-18    2.74426e-16    2.71767e-14    8.38787e-14    1.91241e-13    2.62494e-13    2.30441e-13    1.91297e-13    1.34635e-13    7.79724e-14    5.48546e-14
+345 ||    2.25815e-06    2.17803e-06    2.29709e-06    2.36334e-06    2.29546e-06    2.08529e-06    1.73014e-06    1.23319e-06    7.36014e-07    3.66474e-07    1.47233e-07    4.81140e-08    1.48596e-08    5.36748e-09    2.97990e-09    1.93139e-09    1.18193e-09    6.16886e-10    2.47854e-10    7.27744e-11    1.49705e-11    6.06014e-13    5.90402e-18    4.62529e-18    4.78549e-18    2.39964e-16    1.91474e-14    8.97653e-14    1.81914e-13    2.82179e-13    2.24886e-13    1.64809e-13    1.08077e-13    5.14517e-14    2.43913e-14
+360 ||    1.80610e-06    1.74833e-06    1.78426e-06    1.87251e-06    1.77324e-06    1.46069e-06    1.10484e-06    7.45902e-07    4.40278e-07    2.19794e-07    9.58037e-08    3.24484e-08    1.02240e-08    3.64585e-09    1.82663e-09    1.15073e-09    7.30381e-10    4.20932e-10    2.07048e-10    7.95813e-11    1.81856e-11    5.80699e-13    1.35578e-13    1.80011e-16    4.66600e-16    8.79880e-16    1.21701e-15    1.41980e-14    4.76728e-14    9.22175e-14    1.40036e-13    1.14415e-13    8.53350e-14    5.76084e-14    3.00859e-14
##########################################################################################
### MCD_v6.1 with Martian Year 30 scenario.
### Latitude 83.8N. Longitude 235.0E. Local time 12.0h
### --------------------------------------------------------------------------------------
### Column 1 is Areocentric longitude (degrees)
### Columns 2+ are Water ice mixing ratio (mol/mol)
### Line 1 is height above surface (m)
### --------------------------------------------------------------------------------------
### Retrieved on: 2024-06-07T22:16:23.711735
### Mars Climate Database (c) LMD/OU/IAA/ESA/CNES
##########################################################################################
---- ||    0.00000e+00    1.47059e+03    2.94118e+03    4.41176e+03    5.88235e+03    7.35294e+03    8.82353e+03    1.02941e+04    1.17647e+04    1.32353e+04    1.47059e+04    1.61765e+04    1.76471e+04    1.91176e+04    2.05882e+04    2.20588e+04    2.35294e+04    2.50000e+04    2.64706e+04    2.79412e+04    2.94118e+04    3.08824e+04    3.23529e+04    3.38235e+04    3.52941e+04    3.67647e+04    3.82353e+04    3.97059e+04    4.11765e+04    4.26471e+04    4.41176e+04    4.55882e+04    4.70588e+04    4.85294e+04    5.00000e+04
-----------------------------------
+000 ||    7.11843e-05    7.38951e-05    6.56950e-05    4.11222e-05    2.13713e-05    1.13501e-05    6.06080e-06    2.97230e-06    1.35961e-06    6.98533e-07    5.42516e-07    5.01770e-07    5.02166e-07    4.88678e-07    4.41956e-07    3.74021e-07    3.04045e-07    2.35875e-07    1.79259e-07    1.40558e-07    1.18615e-07    1.08463e-07    9.79103e-08    7.95864e-08    5.92278e-08    4.09043e-08    2.85723e-08    1.85757e-08    1.07576e-08    6.17835e-09    2.37849e-09    1.34001e-09    3.27452e-10    1.45355e-10    4.98630e-11
+015 ||    9.15768e-05    9.90835e-05    8.12809e-05    3.93379e-05    1.33776e-05    3.45014e-06    7.87428e-07    2.50315e-07    1.51551e-07    1.32950e-07    1.44402e-07    1.61675e-07    1.70290e-07    1.64092e-07    1.35054e-07    1.01719e-07    8.21194e-08    7.28730e-08    6.18554e-08    5.34236e-08    5.23672e-08    5.38480e-08    5.32964e-08    4.73181e-08    3.24684e-08    1.84355e-08    7.75627e-09    3.29822e-09    7.60169e-10    2.20485e-10    2.21742e-12    5.26766e-13    2.20271e-15    7.19106e-16    0.00000e+00
+030 ||    1.34088e-04    1.60900e-04    1.28095e-04    7.11253e-05    2.56553e-05    5.85652e-06    1.04044e-06    3.02272e-07    1.65755e-07    9.88452e-08    7.90287e-08    8.15425e-08    8.66417e-08    8.89775e-08    8.48553e-08    7.17942e-08    5.63364e-08    4.64774e-08    4.20434e-08    3.54235e-08    2.98539e-08    2.70705e-08    2.66373e-08    2.76053e-08    2.55204e-08    2.14940e-08    1.38816e-08    7.83762e-09    2.95278e-09    1.29123e-09    3.26700e-10    5.96559e-11    9.54290e-13    1.11704e-13    9.65942e-16
+045 ||    1.76599e-04    2.23286e-04    1.76102e-04    1.05687e-04    4.18170e-05    9.52764e-06    1.39127e-06    3.55052e-07    1.94652e-07    1.06971e-07    4.37314e-08    1.93910e-08    1.21167e-08    8.41084e-09    6.94532e-09    6.81592e-09    7.36470e-09    8.48602e-09    9.30420e-09    8.82039e-09    6.92302e-09    4.39034e-09    1.95052e-09    1.00328e-09    4.76027e-10    1.93356e-10    7.67205e-11    1.16777e-11    1.96291e-12    3.85058e-14    5.59108e-27    1.64225e-27    0.00000e+00    0.00000e+00    0.00000e+00
+060 ||    3.66040e-04    3.69067e-04    3.15925e-04    2.73429e-04    2.24319e-04    1.64134e-04    1.00257e-04    4.79251e-05    1.51946e-05    4.49208e-06    1.43074e-06    6.49101e-07    4.77660e-07    4.22356e-07    3.53188e-07    2.27746e-07    1.20724e-07    6.65856e-08    4.43826e-08    4.09995e-08    3.95245e-08    2.34311e-08    1.02180e-08    2.03748e-09    4.63065e-10    2.00406e-10    8.22427e-11    2.44719e-11    4.81484e-12    1.21535e-13    4.89751e-14    5.81729e-15    5.22242e-15    9.97001e-14    2.12504e-13
+075 ||    5.55481e-04    5.30140e-04    4.50422e-04    4.25125e-04    4.00986e-04    3.37887e-04    2.23903e-04    1.21270e-04    4.14462e-05    1.19497e-05    4.24961e-06    1.68709e-06    1.03401e-06    8.68421e-07    7.98017e-07    5.83378e-07    3.14382e-07    1.69149e-07    9.76066e-08    7.64833e-08    7.18301e-08    5.96837e-08    3.07105e-08    9.61870e-09    1.68373e-09    8.19511e-12    2.06707e-12    1.14588e-13    2.42328e-13    2.00374e-13    1.41794e-13    4.49121e-14    1.13393e-14    1.65760e-14    2.56451e-13
+090 ||    3.40530e-04    3.29764e-04    2.65395e-04    2.46785e-04    2.24640e-04    2.09709e-04    1.74682e-04    1.22271e-04    6.15524e-05    1.94791e-05    6.37606e-06    4.23312e-06    3.85146e-06    3.44803e-06    2.87576e-06    2.17354e-06    1.44825e-06    8.73205e-07    4.99578e-07    2.92394e-07    1.99624e-07    1.67994e-07    1.47896e-07    1.33738e-07    1.17182e-07    9.60997e-08    6.26073e-08    3.47500e-08    1.05102e-08    4.30121e-09    3.08985e-10    6.13727e-11    8.81025e-13    4.50495e-14    1.50020e-13
+105 ||    1.25579e-04    1.23615e-04    8.02693e-05    6.89980e-05    3.79263e-05    4.79423e-05    6.89414e-05    8.30710e-05    6.77827e-05    3.03629e-05    8.93149e-06    6.21985e-06    6.53759e-06    6.34518e-06    5.40328e-06    4.16625e-06    2.90415e-06    1.81841e-06    1.04198e-06    5.74562e-07    3.43462e-07    2.75819e-07    2.62782e-07    2.55963e-07    2.37002e-07    1.98645e-07    1.29412e-07    7.09198e-08    2.09544e-08    8.18298e-09    5.90002e-10    8.78382e-11    1.60249e-12    4.63208e-14    1.62128e-14
+120 ||    6.30673e-05    6.12791e-05    3.98902e-05    3.38794e-05    2.09833e-05    2.71358e-05    3.94156e-05    4.46751e-05    3.57316e-05    1.68328e-05    7.88131e-06    6.51679e-06    6.10448e-06    5.28276e-06    4.16741e-06    2.98285e-06    1.90866e-06    1.09388e-06    5.85939e-07    3.18230e-07    2.02701e-07    1.63113e-07    1.47802e-07    1.37283e-07    1.14525e-07    8.20681e-08    4.61526e-08    1.93130e-08    6.24267e-09    3.72767e-10    1.16280e-10    1.07971e-12    8.20053e-14    1.20151e-14    1.25044e-22
+135 ||    5.55743e-07    4.91336e-07    1.09775e-06    1.90768e-06    2.87026e-06    4.76693e-06    6.24443e-06    7.47761e-06    8.15746e-06    8.20892e-06    7.81155e-06    6.74920e-06    5.49459e-06    4.27259e-06    3.07584e-06    1.99301e-06    1.12025e-06    5.50064e-07    2.59831e-07    1.30758e-07    7.79503e-08    4.98396e-08    3.08556e-08    1.72897e-08    7.94897e-09    3.02769e-09    8.55845e-10    1.29267e-10    3.26162e-11    1.99347e-12    2.79253e-14    8.44473e-15    0.00000e+00    0.00000e+00    0.00000e+00
+150 ||    1.86118e-04    1.82773e-04    1.73085e-04    1.70941e-04    1.50537e-04    1.23001e-04    9.17214e-05    5.92035e-05    2.80959e-05    1.31973e-05    6.62132e-06    4.03538e-06    2.88455e-06    1.98997e-06    1.23452e-06    6.82416e-07    3.60854e-07    2.02359e-07    1.29980e-07    1.01931e-07    9.00170e-08    8.45894e-08    8.08887e-08    7.61568e-08    6.85721e-08    5.36679e-08    3.61312e-08    1.97155e-08    9.47259e-09    4.46752e-09    1.65309e-09    5.97134e-10    7.63374e-12    2.43654e-12    6.29192e-16
+165 ||    3.71681e-04    3.61360e-04    3.45053e-04    3.33731e-04    2.84507e-04    2.17578e-04    1.46629e-04    7.41331e-05    2.53573e-05    9.50182e-06    3.03269e-06    1.69423e-06    1.10317e-06    6.71107e-07    3.95759e-07    2.60524e-07    1.90955e-07    1.52470e-07    1.38214e-07    1.38683e-07    1.45169e-07    1.49014e-07    1.45201e-07    1.29624e-07    9.98913e-08    6.22586e-08    3.34999e-08    1.33067e-08    6.95203e-09    2.62182e-09    4.93441e-10    1.17527e-11    1.29727e-12    9.90922e-16    2.19867e-16
+180 ||    2.28541e-04    2.20915e-04    2.04172e-04    1.76037e-04    1.36982e-04    9.64379e-05    5.89953e-05    2.38697e-05    8.30696e-06    2.83908e-06    1.26910e-06    8.73592e-07    6.28977e-07    4.46719e-07    3.22220e-07    2.28857e-07    1.78672e-07    1.63561e-07    1.64616e-07    1.79969e-07    1.93781e-07    1.90770e-07    1.67448e-07    1.26412e-07    8.62417e-08    5.58858e-08    3.32395e-08    1.94762e-08    1.02015e-08    3.15075e-09    1.48814e-09    1.56219e-10    7.40767e-11    1.05274e-13    6.00499e-14
+195 ||    8.54010e-05    8.38282e-05    6.01394e-05    2.68540e-05    7.53376e-06    1.14411e-06    6.21128e-07    4.62440e-07    3.98657e-07    3.91107e-07    4.21045e-07    4.51042e-07    4.43698e-07    3.88672e-07    2.98813e-07    2.19855e-07    1.92116e-07    1.89720e-07    2.07371e-07    2.32785e-07    2.40150e-07    2.16060e-07    1.62970e-07    1.19242e-07    8.37252e-08    5.54343e-08    3.37569e-08    1.81318e-08    6.12934e-09    2.71912e-09    2.95612e-10    1.27396e-10    1.97086e-13    1.05008e-13    1.29296e-14
+210 ||    5.85117e-05    5.56378e-05    4.26543e-05    2.21348e-05    1.00579e-05    4.29734e-06    2.76183e-06    2.03487e-06    1.74429e-06    1.64695e-06    1.63460e-06    1.63869e-06    1.60339e-06    1.50728e-06    1.32555e-06    1.09776e-06    8.71970e-07    6.59502e-07    4.85687e-07    3.64189e-07    2.84133e-07    2.26455e-07    1.78865e-07    1.39884e-07    1.02738e-07    6.91087e-08    3.95131e-08    2.21214e-08    9.75126e-09    3.73919e-09    1.17792e-09    3.49168e-10    2.34599e-11    1.01651e-11    9.90027e-15
+225 ||    3.16223e-05    2.74977e-05    2.49862e-05    1.72825e-05    1.27042e-05    7.40688e-06    4.80960e-06    3.51980e-06    3.05774e-06    2.88922e-06    2.83619e-06    2.81619e-06    2.75598e-06    2.60722e-06    2.30959e-06    1.90027e-06    1.46222e-06    1.04061e-06    6.79229e-07    4.37508e-07    3.07878e-07    2.40120e-07    1.98759e-07    1.63037e-07    1.18868e-07    7.89837e-08    4.57293e-08    2.37629e-08    1.18113e-08    3.14160e-09    1.62085e-09    1.24157e-10    3.76476e-11    1.11095e-11    1.71132e-14
+240 ||    2.81970e-05    2.31295e-05    2.13048e-05    1.64386e-05    1.28571e-05    8.45837e-06    5.70551e-06    4.29687e-06    3.69415e-06    3.45863e-06    3.39759e-06    3.38957e-06    3.39986e-06    3.40283e-06    3.31445e-06    3.10356e-06    2.74905e-06    2.25492e-06    1.71826e-06    1.22930e-06    8.52679e-07    5.74378e-07    3.66808e-07    2.19982e-07    1.27957e-07    7.12674e-08    4.03505e-08    2.53270e-08    1.38845e-08    6.66249e-09    3.13195e-09    1.14012e-09    3.53514e-10    1.53168e-10    1.09764e-11
+255 ||    2.47716e-05    1.87741e-05    1.72707e-05    1.52482e-05    1.25029e-05    9.10229e-06    6.41142e-06    4.94822e-06    4.28804e-06    4.01780e-06    3.95589e-06    3.96234e-06    4.04150e-06    4.18746e-06    4.29012e-06    4.26220e-06    3.98462e-06    3.42378e-06    2.72535e-06    2.01793e-06    1.41838e-06    9.40036e-07    5.64863e-07    3.08267e-07    1.41748e-07    5.61300e-08    3.24395e-08    2.17083e-08    1.43650e-08    8.59856e-09    4.61142e-09    2.12207e-09    7.20887e-10    3.46538e-10    2.33152e-11
+270 ||    1.55332e-05    1.20969e-05    1.07107e-05    9.00877e-06    7.60523e-06    5.75089e-06    4.21125e-06    3.36941e-06    3.00202e-06    2.87454e-06    2.87807e-06    2.92785e-06    3.01431e-06    3.12973e-06    3.20693e-06    3.16984e-06    2.94805e-06    2.54961e-06    2.05539e-06    1.53528e-06    1.08307e-06    7.17029e-07    4.25751e-07    2.26010e-07    1.01554e-07    3.84924e-08    2.01193e-08    1.42578e-08    9.33861e-09    5.14248e-09    2.84753e-09    9.84146e-10    4.56823e-10    1.56822e-10    1.82955e-11
+285 ||    6.29486e-06    5.41547e-06    4.08242e-06    2.64403e-06    2.55076e-06    2.22919e-06    1.92059e-06    1.73065e-06    1.69482e-06    1.72846e-06    1.80184e-06    1.89857e-06    1.99523e-06    2.08031e-06    2.12769e-06    2.07296e-06    1.89580e-06    1.65318e-06    1.36187e-06    1.02987e-06    7.31804e-07    4.84414e-07    2.85309e-07    1.41517e-07    6.01649e-08    2.13637e-08    1.06591e-08    7.54314e-09    4.90340e-09    2.59512e-09    1.40517e-09    4.57801e-10    2.37484e-10    2.12842e-11    1.31463e-11
+300 ||    1.43984e-05    1.41443e-05    1.18251e-05    9.26371e-06    6.28301e-06    3.31954e-06    2.06553e-06    1.61047e-06    1.50544e-06    1.51143e-06    1.57629e-06    1.66101e-06    1.73097e-06    1.77142e-06    1.76400e-06    1.66388e-06    1.44888e-06    1.17846e-06    9.08663e-07    6.55267e-07    4.45723e-07    2.83260e-07    1.61748e-07    7.61800e-08    3.75360e-08    1.94315e-08    1.10302e-08    6.13678e-09    3.55672e-09    1.59127e-09    7.65938e-10    2.29557e-10    1.10946e-10    1.01273e-11    6.07673e-12
+315 ||    2.25020e-05    2.28923e-05    1.95300e-05    1.57970e-05    9.86817e-06    4.35117e-06    2.19644e-06    1.48951e-06    1.31271e-06    1.29232e-06    1.34846e-06    1.41983e-06    1.46143e-06    1.45571e-06    1.39290e-06    1.24692e-06    9.99800e-07    7.10361e-07    4.72653e-07    3.07683e-07    1.87265e-07    1.08679e-07    6.18931e-08    3.79179e-08    2.77139e-08    1.83674e-08    1.07400e-08    4.78309e-09    2.23681e-09    7.22615e-10    2.53140e-10    3.27180e-11    1.37806e-11    6.33393e-14    3.69290e-14
+330 ||    4.14937e-05    4.21430e-05    4.19890e-05    3.70897e-05    2.83628e-05    1.88160e-05    1.05690e-05    4.76674e-06    2.26789e-06    1.43554e-06    1.18941e-06    1.16546e-06    1.17535e-06    1.15510e-06    1.08718e-06    9.55998e-07    7.57348e-07    5.34629e-07    3.52439e-07    2.31242e-07    1.50895e-07    9.97157e-08    6.72279e-08    4.66333e-08    3.21936e-08    2.02699e-08    1.11110e-08    4.48581e-09    2.20739e-09    5.46467e-10    2.41168e-10    2.08657e-11    1.05575e-11    2.49196e-13    2.51183e-14
+345 ||    6.04855e-05    6.14207e-05    6.46094e-05    5.86148e-05    4.71952e-05    3.35568e-05    1.91999e-05    8.20477e-06    3.33114e-06    1.61067e-06    1.04608e-06    9.12547e-07    8.90189e-07    8.56650e-07    7.84925e-07    6.70522e-07    5.19751e-07    3.62363e-07    2.33627e-07    1.55631e-07    1.12898e-07    8.87987e-08    7.23328e-08    5.69831e-08    3.85356e-08    2.34270e-08    1.18152e-08    5.20641e-09    2.10709e-09    3.30670e-10    1.55716e-10    9.06186e-12    2.63260e-12    7.20134e-13    6.29307e-15
+360 ||    7.41181e-05    7.58147e-05    7.23594e-05    5.19180e-05    3.07168e-05    1.90090e-05    1.06421e-05    4.68412e-06    1.94191e-06    9.15429e-07    6.01800e-07    5.15713e-07    5.11198e-07    5.01235e-07    4.62084e-07    3.94657e-07    3.08283e-07    2.21506e-07    1.50214e-07    9.99689e-08    6.84511e-08    5.05592e-08    4.19553e-08    3.41375e-08    2.63000e-08    1.74874e-08    1.07337e-08    5.57685e-09    2.41932e-09    1.04076e-09    1.88259e-10    8.23098e-11    1.15230e-11    1.43539e-12    5.06267e-13
