##########################################################################################
### MCD_v6.1 with Martian Year 25 scenario.
### Latitude 83.8N. Longitude 235.0E. Local time 12.0h
### --------------------------------------------------------------------------------------
### Column 1 is Areocentric longitude (degrees)
### Columns 2+ are Pressure (Pa)
### Line 1 is height above surface (m)
### --------------------------------------------------------------------------------------
### Retrieved on: 2024-06-07T22:15:36.019228
### Mars Climate Database (c) LMD/OU/IAA/ESA/CNES
##########################################################################################
---- ||    0.00000e+00    1.47059e+03    2.94118e+03    4.41176e+03    5.88235e+03    7.35294e+03    8.82353e+03    1.02941e+04    1.17647e+04    1.32353e+04    1.47059e+04    1.61765e+04    1.76471e+04    1.91176e+04    2.05882e+04    2.20588e+04    2.35294e+04    2.50000e+04    2.64706e+04    2.79412e+04    2.94118e+04    3.08824e+04    3.23529e+04    3.38235e+04    3.52941e+04    3.67647e+04    3.82353e+04    3.97059e+04    4.11765e+04    4.26471e+04    4.41176e+04    4.55882e+04    4.70588e+04    4.85294e+04    5.00000e+04
-----------------------------------
+000 ||    8.45061e+02    6.97575e+02    5.75286e+02    4.74558e+02    3.92078e+02    3.24351e+02    2.68226e+02    2.21467e+02    1.82487e+02    1.50046e+02    1.23043e+02    1.00678e+02    8.21876e+01    6.69462e+01    5.44337e+01    4.41896e+01    3.58248e+01    2.90123e+01    2.34783e+01    1.89937e+01    1.53669e+01    1.24383e+01    1.00830e+01    8.18657e+00    6.65760e+00    5.43002e+00    4.44242e+00    3.64365e+00    2.99908e+00    2.47867e+00    2.05205e+00    1.70845e+00    1.42310e+00    1.19161e+00    9.98591e-01
+015 ||    8.45964e+02    6.97952e+02    5.75601e+02    4.75478e+02    3.94585e+02    3.28813e+02    2.74194e+02    2.28236e+02    1.89479e+02    1.56819e+02    1.29441e+02    1.06548e+02    8.75131e+01    7.17367e+01    5.86949e+01    4.79540e+01    3.91372e+01    3.19194e+01    2.60250e+01    2.12226e+01    1.73201e+01    1.41521e+01    1.15796e+01    9.49157e+00    7.80294e+00    6.42645e+00    5.30630e+00    4.39670e+00    3.65018e+00    3.03972e+00    2.53853e+00    2.12376e+00    1.78276e+00    1.49848e+00    1.26264e+00
+030 ||    8.84593e+02    7.34569e+02    6.13145e+02    5.14272e+02    4.33909e+02    3.67488e+02    3.11490e+02    2.63630e+02    2.22612e+02    1.87414e+02    1.57361e+02    1.31713e+02    1.09950e+02    9.15543e+01    7.60569e+01    6.30464e+01    5.21612e+01    4.30850e+01    3.55414e+01    2.92908e+01    2.41257e+01    1.98671e+01    1.63607e+01    1.34818e+01    1.11196e+01    9.17802e+00    7.59103e+00    6.28671e+00    5.21380e+00    4.33607e+00    3.61104e+00    3.01341e+00    2.52039e+00    2.11051e+00    1.77203e+00
+045 ||    9.21581e+02    7.69762e+02    6.49497e+02    5.52254e+02    4.73044e+02    4.06759e+02    3.50057e+02    3.00886e+02    2.58086e+02    2.20772e+02    1.88366e+02    1.60248e+02    1.35912e+02    1.14952e+02    9.69584e+01    8.15684e+01    6.84539e+01    5.73201e+01    4.79022e+01    3.99632e+01    3.32920e+01    2.77021e+01    2.30245e+01    1.91259e+01    1.58831e+01    1.31883e+01    1.09548e+01    9.10207e+00    7.56975e+00    6.30033e+00    5.24792e+00    4.37858e+00    3.65621e+00    3.05747e+00    2.56013e+00
+060 ||    9.21816e+02    7.76548e+02    6.60197e+02    5.64222e+02    4.85229e+02    4.19413e+02    3.63139e+02    3.14214e+02    2.71387e+02    2.33908e+02    2.01041e+02    1.72328e+02    1.47304e+02    1.25547e+02    1.06686e+02    9.03889e+01    7.63586e+01    6.43269e+01    5.40509e+01    4.53102e+01    3.79050e+01    3.16549e+01    2.63978e+01    2.19876e+01    1.82932e+01    1.52137e+01    1.26489e+01    1.05170e+01    8.74659e+00    7.27718e+00    6.05923e+00    5.04749e+00    4.20991e+00    3.51437e+00    2.93613e+00
+075 ||    9.02953e+02    7.67326e+02    6.57598e+02    5.65568e+02    4.88650e+02    4.24661e+02    3.69892e+02    3.22104e+02    2.80097e+02    2.43072e+02    2.10473e+02    1.81794e+02    1.56542e+02    1.34404e+02    1.15045e+02    9.81663e+01    8.34990e+01    7.08022e+01    5.98563e+01    5.04606e+01    4.24305e+01    3.55829e+01    2.97763e+01    2.48768e+01    2.07569e+01    1.72980e+01    1.44032e+01    1.19893e+01    9.97727e+00    8.30393e+00    6.91171e+00    5.75620e+00    4.79567e+00    3.99771e+00    3.33598e+00
+090 ||    8.53755e+02    7.36153e+02    6.37504e+02    5.52708e+02    4.79747e+02    4.17190e+02    3.63126e+02    3.15863e+02    2.74413e+02    2.37877e+02    2.05708e+02    1.77434e+02    1.52623e+02    1.30853e+02    1.11842e+02    9.52921e+01    8.09316e+01    6.85164e+01    5.78267e+01    4.86638e+01    4.08454e+01    3.41925e+01    2.85646e+01    2.38259e+01    1.98497e+01    1.65211e+01    1.37405e+01    1.14269e+01    9.50254e+00    7.90605e+00    6.57987e+00    5.48031e+00    4.56859e+00    3.81073e+00    3.18360e+00
+105 ||    7.97480e+02    6.99022e+02    6.12721e+02    5.36392e+02    4.68677e+02    4.08589e+02    3.55530e+02    3.08937e+02    2.68056e+02    2.32138e+02    2.00451e+02    1.72630e+02    1.48247e+02    1.26928e+02    1.08310e+02    9.21256e+01    7.81064e+01    6.60048e+01    5.56008e+01    4.66974e+01    3.91153e+01    3.26811e+01    2.72512e+01    2.26907e+01    1.88736e+01    1.56871e+01    1.30324e+01    1.08287e+01    8.99930e+00    7.48538e+00    6.23072e+00    5.18991e+00    4.33031e+00    3.61607e+00    3.02368e+00
+120 ||    7.64404e+02    6.68739e+02    5.85341e+02    5.11703e+02    4.46463e+02    3.88667e+02    3.37572e+02    2.92565e+02    2.53002e+02    2.18138e+02    1.87506e+02    1.60685e+02    1.37207e+02    1.16760e+02    9.90309e+01    8.37142e+01    7.05350e+01    5.92445e+01    4.96178e+01    4.14503e+01    3.45536e+01    2.87554e+01    2.38990e+01    1.98439e+01    1.64648e+01    1.36596e+01    1.13339e+01    9.40756e+00    7.81614e+00    6.49814e+00    5.40863e+00    4.50810e+00    3.76061e+00    3.14305e+00    2.62973e+00
+135 ||    7.43579e+02    6.49194e+02    5.67376e+02    4.95342e+02    4.31657e+02    3.75277e+02    3.25370e+02    2.81241e+02    2.42371e+02    2.08071e+02    1.78029e+02    1.51754e+02    1.28856e+02    1.09023e+02    9.19160e+01    7.72280e+01    6.46772e+01    5.40071e+01    4.49913e+01    3.74084e+01    3.10534e+01    2.57492e+01    2.13360e+01    1.76730e+01    1.46378e+01    1.21261e+01    1.00528e+01    8.33987e+00    6.92418e+00    5.75825e+00    4.79316e+00    3.99481e+00    3.33575e+00    2.78737e+00    2.33493e+00
+150 ||    7.30532e+02    6.29309e+02    5.41223e+02    4.64441e+02    3.97737e+02    3.40096e+02    2.90463e+02    2.47761e+02    2.10916e+02    1.79036e+02    1.51527e+02    1.27778e+02    1.07410e+02    9.00053e+01    7.51899e+01    6.26246e+01    5.20351e+01    4.31492e+01    3.57226e+01    2.95378e+01    2.44028e+01    2.01495e+01    1.66368e+01    1.37401e+01    1.13531e+01    9.38893e+00    7.77498e+00    6.44493e+00    5.35031e+00    4.45024e+00    3.70572e+00    3.09241e+00    2.58474e+00    2.16366e+00    1.81499e+00
+165 ||    7.33863e+02    6.23435e+02    5.27191e+02    4.44528e+02    3.74218e+02    3.15040e+02    2.65545e+02    2.23944e+02    1.88643e+02    1.58521e+02    1.32877e+02    1.11021e+02    9.25059e+01    7.68795e+01    6.37401e+01    5.27290e+01    4.35412e+01    3.59044e+01    2.95765e+01    2.43472e+01    2.00366e+01    1.64917e+01    1.35806e+01    1.11912e+01    9.23178e+00    7.62865e+00    6.31199e+00    5.23024e+00    4.34520e+00    3.61485e+00    3.01343e+00    2.51786e+00    2.10628e+00    1.76698e+00    1.48362e+00
+180 ||    7.47599e+02    6.26267e+02    5.23247e+02    4.36620e+02    3.64288e+02    3.04003e+02    2.53692e+02    2.11505e+02    1.75980e+02    1.46067e+02    1.20937e+02    9.98763e+01    8.22771e+01    6.76382e+01    5.54988e+01    4.54628e+01    3.71904e+01    3.03912e+01    2.48183e+01    2.02632e+01    1.65495e+01    1.35285e+01    1.10734e+01    9.07821e+00    7.46647e+00    6.15504e+00    5.08529e+00    4.22146e+00    3.51455e+00    2.93408e+00    2.46066e+00    2.06592e+00    1.74274e+00    1.47113e+00    1.24611e+00
+195 ||    7.75316e+02    6.40729e+02    5.29263e+02    4.37294e+02    3.61750e+02    2.99232e+02    2.47156e+02    2.03709e+02    1.67522e+02    1.37464e+02    1.12538e+02    9.19522e+01    7.49887e+01    6.10430e+01    4.96185e+01    4.02810e+01    3.26667e+01    2.64724e+01    2.14465e+01    1.73801e+01    1.40991e+01    1.14563e+01    9.33413e+00    7.63478e+00    6.26502e+00    5.15749e+00    4.27683e+00    3.55981e+00    2.97648e+00    2.50298e+00    2.10942e+00    1.78730e+00    1.51710e+00    1.29175e+00    1.10391e+00
+210 ||    8.38250e+02    6.92257e+02    5.71088e+02    4.70891e+02    3.88157e+02    3.19679e+02    2.62874e+02    2.15756e+02    1.76742e+02    1.44520e+02    1.17931e+02    9.60735e+01    7.81175e+01    6.34134e+01    5.13997e+01    4.16027e+01    3.36286e+01    2.71507e+01    2.19002e+01    1.76575e+01    1.42424e+01    1.15032e+01    9.31257e+00    7.57545e+00    6.18406e+00    5.06668e+00    4.18207e+00    3.47068e+00    2.89176e+00    2.42804e+00    2.04069e+00    1.72738e+00    1.46280e+00    1.24469e+00    1.06142e+00
+225 ||    9.01131e+02    7.43743e+02    6.12882e+02    5.04498e+02    4.14594e+02    3.40162e+02    2.78633e+02    2.27855e+02    1.86027e+02    1.51639e+02    1.23398e+02    1.00262e+02    8.13155e+01    6.58470e+01    5.32375e+01    4.29746e+01    3.46342e+01    2.78667e+01    2.23863e+01    1.79622e+01    1.44086e+01    1.15701e+01    9.30826e+00    7.53067e+00    6.11548e+00    4.98708e+00    4.09680e+00    3.39027e+00    2.81568e+00    2.36003e+00    1.98001e+00    1.67281e+00    1.41326e+00    1.20170e+00    1.02258e+00
+240 ||    9.36545e+02    7.73450e+02    6.37546e+02    5.24961e+02    4.31551e+02    3.54179e+02    2.90197e+02    2.37375e+02    1.93848e+02    1.58053e+02    1.28640e+02    1.04543e+02    8.48034e+01    6.86788e+01    5.55298e+01    4.48248e+01    3.61256e+01    2.90714e+01    2.33644e+01    1.87602e+01    1.50586e+01    1.20926e+01    9.72757e+00    7.85268e+00    6.35622e+00    5.16039e+00    4.21844e+00    3.46560e+00    2.85834e+00    2.37779e+00    1.98082e+00    1.66280e+00    1.39584e+00    1.18073e+00    9.99005e-01
+255 ||    9.51799e+02    7.86508e+02    6.48466e+02    5.34027e+02    4.39046e+02    3.60368e+02    2.95291e+02    2.41552e+02    1.97262e+02    1.60835e+02    1.30907e+02    1.06384e+02    8.62917e+01    6.98796e+01    5.64935e+01    4.55943e+01    3.67391e+01    2.95639e+01    2.37657e+01    1.90923e+01    1.53346e+01    1.23193e+01    9.90878e+00    7.98802e+00    6.45109e+00    5.22173e+00    4.24728e+00    3.46885e+00    2.84249e+00    2.34845e+00    1.94440e+00    1.62169e+00    1.35422e+00    1.13922e+00    9.58354e-01
+270 ||    9.45264e+02    7.82458e+02    6.45533e+02    5.31772e+02    4.37275e+02    3.58974e+02    2.94194e+02    2.40692e+02    1.96591e+02    1.60314e+02    1.30500e+02    1.06069e+02    8.60494e+01    6.96913e+01    5.63467e+01    4.54785e+01    3.66445e+01    2.94804e+01    2.36841e+01    1.90055e+01    1.52381e+01    1.22115e+01    9.78616e+00    7.85074e+00    6.30465e+00    5.07005e+00    4.09024e+00    3.31281e+00    2.69169e+00    2.19807e+00    1.80446e+00    1.48690e+00    1.23298e+00    1.02596e+00    8.56240e-01
+285 ||    9.25690e+02    7.67626e+02    6.33693e+02    5.22113e+02    4.29361e+02    3.52494e+02    2.88892e+02    2.36359e+02    1.93054e+02    1.57431e+02    1.28157e+02    1.04166e+02    8.45050e+01    6.84404e+01    5.53338e+01    4.46579e+01    3.59773e+01    2.89326e+01    2.32265e+01    1.86148e+01    1.48965e+01    1.19065e+01    9.50722e+00    7.58882e+00    6.05920e+00    4.84133e+00    3.87317e+00    3.11004e+00    2.50493e+00    2.02202e+00    1.64602e+00    1.34249e+00    1.10484e+00    9.09434e-01    7.55482e-01
+300 ||    8.97395e+02    7.44123e+02    6.14368e+02    5.06198e+02    4.16228e+02    3.41658e+02    2.79959e+02    2.29002e+02    1.87001e+02    1.52455e+02    1.24071e+02    1.00812e+02    8.17579e+01    6.61942e+01    5.35005e+01    4.31644e+01    3.47625e+01    2.79451e+01    2.24241e+01    1.79623e+01    1.43649e+01    1.14724e+01    9.15276e+00    7.29675e+00    5.81763e+00    4.64137e+00    3.70777e+00    2.97002e+00    2.38878e+00    1.92713e+00    1.56490e+00    1.27654e+00    1.04771e+00    8.62488e-01    7.14942e-01
+315 ||    8.72957e+02    7.23817e+02    5.97690e+02    4.92491e+02    4.04930e+02    3.32340e+02    2.72281e+02    2.22682e+02    1.81804e+02    1.48184e+02    1.20563e+02    9.79341e+01    7.93996e+01    6.42652e+01    5.19260e+01    4.18816e+01    3.37188e+01    2.70967e+01    2.17344e+01    1.74009e+01    1.39069e+01    1.10975e+01    8.84494e+00    7.04273e+00    5.60635e+00    4.46541e+00    3.56148e+00    2.84575e+00    2.28534e+00    1.84236e+00    1.49235e+00    1.21717e+00    9.96283e-01    8.20301e-01    6.78494e-01
+330 ||    8.44694e+02    6.98897e+02    5.76738e+02    4.75125e+02    3.90653e+02    3.20625e+02    2.62665e+02    2.14787e+02    1.75328e+02    1.42891e+02    1.16265e+02    9.44555e+01    7.65998e+01    6.20151e+01    5.01188e+01    4.04315e+01    3.25581e+01    2.61722e+01    2.10043e+01    1.68324e+01    1.34740e+01    1.07787e+01    8.62107e+00    6.89711e+00    5.52534e+00    4.43410e+00    3.56642e+00    2.87589e+00    2.33159e+00    1.89584e+00    1.54991e+00    1.27221e+00    1.04932e+00    8.67597e-01    7.21921e-01
+345 ||    8.23626e+02    6.79962e+02    5.60751e+02    4.61900e+02    3.79816e+02    3.11756e+02    2.55402e+02    2.08834e+02    1.70456e+02    1.38920e+02    1.13051e+02    9.18687e+01    7.45282e+01    6.03586e+01    4.87948e+01    3.93743e+01    3.17157e+01    2.55062e+01    2.04839e+01    1.64341e+01    1.31793e+01    1.05722e+01    8.48825e+00    6.82415e+00    5.50281e+00    4.44982e+00    3.60887e+00    2.93716e+00    2.40314e+00    1.97031e+00    1.62556e+00    1.34290e+00    1.11604e+00    9.27500e-01    7.75855e-01
+360 ||    8.16143e+02    6.73532e+02    5.55348e+02    4.57364e+02    3.76092e+02    3.09008e+02    2.54000e+02    2.08939e+02    1.71845e+02    1.41198e+02    1.15810e+02    9.48039e+01    7.74194e+01    6.30837e+01    5.13016e+01    4.16478e+01    3.37619e+01    2.73391e+01    2.21223e+01    1.78961e+01    1.44798e+01    1.17225e+01    9.50258e+00    7.71954e+00    6.28320e+00    5.12480e+00    4.19678e+00    3.44638e+00    2.83595e+00    2.34672e+00    1.94445e+00    1.61894e+00    1.34925e+00    1.13024e+00    9.46782e-01
##########################################################################################
### MCD_v6.1 with Martian Year 25 scenario.
### Latitude 83.8N. Longitude 235.0E. Local time 12.0h
### --------------------------------------------------------------------------------------
### Column 1 is Areocentric longitude (degrees)
### Columns 2+ are Temperature (K)
### Line 1 is height above surface (m)
### --------------------------------------------------------------------------------------
### Retrieved on: 2024-06-07T22:15:36.025414
### Mars Climate Database (c) LMD/OU/IAA/ESA/CNES
##########################################################################################
---- ||    0.00000e+00    1.47059e+03    2.94118e+03    4.41176e+03    5.88235e+03    7.35294e+03    8.82353e+03    1.02941e+04    1.17647e+04    1.32353e+04    1.47059e+04    1.61765e+04    1.76471e+04    1.91176e+04    2.05882e+04    2.20588e+04    2.35294e+04    2.50000e+04    2.64706e+04    2.79412e+04    2.94118e+04    3.08824e+04    3.23529e+04    3.38235e+04    3.52941e+04    3.67647e+04    3.82353e+04    3.97059e+04    4.11765e+04    4.26471e+04    4.41176e+04    4.55882e+04    4.70588e+04    4.85294e+04    5.00000e+04
-----------------------------------
+000 ||    1.49585e+02    1.49175e+02    1.48716e+02    1.49492e+02    1.51055e+02    1.51347e+02    1.50329e+02    1.48699e+02    1.46855e+02    1.44948e+02    1.43074e+02    1.41284e+02    1.39659e+02    1.38232e+02    1.36983e+02    1.35916e+02    1.35041e+02    1.34380e+02    1.33961e+02    1.33811e+02    1.33946e+02    1.34381e+02    1.35265e+02    1.36412e+02    1.37794e+02    1.39503e+02    1.41469e+02    1.43610e+02    1.45955e+02    1.48405e+02    1.50898e+02    1.53222e+02    1.55530e+02    1.57580e+02    1.59590e+02
+015 ||    1.49807e+02    1.49323e+02    1.49303e+02    1.51927e+02    1.56278e+02    1.58175e+02    1.57206e+02    1.54921e+02    1.52327e+02    1.49844e+02    1.47604e+02    1.45653e+02    1.43939e+02    1.42450e+02    1.41206e+02    1.40212e+02    1.39474e+02    1.39011e+02    1.38840e+02    1.38999e+02    1.39513e+02    1.40325e+02    1.41392e+02    1.42724e+02    1.44337e+02    1.46080e+02    1.47987e+02    1.50013e+02    1.52075e+02    1.54169e+02    1.56228e+02    1.58266e+02    1.60162e+02    1.62002e+02    1.63627e+02
+030 ||    1.50201e+02    1.58193e+02    1.62669e+02    1.68098e+02    1.72785e+02    1.74656e+02    1.73680e+02    1.71212e+02    1.68265e+02    1.65228e+02    1.62279e+02    1.59527e+02    1.56993e+02    1.54692e+02    1.52635e+02    1.50831e+02    1.49286e+02    1.48005e+02    1.46991e+02    1.46252e+02    1.45788e+02    1.45588e+02    1.45631e+02    1.46026e+02    1.46650e+02    1.47437e+02    1.48507e+02    1.49700e+02    1.51022e+02    1.52489e+02    1.53985e+02    1.55515e+02    1.57030e+02    1.58539e+02    1.59953e+02
+045 ||    1.50594e+02    1.66682e+02    1.75323e+02    1.83469e+02    1.89401e+02    1.91454e+02    1.90626e+02    1.88031e+02    1.84862e+02    1.81497e+02    1.78109e+02    1.74770e+02    1.71558e+02    1.68526e+02    1.65714e+02    1.63150e+02    1.60847e+02    1.58806e+02    1.57024e+02    1.55489e+02    1.54193e+02    1.53124e+02    1.52351e+02    1.51822e+02    1.51494e+02    1.51401e+02    1.51589e+02    1.51893e+02    1.52428e+02    1.53081e+02    1.53853e+02    1.54763e+02    1.55704e+02    1.56682e+02    1.57663e+02
+060 ||    1.55520e+02    1.75790e+02    1.82361e+02    1.88186e+02    1.95223e+02    1.99539e+02    1.99310e+02    1.97282e+02    1.94255e+02    1.90885e+02    1.87353e+02    1.83759e+02    1.80154e+02    1.76618e+02    1.73216e+02    1.69994e+02    1.66998e+02    1.64262e+02    1.61804e+02    1.59632e+02    1.57745e+02    1.56139e+02    1.54803e+02    1.53734e+02    1.53027e+02    1.52539e+02    1.52229e+02    1.52273e+02    1.52412e+02    1.52706e+02    1.53154e+02    1.53686e+02    1.54386e+02    1.55131e+02    1.55916e+02
+075 ||    1.60446e+02    1.84951e+02    1.90056e+02    1.94033e+02    2.01059e+02    2.07239e+02    2.07798e+02    2.06101e+02    2.03328e+02    1.99990e+02    1.96410e+02    1.92684e+02    1.88820e+02    1.84921e+02    1.81069e+02    1.77322e+02    1.73730e+02    1.70352e+02    1.67230e+02    1.64388e+02    1.61840e+02    1.59646e+02    1.57794e+02    1.56255e+02    1.54999e+02    1.54063e+02    1.53455e+02    1.53026e+02    1.52857e+02    1.52834e+02    1.52888e+02    1.53132e+02    1.53469e+02    1.53944e+02    1.54512e+02
+090 ||    1.86698e+02    2.01648e+02    2.03213e+02    2.03590e+02    2.04789e+02    2.06714e+02    2.06210e+02    2.04450e+02    2.01754e+02    1.98323e+02    1.94659e+02    1.90881e+02    1.87031e+02    1.83178e+02    1.79379e+02    1.75664e+02    1.72070e+02    1.68658e+02    1.65502e+02    1.62659e+02    1.60156e+02    1.58053e+02    1.56318e+02    1.54913e+02    1.53809e+02    1.53002e+02    1.52592e+02    1.52387e+02    1.52400e+02    1.52634e+02    1.52955e+02    1.53439e+02    1.54061e+02    1.54760e+02    1.55557e+02
+105 ||    2.12949e+02    2.19242e+02    2.17394e+02    2.14714e+02    2.11092e+02    2.07696e+02    2.04975e+02    2.02828e+02    2.00192e+02    1.96687e+02    1.92918e+02    1.89069e+02    1.85200e+02    1.81379e+02    1.77631e+02    1.73954e+02    1.70361e+02    1.66915e+02    1.63724e+02    1.60881e+02    1.58430e+02    1.56419e+02    1.54814e+02    1.53557e+02    1.52623e+02    1.51981e+02    1.51767e+02    1.51817e+02    1.52053e+02    1.52551e+02    1.53168e+02    1.53894e+02    1.54795e+02    1.55737e+02    1.56738e+02
+120 ||    2.06790e+02    2.16395e+02    2.14865e+02    2.12152e+02    2.08589e+02    2.04995e+02    2.01604e+02    1.98404e+02    1.94774e+02    1.90712e+02    1.86602e+02    1.82522e+02    1.78525e+02    1.74656e+02    1.70946e+02    1.67430e+02    1.64153e+02    1.61184e+02    1.58592e+02    1.56406e+02    1.54617e+02    1.53194e+02    1.52104e+02    1.51309e+02    1.50889e+02    1.50754e+02    1.50844e+02    1.51185e+02    1.51746e+02    1.52410e+02    1.53221e+02    1.54145e+02    1.55125e+02    1.56189e+02    1.57287e+02
+135 ||    2.00630e+02    2.13566e+02    2.12409e+02    2.09967e+02    2.06497e+02    2.02626e+02    1.98471e+02    1.94124e+02    1.89631e+02    1.85090e+02    1.80650e+02    1.76367e+02    1.72258e+02    1.68353e+02    1.64722e+02    1.61437e+02    1.58562e+02    1.56148e+02    1.54168e+02    1.52589e+02    1.51397e+02    1.50538e+02    1.49971e+02    1.49666e+02    1.49596e+02    1.49766e+02    1.50215e+02    1.50801e+02    1.51524e+02    1.52407e+02    1.53354e+02    1.54377e+02    1.55483e+02    1.56618e+02    1.57838e+02
+150 ||    1.91738e+02    1.94160e+02    1.91273e+02    1.88401e+02    1.85709e+02    1.83515e+02    1.81652e+02    1.79417e+02    1.76347e+02    1.72900e+02    1.69353e+02    1.65865e+02    1.62544e+02    1.59473e+02    1.56719e+02    1.54349e+02    1.52351e+02    1.50721e+02    1.49439e+02    1.48478e+02    1.47810e+02    1.47469e+02    1.47393e+02    1.47557e+02    1.47931e+02    1.48547e+02    1.49367e+02    1.50305e+02    1.51385e+02    1.52577e+02    1.53820e+02    1.55137e+02    1.56482e+02    1.57854e+02    1.59212e+02
+165 ||    1.82846e+02    1.74320e+02    1.70212e+02    1.67667e+02    1.66727e+02    1.67048e+02    1.68195e+02    1.67540e+02    1.65574e+02    1.62956e+02    1.60162e+02    1.57442e+02    1.54923e+02    1.52662e+02    1.50683e+02    1.49015e+02    1.47652e+02    1.46581e+02    1.45795e+02    1.45294e+02    1.45096e+02    1.45166e+02    1.45480e+02    1.46010e+02    1.46765e+02    1.47761e+02    1.48890e+02    1.50157e+02    1.51567e+02    1.53021e+02    1.54532e+02    1.56051e+02    1.57575e+02    1.59036e+02    1.60479e+02
+180 ||    1.66686e+02    1.62130e+02    1.59926e+02    1.58977e+02    1.59092e+02    1.59130e+02    1.58808e+02    1.57271e+02    1.55150e+02    1.52854e+02    1.50571e+02    1.48438e+02    1.46519e+02    1.44819e+02    1.43352e+02    1.42125e+02    1.41145e+02    1.40426e+02    1.39990e+02    1.39881e+02    1.40128e+02    1.40770e+02    1.41776e+02    1.43107e+02    1.44815e+02    1.46782e+02    1.49001e+02    1.51751e+02    1.54549e+02    1.57393e+02    1.60056e+02    1.62675e+02    1.64944e+02    1.67162e+02    1.69235e+02
+195 ||    1.50525e+02    1.50334e+02    1.49991e+02    1.50750e+02    1.51433e+02    1.50670e+02    1.49064e+02    1.47200e+02    1.45364e+02    1.43604e+02    1.41943e+02    1.40413e+02    1.39023e+02    1.37809e+02    1.36753e+02    1.35872e+02    1.35189e+02    1.34753e+02    1.34655e+02    1.34980e+02    1.35822e+02    1.37202e+02    1.39135e+02    1.41489e+02    1.44225e+02    1.47346e+02    1.51429e+02    1.55547e+02    1.59700e+02    1.63499e+02    1.67163e+02    1.70284e+02    1.73223e+02    1.76054e+02    1.78759e+02
+210 ||    1.50120e+02    1.49500e+02    1.48829e+02    1.48612e+02    1.48297e+02    1.47249e+02    1.45791e+02    1.44218e+02    1.42677e+02    1.41182e+02    1.39749e+02    1.38385e+02    1.37114e+02    1.35946e+02    1.34877e+02    1.33909e+02    1.33050e+02    1.32322e+02    1.31817e+02    1.31684e+02    1.32158e+02    1.33366e+02    1.35407e+02    1.38021e+02    1.40875e+02    1.44057e+02    1.48819e+02    1.53466e+02    1.58029e+02    1.61911e+02    1.65705e+02    1.68704e+02    1.71655e+02    1.74438e+02    1.77144e+02
+225 ||    1.49715e+02    1.48665e+02    1.47676e+02    1.46508e+02    1.45158e+02    1.43832e+02    1.42547e+02    1.41288e+02    1.40046e+02    1.38823e+02    1.37612e+02    1.36408e+02    1.35235e+02    1.34104e+02    1.33006e+02    1.31936e+02    1.30881e+02    1.29833e+02    1.28893e+02    1.28291e+02    1.28415e+02    1.29517e+02    1.31667e+02    1.34548e+02    1.37472e+02    1.40831e+02    1.46292e+02    1.51425e+02    1.56375e+02    1.60303e+02    1.64114e+02    1.67076e+02    1.70038e+02    1.72772e+02    1.75480e+02
+240 ||    1.49721e+02    1.48795e+02    1.47850e+02    1.46720e+02    1.45374e+02    1.44043e+02    1.42743e+02    1.41468e+02    1.40214e+02    1.38980e+02    1.37763e+02    1.36554e+02    1.35359e+02    1.34191e+02    1.33049e+02    1.31951e+02    1.30929e+02    1.30023e+02    1.29271e+02    1.28805e+02    1.28796e+02    1.29400e+02    1.31022e+02    1.33074e+02    1.35266e+02    1.37530e+02    1.41846e+02    1.46064e+02    1.50186e+02    1.54108e+02    1.57950e+02    1.61239e+02    1.64528e+02    1.67363e+02    1.70185e+02
+255 ||    1.49726e+02    1.48921e+02    1.47963e+02    1.46782e+02    1.45439e+02    1.44108e+02    1.42794e+02    1.41506e+02    1.40241e+02    1.38999e+02    1.37778e+02    1.36564e+02    1.35350e+02    1.34148e+02    1.32964e+02    1.31843e+02    1.30859e+02    1.30098e+02    1.29545e+02    1.29260e+02    1.29247e+02    1.29573e+02    1.30685e+02    1.32031e+02    1.33496e+02    1.35061e+02    1.38108e+02    1.41277e+02    1.44462e+02    1.48334e+02    1.52165e+02    1.55798e+02    1.59331e+02    1.62267e+02    1.65204e+02
+270 ||    1.49077e+02    1.48602e+02    1.47817e+02    1.46729e+02    1.45412e+02    1.44095e+02    1.42786e+02    1.41500e+02    1.40236e+02    1.38993e+02    1.37768e+02    1.36547e+02    1.35324e+02    1.34106e+02    1.32904e+02    1.31747e+02    1.30678e+02    1.29741e+02    1.28933e+02    1.28295e+02    1.27842e+02    1.27636e+02    1.27969e+02    1.28640e+02    1.29474e+02    1.30519e+02    1.32732e+02    1.35220e+02    1.37926e+02    1.40967e+02    1.44432e+02    1.48197e+02    1.51597e+02    1.54798e+02    1.57629e+02
+285 ||    1.48428e+02    1.48276e+02    1.47635e+02    1.46581e+02    1.45290e+02    1.43987e+02    1.42685e+02    1.41402e+02    1.40140e+02    1.38899e+02    1.37670e+02    1.36443e+02    1.35209e+02    1.33977e+02    1.32758e+02    1.31567e+02    1.30419e+02    1.29313e+02    1.28255e+02    1.27268e+02    1.26371e+02    1.25630e+02    1.25148e+02    1.25151e+02    1.25338e+02    1.25883e+02    1.27071e+02    1.28982e+02    1.30991e+02    1.33061e+02    1.36939e+02    1.40752e+02    1.44228e+02    1.47683e+02    1.50142e+02
+300 ||    1.48184e+02    1.47985e+02    1.47341e+02    1.46324e+02    1.45041e+02    1.43744e+02    1.42448e+02    1.41163e+02    1.39895e+02    1.38643e+02    1.37403e+02    1.36172e+02    1.34940e+02    1.33715e+02    1.32502e+02    1.31310e+02    1.30145e+02    1.29012e+02    1.27912e+02    1.26866e+02    1.25906e+02    1.25098e+02    1.24499e+02    1.24336e+02    1.24423e+02    1.24956e+02    1.26044e+02    1.27777e+02    1.29864e+02    1.32405e+02    1.36164e+02    1.39753e+02    1.43112e+02    1.46307e+02    1.49118e+02
+315 ||    1.47940e+02    1.47694e+02    1.47056e+02    1.46096e+02    1.44821e+02    1.43531e+02    1.42240e+02    1.40954e+02    1.39679e+02    1.38415e+02    1.37164e+02    1.35928e+02    1.34699e+02    1.33479e+02    1.32272e+02    1.31079e+02    1.29894e+02    1.28731e+02    1.27586e+02    1.26474e+02    1.25444e+02    1.24545e+02    1.23835e+02    1.23462e+02    1.23464e+02    1.23925e+02    1.24925e+02    1.26460e+02    1.28742e+02    1.31623e+02    1.35253e+02    1.38625e+02    1.41864e+02    1.45065e+02    1.48237e+02
+330 ||    1.48526e+02    1.48407e+02    1.47609e+02    1.46490e+02    1.45116e+02    1.43715e+02    1.42336e+02    1.40998e+02    1.39753e+02    1.38578e+02    1.37443e+02    1.36292e+02    1.35081e+02    1.33841e+02    1.32606e+02    1.31404e+02    1.30258e+02    1.29188e+02    1.28216e+02    1.27393e+02    1.26781e+02    1.26448e+02    1.26429e+02    1.26774e+02    1.27552e+02    1.28752e+02    1.30356e+02    1.32336e+02    1.34862e+02    1.37609e+02    1.40746e+02    1.43743e+02    1.46570e+02    1.49348e+02    1.51997e+02
+345 ||    1.49113e+02    1.49118e+02    1.48177e+02    1.46937e+02    1.45465e+02    1.43954e+02    1.42486e+02    1.41096e+02    1.39883e+02    1.38797e+02    1.37779e+02    1.36710e+02    1.35515e+02    1.34255e+02    1.32991e+02    1.31780e+02    1.30677e+02    1.29703e+02    1.28908e+02    1.28385e+02    1.28205e+02    1.28449e+02    1.29110e+02    1.30168e+02    1.31663e+02    1.33523e+02    1.35660e+02    1.38041e+02    1.40767e+02    1.43551e+02    1.46228e+02    1.48863e+02    1.51303e+02    1.53743e+02    1.55921e+02
+360 ||    1.49269e+02    1.49213e+02    1.48267e+02    1.47004e+02    1.45857e+02    1.45658e+02    1.46365e+02    1.46666e+02    1.46075e+02    1.44883e+02    1.43308e+02    1.41594e+02    1.39892e+02    1.38334e+02    1.36976e+02    1.35839e+02    1.34938e+02    1.34283e+02    1.33891e+02    1.33784e+02    1.33981e+02    1.34485e+02    1.35394e+02    1.36674e+02    1.38183e+02    1.39899e+02    1.41942e+02    1.44109e+02    1.46368e+02    1.48829e+02    1.51264e+02    1.53598e+02    1.55884e+02    1.57927e+02    1.59969e+02
##########################################################################################
### MCD_v6.1 with Martian Year 25 scenario.
### Latitude 83.8N. Longitude 235.0E. Local time 12.0h
### --------------------------------------------------------------------------------------
### Column 1 is Areocentric longitude (degrees)
### Columns 2+ are Dust mass mixing ratio (kg/kg)
### Line 1 is height above surface (m)
### --------------------------------------------------------------------------------------
### Retrieved on: 2024-06-07T22:15:36.026229
### Mars Climate Database (c) LMD/OU/IAA/ESA/CNES
##########################################################################################
---- ||    0.00000e+00    1.47059e+03    2.94118e+03    4.41176e+03    5.88235e+03    7.35294e+03    8.82353e+03    1.02941e+04    1.17647e+04    1.32353e+04    1.47059e+04    1.61765e+04    1.76471e+04    1.91176e+04    2.05882e+04    2.20588e+04    2.35294e+04    2.50000e+04    2.64706e+04    2.79412e+04    2.94118e+04    3.08824e+04    3.23529e+04    3.38235e+04    3.52941e+04    3.67647e+04    3.82353e+04    3.97059e+04    4.11765e+04    4.26471e+04    4.41176e+04    4.55882e+04    4.70588e+04    4.85294e+04    5.00000e+04
-----------------------------------
+000 ||    3.33796e-06    3.33339e-06    3.32406e-06    3.23846e-06    2.96730e-06    2.54387e-06    2.03739e-06    1.50069e-06    9.68207e-07    5.23405e-07    2.43330e-07    8.92162e-08    2.65207e-08    8.15639e-09    2.99727e-09    1.58964e-09    1.05998e-09    6.78245e-10    3.76420e-10    1.66736e-10    4.76201e-11    5.69985e-12    1.19546e-12    6.73350e-17    1.60670e-16    1.71515e-16    1.19550e-16    8.04201e-17    1.26434e-16    5.20470e-16    1.05930e-15    6.40109e-15    1.21687e-14    1.16012e-14    1.00492e-14
+015 ||    2.61164e-06    2.61031e-06    2.41097e-06    2.07508e-06    1.55175e-06    9.51474e-07    4.83039e-07    2.34014e-07    1.02844e-07    4.18639e-08    1.45887e-08    4.70392e-09    1.16293e-09    2.32923e-10    8.77905e-11    4.50246e-11    1.89307e-11    5.56844e-12    1.97029e-13    1.51911e-14    4.62370e-18    4.62369e-18    4.76941e-18    5.22719e-18    1.80349e-16    3.20487e-16    3.40861e-16    2.26683e-16    1.43199e-16    1.89813e-16    2.11809e-16    2.18322e-16    1.69707e-16    9.97870e-17    5.68190e-17
+030 ||    1.85862e-06    2.20672e-06    2.03193e-06    1.72375e-06    1.31251e-06    8.89714e-07    5.17019e-07    2.87613e-07    1.58831e-07    8.85072e-08    4.69686e-08    2.54768e-08    1.33459e-08    6.50946e-09    2.85338e-09    1.08314e-09    3.77811e-10    1.28188e-10    3.96759e-11    1.14615e-11    3.42161e-12    1.23045e-12    3.44965e-13    1.56032e-13    6.83836e-14    4.35508e-14    2.94371e-14    1.84416e-14    1.07610e-14    1.27080e-14    1.59828e-14    2.03917e-14    2.17110e-14    2.14208e-14    1.79389e-14
+045 ||    1.10560e-06    1.80110e-06    1.65236e-06    1.35898e-06    1.00155e-06    7.08824e-07    4.58941e-07    2.89238e-07    1.86448e-07    1.27748e-07    8.67342e-08    5.74780e-08    3.71179e-08    2.27031e-08    1.27750e-08    6.41265e-09    2.79753e-09    1.07577e-09    3.84334e-10    1.26192e-10    3.44008e-11    1.00288e-11    4.59967e-12    1.88482e-12    5.94350e-13    2.38227e-13    1.29593e-13    8.46618e-14    5.75994e-14    3.65951e-14    2.16962e-14    2.49149e-14    3.12169e-14    3.98876e-14    4.32616e-14
+060 ||    1.72744e-06    2.57970e-06    2.24864e-06    1.96689e-06    1.67418e-06    1.32299e-06    8.76286e-07    5.89863e-07    4.23302e-07    3.15274e-07    2.43178e-07    1.87666e-07    1.42192e-07    1.05459e-07    7.64042e-08    5.29957e-08    3.43809e-08    2.07102e-08    1.14882e-08    5.84284e-09    2.76158e-09    1.24318e-09    5.70284e-10    2.95316e-10    1.82607e-10    1.05515e-10    5.31581e-11    3.49771e-11    2.14211e-11    1.55318e-11    1.14623e-11    8.21962e-12    5.59966e-12    3.47814e-12    1.82379e-12
+075 ||    2.34927e-06    3.36279e-06    2.84583e-06    2.52138e-06    2.30543e-06    1.94516e-06    1.32717e-06    9.10895e-07    6.73951e-07    5.23265e-07    4.14978e-07    3.32693e-07    2.64580e-07    2.06146e-07    1.57415e-07    1.16836e-07    8.23455e-08    5.40851e-08    3.26718e-08    1.77266e-08    8.42818e-09    3.99924e-09    1.95931e-09    9.71499e-10    5.13015e-10    3.05151e-10    1.81430e-10    9.61900e-11    5.98796e-11    3.95275e-11    2.77538e-11    2.10397e-11    1.49394e-11    9.67824e-12    5.96181e-12
+090 ||    1.84027e-05    4.60482e-06    3.59018e-06    2.83148e-06    2.25307e-06    1.88712e-06    1.41477e-06    1.09648e-06    8.60829e-07    6.95801e-07    5.69346e-07    4.65035e-07    3.74945e-07    2.96211e-07    2.27776e-07    1.68659e-07    1.18491e-07    7.75396e-08    4.71429e-08    2.66578e-08    1.43526e-08    8.60669e-09    5.72100e-09    3.62587e-09    1.93306e-09    6.91109e-10    2.78243e-10    7.01786e-11    3.79183e-11    2.49773e-11    1.63814e-11    1.14742e-11    7.69786e-12    4.59562e-12    2.76984e-12
+105 ||    3.44562e-05    6.03211e-06    4.48755e-06    3.30531e-06    2.26743e-06    1.77980e-06    1.45262e-06    1.25370e-06    1.05101e-06    8.71453e-07    7.29134e-07    6.03335e-07    4.91593e-07    3.90914e-07    3.01906e-07    2.23103e-07    1.56280e-07    1.01759e-07    6.17934e-08    3.55246e-08    2.01798e-08    1.30484e-08    9.36244e-09    6.05161e-09    3.12535e-09    8.95129e-10    2.89496e-10    4.48040e-11    1.87738e-11    1.11693e-11    5.88101e-12    2.74214e-12    1.52203e-12    6.76817e-13    3.45088e-13
+120 ||    3.74882e-05    5.04065e-06    3.44441e-06    2.44165e-06    1.73039e-06    1.36139e-06    1.10757e-06    9.47432e-07    7.78374e-07    6.30325e-07    5.08619e-07    4.07926e-07    3.22562e-07    2.46917e-07    1.80507e-07    1.24418e-07    7.98336e-08    4.74901e-08    2.66431e-08    1.46255e-08    8.45496e-09    5.48560e-09    3.73052e-09    2.01491e-09    8.09987e-10    2.47659e-10    2.83800e-11    1.29718e-11    6.85224e-12    3.42525e-12    1.79351e-12    9.28675e-13    4.02259e-13    2.26608e-13    1.05794e-13
+135 ||    4.05202e-05    4.04076e-06    2.44219e-06    1.70296e-06    1.26311e-06    9.86832e-07    8.08544e-07    6.67332e-07    5.35221e-07    4.09007e-07    3.08523e-07    2.34829e-07    1.74785e-07    1.22559e-07    7.85169e-08    4.45176e-08    2.18217e-08    9.32736e-09    3.43571e-09    1.10161e-09    3.95960e-10    1.58212e-10    6.60099e-11    2.86336e-11    1.30190e-11    5.08532e-12    2.24873e-12    7.74540e-13    2.86123e-13    1.62060e-13    9.33098e-14    6.34424e-14    4.25391e-14    2.46902e-14    1.58705e-14
+150 ||    2.48532e-05    5.05965e-06    3.84388e-06    3.18520e-06    2.57731e-06    1.93773e-06    1.37175e-06    9.25329e-07    5.89809e-07    3.75834e-07    2.38347e-07    1.55516e-07    9.78118e-08    5.69781e-08    3.01224e-08    1.45858e-08    6.14577e-09    2.24741e-09    7.09951e-10    2.21726e-10    7.84170e-11    3.35927e-11    1.48601e-11    6.47455e-12    2.40656e-12    9.93227e-13    4.32494e-13    1.76367e-13    1.00062e-13    6.27942e-14    3.88214e-14    2.59013e-14    1.66417e-14    1.08367e-14    7.10283e-15
+165 ||    9.18616e-06    6.17933e-06    5.40462e-06    4.71336e-06    3.75117e-06    2.59092e-06    1.65357e-06    9.67905e-07    5.36556e-07    2.97168e-07    1.58107e-07    8.64582e-08    4.45056e-08    2.14937e-08    9.86870e-09    4.17258e-09    1.57201e-09    4.82039e-10    1.36679e-10    4.73314e-11    1.73981e-11    6.22638e-12    2.30287e-12    1.02875e-12    4.79398e-13    2.54310e-13    1.26704e-13    6.84352e-14    4.13179e-14    2.31821e-14    1.61604e-14    1.19454e-14    9.17978e-15    6.77170e-15    4.47178e-15
+180 ||    9.91704e-06    7.36195e-06    6.26192e-06    4.78753e-06    3.26976e-06    2.04741e-06    1.24703e-06    7.29695e-07    4.10767e-07    2.24854e-07    1.30311e-07    8.58842e-08    6.79045e-08    6.32265e-08    6.42825e-08    6.67456e-08    6.88627e-08    7.42515e-08    8.47588e-08    1.05777e-07    1.31385e-07    1.56278e-07    1.78906e-07    1.99126e-07    2.11976e-07    2.25503e-07    2.39321e-07    2.46103e-07    2.42960e-07    2.30422e-07    2.12188e-07    1.92570e-07    1.78599e-07    1.65447e-07    1.51252e-07
+195 ||    1.06479e-05    8.55375e-06    7.11077e-06    4.87100e-06    2.88378e-06    1.64581e-06    1.00496e-06    6.13532e-07    3.44728e-07    1.90358e-07    1.31021e-07    1.10192e-07    1.10295e-07    1.19195e-07    1.28575e-07    1.35321e-07    1.44874e-07    1.63633e-07    2.01022e-07    2.51771e-07    3.04125e-07    3.51766e-07    3.93149e-07    4.21258e-07    4.48430e-07    4.77481e-07    4.91257e-07    4.87696e-07    4.62838e-07    4.28202e-07    3.89815e-07    3.61118e-07    3.35670e-07    3.08959e-07    2.80763e-07
+210 ||    9.67524e-06    8.56263e-06    8.06631e-06    7.04398e-06    5.93154e-06    4.93279e-06    3.98587e-06    3.01531e-06    2.11953e-06    1.40431e-06    9.31568e-07    6.19556e-07    4.40641e-07    3.39349e-07    2.85700e-07    2.58107e-07    2.48138e-07    2.53573e-07    2.77263e-07    3.10711e-07    3.42526e-07    3.63331e-07    3.64743e-07    3.60682e-07    3.61255e-07    3.66999e-07    3.76690e-07    3.65703e-07    3.39562e-07    3.00888e-07    2.60605e-07    2.31508e-07    2.03081e-07    1.79187e-07    1.57362e-07
+225 ||    8.70256e-06    8.57518e-06    8.99664e-06    9.18527e-06    8.98289e-06    8.22413e-06    6.93767e-06    5.35531e-06    3.81726e-06    2.55432e-06    1.67368e-06    1.08873e-06    7.46773e-07    5.43788e-07    4.33360e-07    3.75516e-07    3.47807e-07    3.40643e-07    3.49718e-07    3.65538e-07    3.76773e-07    3.68356e-07    3.30491e-07    2.96050e-07    2.70493e-07    2.55528e-07    2.61068e-07    2.43771e-07    2.15820e-07    1.73600e-07    1.32678e-07    1.01198e-07    6.97181e-08    5.27488e-08    3.74757e-08
+240 ||    7.12592e-06    6.29955e-06    6.50005e-06    6.48023e-06    6.12539e-06    5.39502e-06    4.39233e-06    3.29993e-06    2.31056e-06    1.52788e-06    1.00246e-06    6.51474e-07    4.45051e-07    3.20892e-07    2.50448e-07    2.11389e-07    1.90513e-07    1.81647e-07    1.81822e-07    1.86621e-07    1.90842e-07    1.88704e-07    1.69208e-07    1.51464e-07    1.37142e-07    1.27597e-07    1.30331e-07    1.23712e-07    1.09473e-07    8.78548e-08    6.65099e-08    5.01453e-08    3.37806e-08    2.55998e-08    1.76715e-08
+255 ||    5.54928e-06    4.02730e-06    4.00689e-06    3.75499e-06    3.20414e-06    2.47037e-06    1.72902e-06    1.12321e-06    7.01378e-07    4.32463e-07    2.77755e-07    1.81204e-07    1.23909e-07    8.55150e-08    5.98760e-08    4.27031e-08    3.07906e-08    2.20157e-08    1.50898e-08    9.79758e-09    5.96564e-09    3.28336e-09    1.56807e-09    7.27051e-10    3.50857e-10    3.81126e-10    4.16600e-10    4.09532e-10    3.64631e-10    3.12681e-10    2.59966e-10    2.04885e-10    1.51464e-10    1.07846e-10    6.42275e-11
+270 ||    3.41193e-06    2.29171e-06    2.22293e-06    2.07062e-06    1.76658e-06    1.37040e-06    9.71678e-07    6.43363e-07    4.11152e-07    2.60302e-07    1.72144e-07    1.15449e-07    8.10156e-08    5.77169e-08    4.17912e-08    3.07892e-08    2.28880e-08    1.68581e-08    1.19683e-08    8.10537e-09    5.18426e-09    3.03074e-09    1.55747e-09    7.53247e-10    3.23589e-10    2.13564e-10    2.16103e-10    1.99631e-10    1.75015e-10    1.47572e-10    1.19010e-10    8.96517e-11    6.43382e-11    4.12364e-11    2.35681e-11
+285 ||    1.27458e-06    5.58682e-07    4.35238e-07    3.67951e-07    3.01294e-07    2.38767e-07    1.84683e-07    1.40779e-07    1.06722e-07    8.05846e-08    6.12057e-08    4.64871e-08    3.61970e-08    2.85488e-08    2.27523e-08    1.82044e-08    1.45061e-08    1.13456e-08    8.57906e-09    6.22974e-09    4.28220e-09    2.70014e-09    1.48156e-09    7.16013e-10    2.44662e-10    3.43766e-11    8.70821e-13    6.53967e-14    2.57962e-13    7.01426e-13    7.37530e-13    7.97581e-13    9.77834e-13    1.14925e-12    8.93642e-13
+300 ||    1.89774e-06    1.13866e-06    1.01279e-06    9.14880e-07    8.06470e-07    6.91419e-07    5.71034e-07    4.51074e-07    3.38737e-07    2.43838e-07    1.72087e-07    1.19635e-07    8.50170e-08    6.08394e-08    4.38817e-08    3.16842e-08    2.27998e-08    1.62574e-08    1.13133e-08    7.57149e-09    4.78332e-09    2.74209e-09    1.29141e-09    5.18410e-10    1.48171e-10    1.57377e-11    9.07943e-14    1.74767e-14    1.78209e-13    3.58760e-13    3.90572e-13    4.49639e-13    5.45467e-13    5.70890e-13    4.34005e-13
+315 ||    2.52091e-06    1.71873e-06    1.59191e-06    1.46563e-06    1.31570e-06    1.14841e-06    9.61813e-07    7.65593e-07    5.74151e-07    4.09251e-07    2.84359e-07    1.93368e-07    1.34081e-07    9.31599e-08    6.49153e-08    4.50002e-08    3.09054e-08    2.09941e-08    1.39002e-08    8.79604e-09    5.20974e-09    2.74882e-09    1.13783e-09    3.22542e-10    7.24154e-11    2.71322e-12    4.62370e-18    4.62370e-18    1.77630e-16    1.28448e-14    4.14988e-14    5.72297e-14    6.62389e-14    6.15156e-14    4.61462e-14
+330 ||    3.61102e-06    3.03646e-06    2.98052e-06    2.90914e-06    2.81017e-06    2.63408e-06    2.34901e-06    1.98355e-06    1.58796e-06    1.19919e-06    8.64642e-07    5.97123e-07    3.98217e-07    2.52873e-07    1.52071e-07    8.70371e-08    4.92935e-08    2.85821e-08    1.67640e-08    9.58924e-09    5.14660e-09    2.42084e-09    8.51145e-10    1.64622e-10    3.81336e-11    1.29177e-12    1.51653e-17    4.41511e-17    1.51937e-15    7.79402e-15    2.41872e-14    3.48261e-14    3.85530e-14    3.92369e-14    3.19656e-14
+345 ||    4.70114e-06    4.35753e-06    4.37243e-06    4.35957e-06    4.31173e-06    4.12698e-06    3.74279e-06    3.20714e-06    2.60521e-06    1.98987e-06    1.44447e-06    9.99402e-07    6.60663e-07    4.10869e-07    2.37644e-07    1.27839e-07    6.72828e-08    3.59454e-08    1.95281e-08    1.03985e-08    5.13830e-09    2.15524e-09    6.11910e-10    6.02426e-11    1.42194e-11    4.65758e-18    2.25191e-17    7.79998e-17    2.44389e-15    5.60466e-15    1.07483e-14    1.47527e-14    1.35886e-14    1.24244e-14    1.26269e-14
+360 ||    3.73356e-06    3.53264e-06    3.47598e-06    3.38112e-06    3.32841e-06    3.24477e-06    2.99843e-06    2.57363e-06    2.05339e-06    1.52621e-06    1.07091e-06    7.03953e-07    4.40881e-07    2.62444e-07    1.48003e-07    7.96343e-08    4.22766e-08    2.29182e-08    1.26453e-08    6.88895e-09    3.53083e-09    1.55798e-09    5.81285e-10    1.84241e-10    2.13260e-11    5.70289e-14    4.22879e-14    2.79874e-14    1.40109e-14    1.22815e-14    1.10797e-14    1.15608e-14    1.17173e-14    1.01959e-14    8.67459e-15
##########################################################################################
### MCD_v6.1 with Martian Year 25 scenario.
### Latitude 83.8N. Longitude 235.0E. Local time 12.0h
### --------------------------------------------------------------------------------------
### Column 1 is Areocentric longitude (degrees)
### Columns 2+ are Water ice mixing ratio (mol/mol)
### Line 1 is height above surface (m)
### --------------------------------------------------------------------------------------
### Retrieved on: 2024-06-07T22:15:36.026993
### Mars Climate Database (c) LMD/OU/IAA/ESA/CNES
##########################################################################################
---- ||    0.00000e+00    1.47059e+03    2.94118e+03    4.41176e+03    5.88235e+03    7.35294e+03    8.82353e+03    1.02941e+04    1.17647e+04    1.32353e+04    1.47059e+04    1.61765e+04    1.76471e+04    1.91176e+04    2.05882e+04    2.20588e+04    2.35294e+04    2.50000e+04    2.64706e+04    2.79412e+04    2.94118e+04    3.08824e+04    3.23529e+04    3.38235e+04    3.52941e+04    3.67647e+04    3.82353e+04    3.97059e+04    4.11765e+04    4.26471e+04    4.41176e+04    4.55882e+04    4.70588e+04    4.85294e+04    5.00000e+04
-----------------------------------
+000 ||    7.43636e-05    7.57882e-05    7.16181e-05    5.72031e-05    4.16580e-05    3.10589e-05    2.22877e-05    1.39875e-05    6.97084e-06    2.63071e-06    1.11821e-06    7.06036e-07    6.42223e-07    6.32829e-07    5.96497e-07    5.31219e-07    4.42237e-07    3.27843e-07    2.06350e-07    1.12221e-07    5.86034e-08    3.31912e-08    1.93747e-08    1.05106e-08    5.47659e-09    3.75028e-09    2.45725e-09    1.45663e-09    7.96519e-10    4.17362e-10    1.55096e-10    7.79758e-11    1.72689e-11    5.80276e-12    1.98811e-12
+015 ||    8.83134e-05    8.70034e-05    7.54888e-05    4.57211e-05    1.63838e-05    4.06314e-06    9.32563e-07    2.83881e-07    1.61879e-07    1.72584e-07    2.09137e-07    2.46279e-07    2.61553e-07    2.44486e-07    1.98094e-07    1.54614e-07    1.36927e-07    1.23790e-07    7.88015e-08    2.23680e-08    5.94921e-09    1.36819e-09    9.00738e-10    5.34274e-10    3.17959e-10    1.63951e-10    8.17732e-11    4.16757e-11    1.61578e-11    6.40631e-12    1.79207e-12    4.08473e-13    1.51955e-14    4.63282e-15    0.00000e+00
+030 ||    9.90605e-05    9.39309e-05    6.62379e-05    3.80779e-05    1.56728e-05    4.64622e-06    1.10290e-06    3.78085e-07    1.96710e-07    1.42534e-07    1.69205e-07    2.50895e-07    2.43927e-07    1.82546e-07    1.34508e-07    1.07306e-07    8.63981e-08    7.61057e-08    7.05581e-08    5.21319e-08    2.66797e-08    7.24431e-09    1.07792e-09    7.08819e-10    4.40941e-10    2.43231e-10    1.46416e-10    7.71242e-11    3.70915e-11    1.96402e-11    7.79167e-12    2.97162e-12    8.68223e-13    1.79978e-13    7.41419e-15
+045 ||    1.09808e-04    1.02575e-04    5.86006e-05    2.88701e-05    1.11472e-05    3.88159e-06    9.79618e-07    2.62813e-07    2.21862e-07    1.72079e-07    1.11125e-07    1.76293e-07    2.88485e-07    2.46030e-07    1.19310e-07    3.32505e-08    9.18296e-09    9.70656e-09    1.13961e-08    1.01236e-08    6.96364e-09    3.99796e-09    2.25559e-09    1.11097e-09    4.05881e-10    1.66808e-10    6.98699e-11    1.62319e-11    5.88469e-12    4.77037e-13    4.74417e-14    1.40912e-15    0.00000e+00    0.00000e+00    0.00000e+00
+060 ||    2.35717e-04    2.81729e-04    2.27794e-04    1.82184e-04    1.03508e-04    3.47744e-05    1.23966e-05    2.59687e-06    1.18648e-06    8.96020e-07    4.61182e-07    1.15615e-07    1.23103e-07    1.62466e-07    1.46674e-07    1.44550e-07    9.91292e-08    4.99121e-08    2.78307e-08    1.81703e-08    1.09811e-08    5.63712e-09    2.49076e-09    1.36551e-09    6.77202e-10    2.59982e-10    6.05970e-11    2.88143e-11    7.04014e-12    1.85704e-12    1.93015e-13    1.49292e-15    4.86773e-16    0.00000e+00    0.00000e+00
+075 ||    3.61626e-04    4.64800e-04    3.95957e-04    3.37440e-04    2.09363e-04    7.94917e-05    2.72374e-05    7.83037e-06    2.20911e-06    1.81376e-06    1.09945e-06    1.89076e-07    7.23966e-10    1.17384e-08    6.02119e-08    1.48971e-07    2.07303e-07    1.48855e-07    7.19513e-08    3.51980e-08    1.98139e-08    9.25196e-09    3.54849e-09    1.23051e-09    7.38127e-10    3.28030e-10    1.18943e-10    1.53400e-12    3.97706e-13    2.65029e-16    3.75323e-18    0.00000e+00    0.00000e+00    0.00000e+00    0.00000e+00
+090 ||    2.21446e-04    2.59700e-04    2.22651e-04    2.02592e-04    1.64436e-04    1.02216e-04    5.61601e-05    1.79173e-05    6.56864e-06    5.59065e-06    5.05408e-06    4.65412e-06    4.22404e-06    3.69539e-06    3.07204e-06    2.35359e-06    1.60507e-06    9.55435e-07    5.81022e-07    3.56687e-07    2.08390e-07    9.85041e-08    3.70631e-08    9.44531e-09    1.03827e-09    2.14315e-10    5.86343e-11    9.16622e-13    1.15372e-13    7.68072e-16    0.00000e+00    0.00000e+00    0.00000e+00    0.00000e+00    0.00000e+00
+105 ||    8.12669e-05    4.35000e-05    4.14209e-05    4.87142e-05    7.78640e-05    1.02887e-04    8.45273e-05    3.16861e-05    1.08576e-05    9.38650e-06    8.83949e-06    8.95029e-06    8.53813e-06    7.54453e-06    6.26373e-06    4.72949e-06    3.11350e-06    1.79968e-06    1.10504e-06    6.82849e-07    3.95973e-07    1.82041e-07    6.53429e-08    1.58424e-08    1.23909e-09    5.23526e-11    1.47789e-11    4.04509e-13    2.66004e-15    8.64323e-16    0.00000e+00    0.00000e+00    0.00000e+00    0.00000e+00    0.00000e+00
+120 ||    4.14333e-05    2.18531e-05    2.12492e-05    2.63023e-05    4.35456e-05    5.36346e-05    4.31909e-05    1.56386e-05    7.68468e-06    6.53809e-06    5.88793e-06    5.51152e-06    4.88590e-06    4.08022e-06    3.16881e-06    2.19423e-06    1.31005e-06    7.57756e-07    4.59358e-07    2.73415e-07    1.42562e-07    5.63637e-08    1.32004e-08    9.22515e-10    2.28342e-10    1.75432e-11    9.75487e-13    1.77655e-13    1.69333e-14    0.00000e+00    0.00000e+00    0.00000e+00    0.00000e+00    0.00000e+00    0.00000e+00
+135 ||    1.59970e-06    2.75631e-07    6.90820e-07    2.44423e-06    4.61289e-06    4.53073e-06    5.32683e-06    5.35007e-06    4.66817e-06    3.75667e-06    2.76943e-06    1.95375e-06    1.39980e-06    9.42863e-07    5.40849e-07    2.59042e-07    1.12999e-07    5.50439e-08    2.68237e-08    1.19774e-08    5.73140e-09    2.20519e-09    6.20107e-10    8.71509e-11    1.23031e-11    2.77326e-12    7.27822e-13    4.95176e-14    3.52118e-15    0.00000e+00    0.00000e+00    0.00000e+00    0.00000e+00    0.00000e+00    0.00000e+00
+150 ||    1.68405e-04    1.70391e-04    1.65095e-04    1.45249e-04    1.14929e-04    7.75004e-05    3.66952e-05    1.68490e-05    9.31757e-06    4.99333e-06    2.43374e-06    1.28945e-06    7.28750e-07    4.14581e-07    2.31337e-07    1.34815e-07    8.42884e-08    5.08618e-08    3.05240e-08    2.14079e-08    1.70400e-08    1.64834e-08    1.61161e-08    1.43868e-08    1.11859e-08    6.68519e-09    3.79719e-09    1.82939e-09    9.86479e-10    5.55808e-10    2.65900e-10    9.39992e-11    7.68356e-12    2.13985e-12    6.61309e-15
+165 ||    3.35211e-04    3.40143e-04    3.24675e-04    2.76265e-04    2.01014e-04    1.20076e-04    4.37612e-05    2.00150e-05    9.58832e-06    4.10406e-06    1.47414e-06    6.16829e-07    3.40431e-07    2.36949e-07    1.71476e-07    1.23359e-07    8.06979e-08    5.13742e-08    3.83585e-08    3.28206e-08    3.26254e-08    3.21685e-08    2.85930e-08    2.18998e-08    1.27050e-08    7.13727e-09    3.47503e-09    1.76798e-09    1.02760e-09    4.84624e-10    1.38836e-10    1.37326e-11    2.60372e-12    1.19025e-14    3.27070e-15
+180 ||    1.95454e-04    1.92957e-04    1.76986e-04    1.41602e-04    9.48200e-05    4.97832e-05    1.88325e-05    9.98359e-06    5.54373e-06    3.57420e-06    3.03155e-06    3.12453e-06    3.42195e-06    3.74194e-06    4.11753e-06    4.62193e-06    5.34374e-06    6.35388e-06    7.55998e-06    8.77080e-06    9.89635e-06    1.08798e-05    1.16879e-05    1.23012e-05    1.21746e-05    1.15539e-05    1.04553e-05    8.32876e-06    5.88233e-06    3.13308e-06    1.60593e-06    3.75685e-07    1.33266e-07    3.38875e-08    8.46040e-13
+195 ||    5.56964e-05    4.51605e-05    3.35663e-05    1.71667e-05    7.49655e-06    5.96698e-06    5.54576e-06    4.91105e-06    4.58280e-06    4.86481e-06    5.47389e-06    6.21725e-06    6.96687e-06    7.74687e-06    8.73938e-06    1.01164e-05    1.20384e-05    1.44236e-05    1.69291e-05    1.93032e-05    2.14100e-05    2.31700e-05    2.44347e-05    2.43743e-05    2.32890e-05    2.12089e-05    1.69541e-05    1.21539e-05    6.70310e-06    3.45179e-06    1.04459e-06    2.96150e-07    1.03869e-07    1.88768e-12    1.03325e-12
+210 ||    4.97932e-05    4.46030e-05    3.96341e-05    3.14759e-05    2.57794e-05    2.39164e-05    2.25080e-05    2.11226e-05    2.01522e-05    1.98006e-05    2.00044e-05    2.05277e-05    2.11831e-05    2.18694e-05    2.26392e-05    2.36347e-05    2.50614e-05    2.67913e-05    2.84320e-05    2.94634e-05    2.94873e-05    2.85445e-05    2.68536e-05    2.50222e-05    2.30847e-05    2.08136e-05    1.58825e-05    1.05968e-05    5.05114e-06    2.62702e-06    6.03598e-07    2.90444e-07    7.97950e-08    1.02178e-08    5.01323e-09
+225 ||    4.38900e-05    4.40757e-05    4.55459e-05    4.55854e-05    4.40703e-05    4.18325e-05    3.94043e-05    3.72720e-05    3.56297e-05    3.46645e-05    3.44709e-05    3.47993e-05    3.53734e-05    3.59450e-05    3.64574e-05    3.70333e-05    3.79376e-05    3.89819e-05    3.97324e-05    3.93286e-05    3.71289e-05    3.34630e-05    2.88657e-05    2.54843e-05    2.29153e-05    2.03496e-05    1.47343e-05    9.10128e-06    3.59473e-06    1.96828e-06    5.10507e-07    2.81052e-07    5.15951e-08    1.81373e-08    7.58957e-09
+240 ||    3.79713e-05    3.33751e-05    3.47264e-05    3.48247e-05    3.37292e-05    3.21323e-05    3.04926e-05    2.91629e-05    2.82205e-05    2.76518e-05    2.73881e-05    2.71865e-05    2.68859e-05    2.64377e-05    2.58805e-05    2.53792e-05    2.51592e-05    2.51662e-05    2.51367e-05    2.46453e-05    2.33612e-05    2.12618e-05    1.84002e-05    1.59625e-05    1.38860e-05    1.22298e-05    8.84748e-06    5.53141e-06    2.28233e-06    1.19287e-06    3.06530e-07    1.63411e-07    2.02917e-08    9.85747e-09    3.51859e-09
+255 ||    3.20525e-05    2.26838e-05    2.39458e-05    2.40124e-05    2.32307e-05    2.22496e-05    2.14082e-05    2.09209e-05    2.07263e-05    2.06043e-05    2.02859e-05    1.95626e-05    1.83791e-05    1.69066e-05    1.52817e-05    1.37258e-05    1.24324e-05    1.14342e-05    1.06090e-05    9.87545e-06    9.17378e-06    8.39621e-06    7.21420e-06    5.91745e-06    4.58414e-06    3.24903e-06    2.16096e-06    1.29844e-06    6.19596e-07    3.30013e-07    9.68988e-08    4.70574e-08    4.16900e-09    2.35221e-09    5.35420e-10
+270 ||    2.24309e-05    1.40092e-05    1.41637e-05    1.41853e-05    1.38602e-05    1.34381e-05    1.30791e-05    1.28842e-05    1.28281e-05    1.28018e-05    1.26451e-05    1.22476e-05    1.15863e-05    1.07979e-05    9.97396e-06    9.23234e-06    8.69339e-06    8.40839e-06    8.29453e-06    8.18363e-06    7.89916e-06    7.30876e-06    6.15917e-06    4.83387e-06    3.50676e-06    2.26191e-06    1.35962e-06    7.47038e-07    3.24270e-07    1.40278e-07    4.56566e-08    1.44948e-08    2.53022e-09    1.06414e-09    1.15360e-10
+285 ||    1.28092e-05    5.37386e-06    4.39252e-06    4.34249e-06    4.45761e-06    4.59306e-06    4.72450e-06    4.83675e-06    4.92790e-06    4.99190e-06    4.98537e-06    4.89158e-06    4.73766e-06    4.63046e-06    4.61005e-06    4.69435e-06    4.92934e-06    5.38210e-06    6.00055e-06    6.51429e-06    6.60964e-06    6.14185e-06    5.02721e-06    3.64720e-06    2.36181e-06    1.29511e-06    5.78865e-07    2.64305e-07    9.24003e-08    2.04996e-08    1.05761e-08    2.34032e-09    1.27972e-09    2.38822e-10    1.49123e-10
+300 ||    1.65647e-05    1.04872e-05    9.89907e-06    9.75748e-06    9.58527e-06    9.30332e-06    8.93139e-06    8.48869e-06    7.98762e-06    7.42961e-06    6.80839e-06    6.17274e-06    5.57845e-06    5.08760e-06    4.72759e-06    4.50273e-06    4.41708e-06    4.47327e-06    4.61422e-06    4.65973e-06    4.40993e-06    3.81988e-06    2.94276e-06    2.03591e-06    1.25968e-06    6.67947e-07    2.83584e-07    1.10109e-07    4.22282e-08    1.06868e-08    4.91885e-09    1.31222e-09    6.20651e-10    1.22437e-10    6.99772e-11
+315 ||    2.03202e-05    1.56018e-05    1.54082e-05    1.51810e-05    1.47304e-05    1.40337e-05    1.31597e-05    1.21619e-05    1.10672e-05    9.88537e-06    8.64522e-06    7.46337e-06    6.42350e-06    5.54321e-06    4.83793e-06    4.29770e-06    3.88177e-06    3.52365e-06    3.16588e-06    2.73980e-06    2.18407e-06    1.56760e-06    9.87074e-07    5.94252e-07    3.31086e-07    1.52679e-07    5.05638e-08    1.31399e-08    6.86394e-09    2.97086e-09    1.27103e-09    4.84186e-10    1.72212e-10    2.78953e-11    1.35525e-11
+330 ||    3.83453e-05    3.54087e-05    3.64857e-05    3.69697e-05    3.59669e-05    3.34420e-05    3.03572e-05    2.68643e-05    2.32129e-05    1.94658e-05    1.57025e-05    1.21448e-05    9.14919e-06    6.83040e-06    5.13345e-06    4.00265e-06    3.30036e-06    2.82392e-06    2.42294e-06    2.00423e-06    1.52983e-06    1.05199e-06    6.34180e-07    3.42654e-07    1.79838e-07    7.97792e-08    2.68811e-08    8.20855e-09    4.12439e-09    1.80255e-09    8.81636e-10    3.04171e-10    1.39269e-10    1.78557e-11    1.01295e-11
+345 ||    5.63704e-05    5.52738e-05    5.75785e-05    5.87706e-05    5.72168e-05    5.28612e-05    4.75643e-05    4.15706e-05    3.53566e-05    2.90408e-05    2.27484e-05    1.68132e-05    1.18643e-05    8.10856e-06    5.42050e-06    3.70296e-06    2.72460e-06    2.13216e-06    1.69179e-06    1.28898e-06    9.13179e-07    5.79121e-07    3.08079e-07    1.18095e-07    4.26164e-08    1.13209e-08    3.04689e-09    1.66139e-09    9.57014e-10    4.44768e-10    2.38097e-10    6.35952e-11    3.50314e-11    6.46778e-12    2.63042e-12
+360 ||    7.44207e-05    7.72778e-05    7.95183e-05    7.80901e-05    6.96218e-05    5.54452e-05    4.03482e-05    2.90523e-05    2.17410e-05    1.64239e-05    1.23639e-05    9.04249e-06    6.47108e-06    4.57070e-06    3.19980e-06    2.27971e-06    1.70694e-06    1.33570e-06    1.05914e-06    8.28994e-07    6.17680e-07    4.13955e-07    2.33908e-07    1.19632e-07    4.63625e-08    9.68863e-09    4.13098e-09    1.38882e-09    7.17431e-10    4.47336e-10    2.15361e-10    1.16888e-10    3.21612e-11    1.84916e-11    4.82199e-12
