##########################################################################################
### MCD_v6.1 with Martian Year 30 scenario.
### Latitude 83.8N. Longitude 235.0E. Altitude 0.0 m ALS.
### --------------------------------------------------------------------------------------
### Column 1 is Areocentric longitude (degrees)
### Columns 2+ are Daily mean dust column visible optical depth above surface
### Line 1 is Local time (Martian hour)
### --------------------------------------------------------------------------------------
### Retrieved on: 2024-06-08T03:51:25.227478
### Mars Climate Database (c) LMD/OU/IAA/ESA/CNES
##########################################################################################
---- ||    0.00000e+00    1.00000e+00    2.00000e+00    3.00000e+00    4.00000e+00    5.00000e+00    6.00000e+00    7.00000e+00    8.00000e+00    9.00000e+00    1.00000e+01    1.10000e+01    1.20000e+01    1.30000e+01    1.40000e+01    1.50000e+01    1.60000e+01    1.70000e+01    1.80000e+01    1.90000e+01    2.00000e+01    2.10000e+01    2.20000e+01    2.30000e+01    2.40000e+01
-----------------------------------
+000 ||    1.29010e-01    1.28829e-01    1.28694e-01    1.28650e-01    1.28620e-01    1.28615e-01    1.28631e-01    1.28687e-01    1.28765e-01    1.28889e-01    1.29027e-01    1.29193e-01    1.29329e-01    1.29408e-01    1.29503e-01    1.29630e-01    1.29699e-01    1.29653e-01    1.29615e-01    1.29593e-01    1.29547e-01    1.29454e-01    1.29338e-01    1.29177e-01    1.29010e-01
+015 ||    1.38050e-01    1.37856e-01    1.37692e-01    1.37588e-01    1.37519e-01    1.37521e-01    1.37537e-01    1.37583e-01    1.37677e-01    1.37864e-01    1.38045e-01    1.38214e-01    1.38367e-01    1.38489e-01    1.38603e-01    1.38701e-01    1.38740e-01    1.38663e-01    1.38612e-01    1.38615e-01    1.38594e-01    1.38527e-01    1.38420e-01    1.38237e-01    1.38050e-01
+030 ||    4.09614e-01    4.09247e-01    4.08929e-01    4.08706e-01    4.08556e-01    4.08550e-01    4.08558e-01    4.08592e-01    4.08739e-01    4.09112e-01    4.09455e-01    4.09736e-01    4.10004e-01    4.10244e-01    4.10486e-01    4.10731e-01    4.10881e-01    4.10840e-01    4.10823e-01    4.10857e-01    4.10826e-01    4.10665e-01    4.10420e-01    4.10010e-01    4.09614e-01
+045 ||    2.05649e-01    2.05563e-01    2.05482e-01    2.05411e-01    2.05360e-01    2.05353e-01    2.05337e-01    2.05306e-01    2.05319e-01    2.05421e-01    2.05502e-01    2.05541e-01    2.05589e-01    2.05652e-01    2.05729e-01    2.05831e-01    2.05922e-01    2.05989e-01    2.06043e-01    2.06072e-01    2.06071e-01    2.06008e-01    2.05918e-01    2.05774e-01    2.05649e-01
+060 ||    2.09281e-01    2.09147e-01    2.09032e-01    2.08956e-01    2.08913e-01    2.08935e-01    2.08945e-01    2.08933e-01    2.08945e-01    2.09003e-01    2.09064e-01    2.09128e-01    2.09192e-01    2.09258e-01    2.09322e-01    2.09381e-01    2.09490e-01    2.09696e-01    2.09842e-01    2.09869e-01    2.09849e-01    2.09736e-01    2.09605e-01    2.09437e-01    2.09281e-01
+075 ||    3.63109e-01    3.62787e-01    3.62524e-01    3.62379e-01    3.62312e-01    3.62401e-01    3.62465e-01    3.62483e-01    3.62504e-01    3.62531e-01    3.62602e-01    3.62762e-01    3.62909e-01    3.63030e-01    3.63120e-01    3.63147e-01    3.63365e-01    3.63968e-01    3.64385e-01    3.64428e-01    3.64361e-01    3.64075e-01    3.63774e-01    3.63439e-01    3.63109e-01
+090 ||    5.01622e-01    5.01286e-01    5.01022e-01    5.00906e-01    5.00846e-01    5.00900e-01    5.01004e-01    5.01207e-01    5.01412e-01    5.01624e-01    5.01856e-01    5.02131e-01    5.02333e-01    5.02389e-01    5.02394e-01    5.02297e-01    5.02425e-01    5.03005e-01    5.03397e-01    5.03408e-01    5.03295e-01    5.02930e-01    5.02528e-01    5.02052e-01    5.01622e-01
+105 ||    4.71449e-01    4.71250e-01    4.71109e-01    4.71087e-01    4.71066e-01    4.71046e-01    4.71155e-01    4.71522e-01    4.71889e-01    4.72258e-01    4.72605e-01    4.72910e-01    4.73091e-01    4.73023e-01    4.72900e-01    4.72668e-01    4.72612e-01    4.72907e-01    4.73092e-01    4.73056e-01    4.72930e-01    4.72625e-01    4.72270e-01    4.71818e-01    4.71449e-01
+120 ||    4.98268e-01    4.98107e-01    4.97993e-01    4.97976e-01    4.97973e-01    4.97999e-01    4.98106e-01    4.98371e-01    4.98688e-01    4.99109e-01    4.99484e-01    4.99771e-01    4.99937e-01    4.99863e-01    4.99783e-01    4.99691e-01    4.99686e-01    4.99853e-01    4.99927e-01    4.99811e-01    4.99610e-01    4.99240e-01    4.98881e-01    4.98545e-01    4.98268e-01
+135 ||    2.28752e-01    2.28703e-01    2.28668e-01    2.28663e-01    2.28671e-01    2.28707e-01    2.28751e-01    2.28813e-01    2.28923e-01    2.29131e-01    2.29308e-01    2.29422e-01    2.29486e-01    2.29451e-01    2.29439e-01    2.29472e-01    2.29496e-01    2.29502e-01    2.29476e-01    2.29384e-01    2.29259e-01    2.29065e-01    2.28908e-01    2.28825e-01    2.28752e-01
+150 ||    3.31856e-01    3.31593e-01    3.31421e-01    3.31433e-01    3.31477e-01    3.31585e-01    3.31697e-01    3.31814e-01    3.31966e-01    3.32186e-01    3.32372e-01    3.32487e-01    3.32531e-01    3.32430e-01    3.32387e-01    3.32458e-01    3.32525e-01    3.32587e-01    3.32622e-01    3.32604e-01    3.32543e-01    3.32396e-01    3.32238e-01    3.32062e-01    3.31856e-01
+165 ||    1.76205e-01    1.75960e-01    1.75803e-01    1.75820e-01    1.75862e-01    1.75951e-01    1.76037e-01    1.76114e-01    1.76189e-01    1.76261e-01    1.76319e-01    1.76351e-01    1.76345e-01    1.76262e-01    1.76223e-01    1.76271e-01    1.76324e-01    1.76384e-01    1.76443e-01    1.76499e-01    1.76535e-01    1.76533e-01    1.76490e-01    1.76368e-01    1.76205e-01
+180 ||    1.11307e-01    1.11123e-01    1.11004e-01    1.11019e-01    1.11042e-01    1.11085e-01    1.11139e-01    1.11213e-01    1.11292e-01    1.11381e-01    1.11478e-01    1.11592e-01    1.11666e-01    1.11662e-01    1.11687e-01    1.11774e-01    1.11808e-01    1.11738e-01    1.11694e-01    1.11700e-01    1.11689e-01    1.11642e-01    1.11570e-01    1.11449e-01    1.11307e-01
+195 ||    1.14209e-01    1.13989e-01    1.13848e-01    1.13864e-01    1.13885e-01    1.13915e-01    1.13970e-01    1.14072e-01    1.14186e-01    1.14322e-01    1.14482e-01    1.14693e-01    1.14848e-01    1.14895e-01    1.14974e-01    1.15120e-01    1.15158e-01    1.14981e-01    1.14855e-01    1.14832e-01    1.14785e-01    1.14689e-01    1.14567e-01    1.14396e-01    1.14209e-01
+210 ||    1.61842e-01    1.61604e-01    1.61465e-01    1.61521e-01    1.61579e-01    1.61638e-01    1.61712e-01    1.61816e-01    1.61933e-01    1.62075e-01    1.62268e-01    1.62560e-01    1.62785e-01    1.62875e-01    1.62986e-01    1.63139e-01    1.63134e-01    1.62812e-01    1.62569e-01    1.62483e-01    1.62388e-01    1.62272e-01    1.62150e-01    1.62012e-01    1.61842e-01
+225 ||    7.36746e-02    7.35976e-02    7.35596e-02    7.35992e-02    7.36370e-02    7.36710e-02    7.37035e-02    7.37332e-02    7.37677e-02    7.38116e-02    7.38845e-02    7.40153e-02    7.41196e-02    7.41711e-02    7.42211e-02    7.42686e-02    7.42413e-02    7.40647e-02    7.39265e-02    7.38653e-02    7.38099e-02    7.37660e-02    7.37307e-02    7.37124e-02    7.36746e-02
+240 ||    2.66801e-01    2.66619e-01    2.66540e-01    2.66669e-01    2.66784e-01    2.66871e-01    2.66945e-01    2.66991e-01    2.67047e-01    2.67122e-01    2.67271e-01    2.67570e-01    2.67815e-01    2.67951e-01    2.68095e-01    2.68256e-01    2.68238e-01    2.67859e-01    2.67541e-01    2.67342e-01    2.67168e-01    2.67044e-01    2.66944e-01    2.66895e-01    2.66801e-01
+255 ||    1.36354e-01    1.36304e-01    1.36291e-01    1.36350e-01    1.36399e-01    1.36428e-01    1.36445e-01    1.36441e-01    1.36438e-01    1.36438e-01    1.36462e-01    1.36535e-01    1.36599e-01    1.36646e-01    1.36702e-01    1.36780e-01    1.36807e-01    1.36733e-01    1.36653e-01    1.36562e-01    1.36486e-01    1.36438e-01    1.36400e-01    1.36382e-01    1.36354e-01
+270 ||    9.73580e-02    9.73203e-02    9.73120e-02    9.73622e-02    9.74003e-02    9.74140e-02    9.74260e-02    9.74343e-02    9.74401e-02    9.74408e-02    9.74616e-02    9.75229e-02    9.75730e-02    9.76008e-02    9.76301e-02    9.76624e-02    9.76752e-02    9.76494e-02    9.76129e-02    9.75552e-02    9.75009e-02    9.74535e-02    9.74133e-02    9.73876e-02    9.73580e-02
+285 ||    1.53545e-01    1.53482e-01    1.53470e-01    1.53563e-01    1.53628e-01    1.53639e-01    1.53657e-01    1.53689e-01    1.53711e-01    1.53713e-01    1.53752e-01    1.53863e-01    1.53949e-01    1.53984e-01    1.54012e-01    1.54025e-01    1.54035e-01    1.54038e-01    1.54014e-01    1.53935e-01    1.53850e-01    1.53754e-01    1.53669e-01    1.53607e-01    1.53545e-01
+300 ||    8.24054e-02    8.23569e-02    8.23382e-02    8.23790e-02    8.24068e-02    8.24085e-02    8.24139e-02    8.24268e-02    8.24393e-02    8.24511e-02    8.24853e-02    8.25642e-02    8.26215e-02    8.26359e-02    8.26518e-02    8.26708e-02    8.26776e-02    8.26600e-02    8.26351e-02    8.25952e-02    8.25534e-02    8.25075e-02    8.24676e-02    8.24400e-02    8.24054e-02
+315 ||    1.66401e-01    1.66270e-01    1.66205e-01    1.66268e-01    1.66309e-01    1.66303e-01    1.66304e-01    1.66321e-01    1.66348e-01    1.66395e-01    1.66494e-01    1.66695e-01    1.66835e-01    1.66854e-01    1.66889e-01    1.66953e-01    1.66970e-01    1.66892e-01    1.66816e-01    1.66741e-01    1.66665e-01    1.66585e-01    1.66516e-01    1.66473e-01    1.66401e-01
+330 ||    1.75156e-01    1.74960e-01    1.74845e-01    1.74889e-01    1.74918e-01    1.74914e-01    1.74935e-01    1.75004e-01    1.75083e-01    1.75182e-01    1.75316e-01    1.75522e-01    1.75669e-01    1.75697e-01    1.75758e-01    1.75887e-01    1.75943e-01    1.75854e-01    1.75772e-01    1.75705e-01    1.75622e-01    1.75508e-01    1.75398e-01    1.75292e-01    1.75156e-01
+345 ||    1.03122e-01    1.02973e-01    1.02878e-01    1.02891e-01    1.02900e-01    1.02899e-01    1.02923e-01    1.02994e-01    1.03070e-01    1.03156e-01    1.03253e-01    1.03371e-01    1.03457e-01    1.03478e-01    1.03528e-01    1.03640e-01    1.03695e-01    1.03638e-01    1.03589e-01    1.03556e-01    1.03506e-01    1.03423e-01    1.03334e-01    1.03237e-01    1.03122e-01
+360 ||    1.30133e-01    1.29953e-01    1.29822e-01    1.29789e-01    1.29767e-01    1.29767e-01    1.29788e-01    1.29854e-01    1.29943e-01    1.30079e-01    1.30220e-01    1.30368e-01    1.30490e-01    1.30560e-01    1.30648e-01    1.30771e-01    1.30826e-01    1.30742e-01    1.30681e-01    1.30667e-01    1.30628e-01    1.30542e-01    1.30436e-01    1.30290e-01    1.30133e-01
##########################################################################################
### MCD_v6.1 with Martian Year 30 scenario.
### Latitude 83.8N. Longitude 235.0E. Altitude 0.0 m ALS.
### --------------------------------------------------------------------------------------
### Column 1 is Areocentric longitude (degrees)
### Columns 2+ are Water ice column (kg/m2)
### Line 1 is Local time (Martian hour)
### --------------------------------------------------------------------------------------
### Retrieved on: 2024-06-08T03:51:25.228340
### Mars Climate Database (c) LMD/OU/IAA/ESA/CNES
##########################################################################################
---- ||    0.00000e+00    1.00000e+00    2.00000e+00    3.00000e+00    4.00000e+00    5.00000e+00    6.00000e+00    7.00000e+00    8.00000e+00    9.00000e+00    1.00000e+01    1.10000e+01    1.20000e+01    1.30000e+01    1.40000e+01    1.50000e+01    1.60000e+01    1.70000e+01    1.80000e+01    1.90000e+01    2.00000e+01    2.10000e+01    2.20000e+01    2.30000e+01    2.40000e+01
-----------------------------------
+000 ||    3.27520e-03    3.25999e-03    3.24387e-03    3.22593e-03    3.21130e-03    3.20330e-03    3.20380e-03    3.22131e-03    3.24389e-03    3.27664e-03    3.31078e-03    3.34774e-03    3.37602e-03    3.38697e-03    3.38989e-03    3.37675e-03    3.36070e-03    3.33882e-03    3.32006e-03    3.30755e-03    3.29864e-03    3.29695e-03    3.29323e-03    3.28546e-03    3.27520e-03
+015 ||    3.91499e-03    3.90970e-03    3.90083e-03    3.88477e-03    3.87136e-03    3.86320e-03    3.86582e-03    3.88999e-03    3.91697e-03    3.94961e-03    3.98199e-03    4.01385e-03    4.03514e-03    4.03525e-03    4.02959e-03    4.01239e-03    3.98995e-03    3.95699e-03    3.92884e-03    3.91029e-03    3.89887e-03    3.90171e-03    3.90580e-03    3.91237e-03    3.91499e-03
+030 ||    6.49001e-03    6.52907e-03    6.56328e-03    6.58778e-03    6.60898e-03    6.62354e-03    6.64015e-03    6.66086e-03    6.67727e-03    6.68504e-03    6.68772e-03    6.68021e-03    6.66922e-03    6.65126e-03    6.62846e-03    6.59598e-03    6.54993e-03    6.47670e-03    6.41842e-03    6.39005e-03    6.37480e-03    6.38579e-03    6.40709e-03    6.44903e-03    6.49001e-03
+045 ||    9.07178e-03    9.15608e-03    9.23422e-03    9.29997e-03    9.35633e-03    9.39388e-03    9.42455e-03    9.44148e-03    9.44686e-03    9.42915e-03    9.40143e-03    9.35373e-03    9.30966e-03    9.27285e-03    9.23215e-03    9.18363e-03    9.11334e-03    8.99945e-03    8.91084e-03    8.87282e-03    8.85409e-03    8.87395e-03    8.91327e-03    8.99151e-03    9.07178e-03
+060 ||    1.79633e-02    1.83388e-02    1.87151e-02    1.90927e-02    1.94075e-02    1.95965e-02    1.96700e-02    1.95125e-02    1.92471e-02    1.87657e-02    1.82874e-02    1.78151e-02    1.74318e-02    1.72263e-02    1.70757e-02    1.70346e-02    1.69763e-02    1.68836e-02    1.68525e-02    1.69444e-02    1.70668e-02    1.72503e-02    1.74502e-02    1.76829e-02    1.79633e-02
+075 ||    2.61518e-02    2.68035e-02    2.74661e-02    2.81500e-02    2.87177e-02    2.90527e-02    2.91672e-02    2.88406e-02    2.83134e-02    2.73850e-02    2.64730e-02    2.55933e-02    2.48846e-02    2.45174e-02    2.42609e-02    2.42250e-02    2.41788e-02    2.41121e-02    2.41408e-02    2.43601e-02    2.46189e-02    2.49567e-02    2.53074e-02    2.56836e-02    2.61518e-02
+090 ||    1.51368e-02    1.55502e-02    1.60112e-02    1.65673e-02    1.70808e-02    1.75089e-02    1.77478e-02    1.76082e-02    1.73150e-02    1.67145e-02    1.61296e-02    1.55760e-02    1.50590e-02    1.46150e-02    1.42482e-02    1.40356e-02    1.38822e-02    1.38472e-02    1.38627e-02    1.39791e-02    1.41325e-02    1.43602e-02    1.45932e-02    1.48367e-02    1.51368e-02
+105 ||    4.10767e-03    4.28011e-03    4.53510e-03    4.95522e-03    5.40622e-03    5.91871e-03    6.27550e-03    6.32077e-03    6.25869e-03    5.98186e-03    5.72236e-03    5.49781e-03    5.17685e-03    4.66301e-03    4.19166e-03    3.80503e-03    3.54824e-03    3.55126e-03    3.55931e-03    3.57739e-03    3.62931e-03    3.74896e-03    3.86560e-03    3.97634e-03    4.10767e-03
+120 ||    2.07453e-03    2.18024e-03    2.32937e-03    2.56534e-03    2.80572e-03    3.05480e-03    3.22413e-03    3.23390e-03    3.19010e-03    3.03916e-03    2.89774e-03    2.77548e-03    2.60568e-03    2.34076e-03    2.09947e-03    1.90533e-03    1.77725e-03    1.78132e-03    1.78716e-03    1.79648e-03    1.82223e-03    1.88085e-03    1.93982e-03    1.99950e-03    2.07453e-03
+135 ||    9.37277e-05    1.37541e-04    1.86940e-04    2.47514e-04    2.85962e-04    2.80147e-04    2.67873e-04    2.42676e-04    2.17602e-04    1.92778e-04    1.67738e-04    1.42269e-04    1.16836e-04    9.14802e-05    7.26801e-05    6.69765e-05    6.36979e-05    6.52672e-05    6.53970e-05    6.26483e-05    6.01013e-05    5.79588e-05    6.02961e-05    7.15926e-05    9.37277e-05
+150 ||    8.15014e-03    8.21205e-03    8.26686e-03    8.30744e-03    8.34116e-03    8.36118e-03    8.37833e-03    8.38975e-03    8.40946e-03    8.44576e-03    8.47444e-03    8.48788e-03    8.48378e-03    8.44460e-03    8.40049e-03    8.34657e-03    8.25434e-03    8.08551e-03    7.97374e-03    7.97604e-03    7.98292e-03    7.99895e-03    8.02962e-03    8.08955e-03    8.15014e-03
+165 ||    1.66822e-02    1.67595e-02    1.68174e-02    1.68363e-02    1.68652e-02    1.69141e-02    1.69629e-02    1.70114e-02    1.70764e-02    1.71745e-02    1.72569e-02    1.73083e-02    1.73258e-02    1.72755e-02    1.72077e-02    1.71051e-02    1.69208e-02    1.65731e-02    1.63449e-02    1.63554e-02    1.63747e-02    1.64116e-02    1.64729e-02    1.65830e-02    1.66822e-02
+180 ||    9.67387e-03    9.68928e-03    9.69940e-03    9.69893e-03    9.70369e-03    9.71895e-03    9.73504e-03    9.75278e-03    9.78341e-03    9.83978e-03    9.89760e-03    9.95833e-03    1.00013e-02    1.00086e-02    9.99862e-03    9.95414e-03    9.87516e-03    9.72720e-03    9.62111e-03    9.59872e-03    9.58560e-03    9.59106e-03    9.60704e-03    9.64406e-03    9.67387e-03
+195 ||    2.85182e-03    2.80311e-03    2.76359e-03    2.74244e-03    2.72223e-03    2.70392e-03    2.68716e-03    2.67348e-03    2.66980e-03    2.68612e-03    2.72143e-03    2.79471e-03    2.86587e-03    2.93280e-03    2.98193e-03    2.99547e-03    3.02162e-03    3.07298e-03    3.08832e-03    3.03161e-03    2.98515e-03    2.95918e-03    2.92956e-03    2.89266e-03    2.85182e-03
+210 ||    2.13135e-03    2.10506e-03    2.08268e-03    2.06813e-03    2.05588e-03    2.04822e-03    2.04189e-03    2.03822e-03    2.03896e-03    2.04853e-03    2.06571e-03    2.09812e-03    2.12867e-03    2.15550e-03    2.17648e-03    2.18573e-03    2.19744e-03    2.21408e-03    2.21725e-03    2.19349e-03    2.17594e-03    2.17083e-03    2.16287e-03    2.14922e-03    2.13135e-03
+225 ||    1.39413e-03    1.39086e-03    1.38621e-03    1.37881e-03    1.37497e-03    1.37820e-03    1.38250e-03    1.38890e-03    1.39388e-03    1.39600e-03    1.39425e-03    1.38473e-03    1.37374e-03    1.35980e-03    1.35215e-03    1.35712e-03    1.35422e-03    1.33559e-03    1.32640e-03    1.33607e-03    1.34794e-03    1.36419e-03    1.37839e-03    1.38849e-03    1.39413e-03
+240 ||    1.34820e-03    1.34902e-03    1.34806e-03    1.34355e-03    1.34000e-03    1.33836e-03    1.33671e-03    1.33504e-03    1.33283e-03    1.32950e-03    1.32455e-03    1.31632e-03    1.30740e-03    1.29709e-03    1.28984e-03    1.28872e-03    1.28738e-03    1.28560e-03    1.28641e-03    1.29240e-03    1.30121e-03    1.31565e-03    1.32905e-03    1.34038e-03    1.34820e-03
+255 ||    1.25357e-03    1.25820e-03    1.26064e-03    1.25871e-03    1.25516e-03    1.24838e-03    1.24074e-03    1.23137e-03    1.22250e-03    1.21459e-03    1.20732e-03    1.20131e-03    1.19536e-03    1.18952e-03    1.18317e-03    1.17580e-03    1.17603e-03    1.19148e-03    1.20245e-03    1.20447e-03    1.20961e-03    1.22098e-03    1.23247e-03    1.24421e-03    1.25357e-03
+270 ||    7.92469e-04    7.95397e-04    7.97563e-04    7.98205e-04    7.98319e-04    7.97380e-04    7.96185e-04    7.94479e-04    7.92703e-04    7.90785e-04    7.89133e-04    7.88011e-04    7.86778e-04    7.85321e-04    7.83305e-04    7.80172e-04    7.76600e-04    7.72152e-04    7.69167e-04    7.69111e-04    7.70905e-04    7.76401e-04    7.81969e-04    7.87684e-04    7.92469e-04
+285 ||    3.14118e-04    3.15232e-04    3.17027e-04    3.20185e-04    3.23945e-04    3.28913e-04    3.34243e-04    3.40299e-04    3.45714e-04    3.49844e-04    3.53859e-04    3.57646e-04    3.61141e-04    3.64053e-04    3.66389e-04    3.67573e-04    3.60275e-04    3.36010e-04    3.19135e-04    3.17043e-04    3.15484e-04    3.14992e-04    3.14512e-04    3.14052e-04    3.14118e-04
+300 ||    6.90309e-04    6.86849e-04    6.85331e-04    6.87697e-04    6.90822e-04    6.95461e-04    7.00071e-04    7.04622e-04    7.08488e-04    7.10982e-04    7.13699e-04    7.16863e-04    7.19750e-04    7.22081e-04    7.25510e-04    7.31139e-04    7.27242e-04    7.04294e-04    6.90746e-04    6.95993e-04    6.99992e-04    7.01495e-04    7.00659e-04    6.95141e-04    6.90309e-04
+315 ||    1.06521e-03    1.05728e-03    1.05254e-03    1.05422e-03    1.05679e-03    1.06114e-03    1.06508e-03    1.06819e-03    1.07056e-03    1.07147e-03    1.07292e-03    1.07545e-03    1.07771e-03    1.07943e-03    1.08390e-03    1.09388e-03    1.09328e-03    1.07148e-03    1.06114e-03    1.07370e-03    1.08322e-03    1.08667e-03    1.08545e-03    1.07489e-03    1.06521e-03
+330 ||    2.31387e-03    2.30338e-03    2.29580e-03    2.29401e-03    2.29341e-03    2.29515e-03    2.29766e-03    2.30170e-03    2.30286e-03    2.29827e-03    2.29101e-03    2.27842e-03    2.26547e-03    2.25181e-03    2.24367e-03    2.24657e-03    2.25370e-03    2.26929e-03    2.28555e-03    2.30314e-03    2.31834e-03    2.32875e-03    2.33263e-03    2.32347e-03    2.31387e-03
+345 ||    3.58650e-03    3.57327e-03    3.56271e-03    3.55750e-03    3.55373e-03    3.55289e-03    3.55397e-03    3.55892e-03    3.55885e-03    3.54872e-03    3.53275e-03    3.50508e-03    3.47699e-03    3.44803e-03    3.42741e-03    3.42344e-03    3.43842e-03    3.49129e-03    3.53412e-03    3.55687e-03    3.57784e-03    3.59528e-03    3.60424e-03    3.59624e-03    3.58650e-03
+360 ||    3.65462e-03    3.64372e-03    3.63228e-03    3.61971e-03    3.60782e-03    3.59728e-03    3.58978e-03    3.58838e-03    3.58778e-03    3.58880e-03    3.58656e-03    3.57779e-03    3.56716e-03    3.55284e-03    3.54326e-03    3.54320e-03    3.54866e-03    3.56517e-03    3.58376e-03    3.60650e-03    3.62889e-03    3.65054e-03    3.66385e-03    3.66049e-03    3.65462e-03
##########################################################################################
### MCD_v6.1 with Martian Year 30 scenario.
### Latitude 83.8N. Longitude 235.0E. Altitude 0.0 m ALS.
### --------------------------------------------------------------------------------------
### Column 1 is Areocentric longitude (degrees)
### Columns 2+ are Surface pressure (Pa)
### Line 1 is Local time (Martian hour)
### --------------------------------------------------------------------------------------
### Retrieved on: 2024-06-08T03:51:25.229208
### Mars Climate Database (c) LMD/OU/IAA/ESA/CNES
##########################################################################################
---- ||    0.00000e+00    1.00000e+00    2.00000e+00    3.00000e+00    4.00000e+00    5.00000e+00    6.00000e+00    7.00000e+00    8.00000e+00    9.00000e+00    1.00000e+01    1.10000e+01    1.20000e+01    1.30000e+01    1.40000e+01    1.50000e+01    1.60000e+01    1.70000e+01    1.80000e+01    1.90000e+01    2.00000e+01    2.10000e+01    2.20000e+01    2.30000e+01    2.40000e+01
-----------------------------------
+000 ||    8.17699e+02    8.16554e+02    8.15699e+02    8.15420e+02    8.15226e+02    8.15199e+02    8.15298e+02    8.15650e+02    8.16148e+02    8.16936e+02    8.17810e+02    8.18857e+02    8.19723e+02    8.20224e+02    8.20826e+02    8.21628e+02    8.22065e+02    8.21775e+02    8.21535e+02    8.21395e+02    8.21105e+02    8.20513e+02    8.19778e+02    8.18759e+02    8.17699e+02
+015 ||    8.39636e+02    8.38456e+02    8.37459e+02    8.36826e+02    8.36407e+02    8.36417e+02    8.36517e+02    8.36799e+02    8.37367e+02    8.38507e+02    8.39609e+02    8.40634e+02    8.41565e+02    8.42308e+02    8.43001e+02    8.43594e+02    8.43833e+02    8.43365e+02    8.43057e+02    8.43072e+02    8.42946e+02    8.42536e+02    8.41890e+02    8.40773e+02    8.39636e+02
+030 ||    8.74384e+02    8.73602e+02    8.72922e+02    8.72447e+02    8.72126e+02    8.72114e+02    8.72130e+02    8.72202e+02    8.72516e+02    8.73313e+02    8.74045e+02    8.74646e+02    8.75217e+02    8.75730e+02    8.76246e+02    8.76769e+02    8.77089e+02    8.77001e+02    8.76966e+02    8.77038e+02    8.76971e+02    8.76627e+02    8.76106e+02    8.75229e+02    8.74384e+02
+045 ||    9.07462e+02    9.07081e+02    9.06723e+02    9.06407e+02    9.06186e+02    9.06152e+02    9.06083e+02    9.05944e+02    9.06003e+02    9.06452e+02    9.06810e+02    9.06984e+02    9.07194e+02    9.07473e+02    9.07811e+02    9.08265e+02    9.08665e+02    9.08959e+02    9.09198e+02    9.09327e+02    9.09320e+02    9.09042e+02    9.08645e+02    9.08011e+02    9.07462e+02
+060 ||    9.02381e+02    9.01803e+02    9.01308e+02    9.00979e+02    9.00792e+02    9.00887e+02    9.00932e+02    9.00880e+02    9.00930e+02    9.01182e+02    9.01443e+02    9.01719e+02    9.01998e+02    9.02281e+02    9.02556e+02    9.02812e+02    9.03279e+02    9.04169e+02    9.04800e+02    9.04914e+02    9.04828e+02    9.04341e+02    9.03776e+02    9.03055e+02    9.02381e+02
+075 ||    8.79329e+02    8.78548e+02    8.77912e+02    8.77562e+02    8.77400e+02    8.77613e+02    8.77770e+02    8.77813e+02    8.77863e+02    8.77929e+02    8.78102e+02    8.78488e+02    8.78844e+02    8.79138e+02    8.79356e+02    8.79420e+02    8.79950e+02    8.81410e+02    8.82418e+02    8.82523e+02    8.82361e+02    8.81669e+02    8.80938e+02    8.80128e+02    8.79329e+02
+090 ||    8.43897e+02    8.43331e+02    8.42888e+02    8.42691e+02    8.42591e+02    8.42682e+02    8.42857e+02    8.43198e+02    8.43543e+02    8.43899e+02    8.44291e+02    8.44753e+02    8.45092e+02    8.45188e+02    8.45196e+02    8.45031e+02    8.45247e+02    8.46224e+02    8.46882e+02    8.46902e+02    8.46711e+02    8.46097e+02    8.45421e+02    8.44620e+02    8.43897e+02
+105 ||    8.00976e+02    8.00636e+02    8.00398e+02    8.00360e+02    8.00324e+02    8.00291e+02    8.00477e+02    8.01100e+02    8.01723e+02    8.02350e+02    8.02940e+02    8.03458e+02    8.03765e+02    8.03650e+02    8.03441e+02    8.03047e+02    8.02951e+02    8.03452e+02    8.03766e+02    8.03705e+02    8.03492e+02    8.02973e+02    8.02371e+02    8.01602e+02    8.00976e+02
+120 ||    7.66647e+02    7.66399e+02    7.66225e+02    7.66197e+02    7.66193e+02    7.66234e+02    7.66397e+02    7.66806e+02    7.67294e+02    7.67940e+02    7.68518e+02    7.68959e+02    7.69215e+02    7.69101e+02    7.68978e+02    7.68837e+02    7.68828e+02    7.69086e+02    7.69199e+02    7.69021e+02    7.68712e+02    7.68142e+02    7.67590e+02    7.67074e+02    7.66647e+02
+135 ||    7.44611e+02    7.44450e+02    7.44337e+02    7.44319e+02    7.44346e+02    7.44462e+02    7.44606e+02    7.44807e+02    7.45167e+02    7.45845e+02    7.46420e+02    7.46790e+02    7.46999e+02    7.46885e+02    7.46845e+02    7.46953e+02    7.47032e+02    7.47052e+02    7.46966e+02    7.46668e+02    7.46259e+02    7.45629e+02    7.45119e+02    7.44846e+02    7.44611e+02
+150 ||    7.24215e+02    7.23639e+02    7.23265e+02    7.23290e+02    7.23386e+02    7.23624e+02    7.23867e+02    7.24122e+02    7.24453e+02    7.24935e+02    7.25340e+02    7.25592e+02    7.25686e+02    7.25467e+02    7.25372e+02    7.25527e+02    7.25675e+02    7.25809e+02    7.25885e+02    7.25847e+02    7.25714e+02    7.25392e+02    7.25049e+02    7.24663e+02    7.24215e+02
+165 ||    7.19827e+02    7.18826e+02    7.18182e+02    7.18253e+02    7.18422e+02    7.18789e+02    7.19138e+02    7.19454e+02    7.19762e+02    7.20054e+02    7.20292e+02    7.20422e+02    7.20396e+02    7.20057e+02    7.19897e+02    7.20097e+02    7.20312e+02    7.20557e+02    7.20796e+02    7.21025e+02    7.21175e+02    7.21165e+02    7.20992e+02    7.20493e+02    7.19827e+02
+180 ||    7.27314e+02    7.26110e+02    7.25339e+02    7.25431e+02    7.25586e+02    7.25867e+02    7.26216e+02    7.26703e+02    7.27220e+02    7.27801e+02    7.28435e+02    7.29176e+02    7.29661e+02    7.29633e+02    7.29802e+02    7.30365e+02    7.30588e+02    7.30132e+02    7.29843e+02    7.29887e+02    7.29813e+02    7.29505e+02    7.29036e+02    7.28243e+02    7.27314e+02
+195 ||    7.48746e+02    7.47303e+02    7.46377e+02    7.46484e+02    7.46621e+02    7.46820e+02    7.47177e+02    7.47849e+02    7.48594e+02    7.49483e+02    7.50536e+02    7.51916e+02    7.52937e+02    7.53240e+02    7.53760e+02    7.54715e+02    7.54964e+02    7.53804e+02    7.52980e+02    7.52830e+02    7.52520e+02    7.51889e+02    7.51095e+02    7.49974e+02    7.48746e+02
+210 ||    7.80886e+02    7.79740e+02    7.79067e+02    7.79339e+02    7.79616e+02    7.79903e+02    7.80262e+02    7.80763e+02    7.81326e+02    7.82013e+02    7.82941e+02    7.84352e+02    7.85438e+02    7.85871e+02    7.86407e+02    7.87147e+02    7.87122e+02    7.85567e+02    7.84393e+02    7.83982e+02    7.83521e+02    7.82964e+02    7.82372e+02    7.81709e+02    7.80886e+02
+225 ||    8.12730e+02    8.11882e+02    8.11462e+02    8.11900e+02    8.12316e+02    8.12690e+02    8.13049e+02    8.13377e+02    8.13758e+02    8.14242e+02    8.15046e+02    8.16489e+02    8.17640e+02    8.18207e+02    8.18760e+02    8.19283e+02    8.18983e+02    8.17034e+02    8.15510e+02    8.14834e+02    8.14223e+02    8.13739e+02    8.13350e+02    8.13148e+02    8.12730e+02
+240 ||    8.72410e+02    8.71814e+02    8.71557e+02    8.71978e+02    8.72354e+02    8.72639e+02    8.72880e+02    8.73031e+02    8.73214e+02    8.73458e+02    8.73947e+02    8.74925e+02    8.75724e+02    8.76169e+02    8.76641e+02    8.77169e+02    8.77108e+02    8.75870e+02    8.74828e+02    8.74179e+02    8.73610e+02    8.73203e+02    8.72877e+02    8.72716e+02    8.72410e+02
+255 ||    9.13437e+02    9.13105e+02    9.13016e+02    9.13412e+02    9.13740e+02    9.13929e+02    9.14045e+02    9.14016e+02    9.13997e+02    9.13997e+02    9.14159e+02    9.14648e+02    9.15078e+02    9.15389e+02    9.15770e+02    9.16292e+02    9.16474e+02    9.15976e+02    9.15441e+02    9.14832e+02    9.14319e+02    9.13997e+02    9.13742e+02    9.13625e+02    9.13437e+02
+270 ||    9.07380e+02    9.07029e+02    9.06952e+02    9.07420e+02    9.07775e+02    9.07903e+02    9.08014e+02    9.08092e+02    9.08146e+02    9.08152e+02    9.08346e+02    9.08917e+02    9.09384e+02    9.09644e+02    9.09917e+02    9.10217e+02    9.10338e+02    9.10097e+02    9.09757e+02    9.09219e+02    9.08713e+02    9.08271e+02    9.07896e+02    9.07657e+02    9.07380e+02
+285 ||    8.88813e+02    8.88449e+02    8.88383e+02    8.88916e+02    8.89294e+02    8.89359e+02    8.89464e+02    8.89647e+02    8.89774e+02    8.89787e+02    8.90010e+02    8.90655e+02    8.91153e+02    8.91357e+02    8.91518e+02    8.91593e+02    8.91650e+02    8.91670e+02    8.91529e+02    8.91070e+02    8.90578e+02    8.90022e+02    8.89532e+02    8.89174e+02    8.88813e+02
+300 ||    8.49320e+02    8.48820e+02    8.48627e+02    8.49048e+02    8.49334e+02    8.49352e+02    8.49408e+02    8.49540e+02    8.49669e+02    8.49791e+02    8.50143e+02    8.50956e+02    8.51548e+02    8.51696e+02    8.51860e+02    8.52055e+02    8.52125e+02    8.51944e+02    8.51687e+02    8.51277e+02    8.50845e+02    8.50372e+02    8.49961e+02    8.49677e+02    8.49320e+02
+315 ||    8.13645e+02    8.13009e+02    8.12688e+02    8.12999e+02    8.13196e+02    8.13166e+02    8.13174e+02    8.13256e+02    8.13388e+02    8.13618e+02    8.14100e+02    8.15083e+02    8.15770e+02    8.15864e+02    8.16031e+02    8.16346e+02    8.16430e+02    8.16050e+02    8.15675e+02    8.15312e+02    8.14938e+02    8.14545e+02    8.14212e+02    8.13999e+02    8.13645e+02
+330 ||    8.12440e+02    8.11533e+02    8.10998e+02    8.11205e+02    8.11337e+02    8.11320e+02    8.11416e+02    8.11738e+02    8.12105e+02    8.12560e+02    8.13183e+02    8.14141e+02    8.14822e+02    8.14949e+02    8.15233e+02    8.15832e+02    8.16093e+02    8.15677e+02    8.15297e+02    8.14986e+02    8.14603e+02    8.14076e+02    8.13562e+02    8.13070e+02    8.12440e+02
+345 ||    8.18043e+02    8.16859e+02    8.16105e+02    8.16211e+02    8.16279e+02    8.16274e+02    8.16459e+02    8.17023e+02    8.17627e+02    8.18310e+02    8.19079e+02    8.20019e+02    8.20700e+02    8.20862e+02    8.21265e+02    8.22150e+02    8.22589e+02    8.22135e+02    8.21745e+02    8.21484e+02    8.21089e+02    8.20426e+02    8.19726e+02    8.18953e+02    8.18043e+02
+360 ||    8.21454e+02    8.20319e+02    8.19492e+02    8.19283e+02    8.19143e+02    8.19140e+02    8.19276e+02    8.19689e+02    8.20251e+02    8.21114e+02    8.22002e+02    8.22937e+02    8.23708e+02    8.24149e+02    8.24703e+02    8.25482e+02    8.25825e+02    8.25295e+02    8.24912e+02    8.24821e+02    8.24579e+02    8.24035e+02    8.23366e+02    8.22446e+02    8.21454e+02
##########################################################################################
### MCD_v6.1 with Martian Year 30 scenario.
### Latitude 83.8N. Longitude 235.0E. Altitude 0.0 m ALS.
### --------------------------------------------------------------------------------------
### Column 1 is Areocentric longitude (degrees)
### Columns 2+ are Surface temperature (K)
### Line 1 is Local time (Martian hour)
### --------------------------------------------------------------------------------------
### Retrieved on: 2024-06-08T03:51:25.230379
### Mars Climate Database (c) LMD/OU/IAA/ESA/CNES
##########################################################################################
---- ||    0.00000e+00    1.00000e+00    2.00000e+00    3.00000e+00    4.00000e+00    5.00000e+00    6.00000e+00    7.00000e+00    8.00000e+00    9.00000e+00    1.00000e+01    1.10000e+01    1.20000e+01    1.30000e+01    1.40000e+01    1.50000e+01    1.60000e+01    1.70000e+01    1.80000e+01    1.90000e+01    2.00000e+01    2.10000e+01    2.20000e+01    2.30000e+01    2.40000e+01
-----------------------------------
+000 ||    1.49514e+02    1.49500e+02    1.49489e+02    1.49483e+02    1.49479e+02    1.49477e+02    1.49477e+02    1.49483e+02    1.49491e+02    1.49504e+02    1.49517e+02    1.49533e+02    1.49546e+02    1.49554e+02    1.49562e+02    1.49570e+02    1.49574e+02    1.49568e+02    1.49563e+02    1.49559e+02    1.49555e+02    1.49547e+02    1.49538e+02    1.49526e+02    1.49514e+02
+015 ||    1.49805e+02    1.49791e+02    1.49778e+02    1.49768e+02    1.49762e+02    1.49760e+02    1.49761e+02    1.49768e+02    1.49778e+02    1.49796e+02    1.49814e+02    1.49832e+02    1.49847e+02    1.49858e+02    1.49867e+02    1.49872e+02    1.49873e+02    1.49863e+02    1.49856e+02    1.49852e+02    1.49847e+02    1.49840e+02    1.49831e+02    1.49818e+02    1.49805e+02
+030 ||    1.50152e+02    1.50141e+02    1.50132e+02    1.50124e+02    1.50119e+02    1.50119e+02    1.50119e+02    1.50123e+02    1.50129e+02    1.50142e+02    1.50155e+02    1.50166e+02    1.50177e+02    1.50185e+02    1.50193e+02    1.50199e+02    1.50201e+02    1.50198e+02    1.50194e+02    1.50192e+02    1.50188e+02    1.50182e+02    1.50174e+02    1.50163e+02    1.50152e+02
+045 ||    1.50499e+02    1.50492e+02    1.50486e+02    1.50481e+02    1.50477e+02    1.50477e+02    1.50477e+02    1.50478e+02    1.50481e+02    1.50488e+02    1.50495e+02    1.50501e+02    1.50507e+02    1.50513e+02    1.50519e+02    1.50525e+02    1.50530e+02    1.50532e+02    1.50533e+02    1.50532e+02    1.50529e+02    1.50524e+02    1.50517e+02    1.50508e+02    1.50499e+02
+060 ||    1.60937e+02    1.60885e+02    1.60858e+02    1.60882e+02    1.60929e+02    1.61021e+02    1.61135e+02    1.61294e+02    1.61458e+02    1.61635e+02    1.61807e+02    1.61970e+02    1.62112e+02    1.62215e+02    1.62291e+02    1.62316e+02    1.62220e+02    1.61882e+02    1.61619e+02    1.61504e+02    1.61383e+02    1.61251e+02    1.61127e+02    1.61024e+02    1.60937e+02
+075 ||    1.71375e+02    1.71278e+02    1.71230e+02    1.71284e+02    1.71381e+02    1.71566e+02    1.71794e+02    1.72110e+02    1.72436e+02    1.72782e+02    1.73119e+02    1.73438e+02    1.73717e+02    1.73916e+02    1.74063e+02    1.74106e+02    1.73909e+02    1.73232e+02    1.72705e+02    1.72477e+02    1.72237e+02    1.71978e+02    1.71738e+02    1.71540e+02    1.71375e+02
+090 ||    1.94647e+02    1.94382e+02    1.94229e+02    1.94303e+02    1.94482e+02    1.94871e+02    1.95339e+02    1.95965e+02    1.96610e+02    1.97292e+02    1.97943e+02    1.98535e+02    1.99033e+02    1.99347e+02    1.99541e+02    1.99495e+02    1.99252e+02    1.98616e+02    1.98000e+02    1.97421e+02    1.96823e+02    1.96187e+02    1.95591e+02    1.95078e+02    1.94647e+02
+105 ||    2.17918e+02    2.17486e+02    2.17228e+02    2.17321e+02    2.17582e+02    2.18176e+02    2.18884e+02    2.19821e+02    2.20784e+02    2.21802e+02    2.22768e+02    2.23631e+02    2.24350e+02    2.24779e+02    2.25020e+02    2.24884e+02    2.24595e+02    2.24000e+02    2.23294e+02    2.22366e+02    2.21409e+02    2.20396e+02    2.19444e+02    2.18615e+02    2.17918e+02
+120 ||    2.11275e+02    2.10787e+02    2.10482e+02    2.10543e+02    2.10786e+02    2.11390e+02    2.12123e+02    2.13117e+02    2.14149e+02    2.15256e+02    2.16303e+02    2.17231e+02    2.18007e+02    2.18476e+02    2.18749e+02    2.18627e+02    2.18363e+02    2.17815e+02    2.17114e+02    2.16108e+02    2.15072e+02    2.13975e+02    2.12943e+02    2.12040e+02    2.11275e+02
+135 ||    2.04632e+02    2.04089e+02    2.03736e+02    2.03765e+02    2.03989e+02    2.04603e+02    2.05363e+02    2.06414e+02    2.07513e+02    2.08710e+02    2.09839e+02    2.10832e+02    2.11664e+02    2.12174e+02    2.12478e+02    2.12370e+02    2.12131e+02    2.11629e+02    2.10933e+02    2.09851e+02    2.08735e+02    2.07554e+02    2.06441e+02    2.05465e+02    2.04632e+02
+150 ||    1.96000e+02    1.95556e+02    1.95241e+02    1.95187e+02    1.95283e+02    1.95677e+02    1.96203e+02    1.96993e+02    1.97839e+02    1.98797e+02    1.99712e+02    2.00541e+02    2.01240e+02    2.01679e+02    2.01947e+02    2.01872e+02    2.01709e+02    2.01373e+02    2.00859e+02    1.99990e+02    1.99111e+02    1.98213e+02    1.97370e+02    1.96637e+02    1.96000e+02
+165 ||    1.87368e+02    1.87023e+02    1.86747e+02    1.86609e+02    1.86576e+02    1.86751e+02    1.87044e+02    1.87573e+02    1.88165e+02    1.88884e+02    1.89586e+02    1.90250e+02    1.90816e+02    1.91185e+02    1.91417e+02    1.91373e+02    1.91287e+02    1.91117e+02    1.90785e+02    1.90129e+02    1.89487e+02    1.88872e+02    1.88299e+02    1.87809e+02    1.87368e+02
+180 ||    1.69680e+02    1.69473e+02    1.69303e+02    1.69207e+02    1.69166e+02    1.69234e+02    1.69367e+02    1.69630e+02    1.69945e+02    1.70362e+02    1.70781e+02    1.71201e+02    1.71557e+02    1.71782e+02    1.71914e+02    1.71860e+02    1.71807e+02    1.71757e+02    1.71600e+02    1.71230e+02    1.70870e+02    1.70530e+02    1.70211e+02    1.69934e+02    1.69680e+02
+195 ||    1.51992e+02    1.51923e+02    1.51859e+02    1.51806e+02    1.51757e+02    1.51717e+02    1.51689e+02    1.51687e+02    1.51725e+02    1.51840e+02    1.51976e+02    1.52152e+02    1.52297e+02    1.52378e+02    1.52410e+02    1.52347e+02    1.52327e+02    1.52397e+02    1.52415e+02    1.52331e+02    1.52253e+02    1.52188e+02    1.52123e+02    1.52058e+02    1.51992e+02
+210 ||    1.50593e+02    1.50553e+02    1.50517e+02    1.50490e+02    1.50466e+02    1.50445e+02    1.50431e+02    1.50431e+02    1.50450e+02    1.50510e+02    1.50582e+02    1.50677e+02    1.50755e+02    1.50799e+02    1.50820e+02    1.50792e+02    1.50783e+02    1.50811e+02    1.50815e+02    1.50771e+02    1.50730e+02    1.50696e+02    1.50662e+02    1.50629e+02    1.50593e+02
+225 ||    1.49194e+02    1.49183e+02    1.49176e+02    1.49175e+02    1.49174e+02    1.49173e+02    1.49173e+02    1.49174e+02    1.49176e+02    1.49180e+02    1.49188e+02    1.49201e+02    1.49213e+02    1.49221e+02    1.49229e+02    1.49237e+02    1.49238e+02    1.49225e+02    1.49215e+02    1.49211e+02    1.49208e+02    1.49205e+02    1.49202e+02    1.49199e+02    1.49194e+02
+240 ||    1.49387e+02    1.49380e+02    1.49376e+02    1.49378e+02    1.49379e+02    1.49381e+02    1.49383e+02    1.49382e+02    1.49383e+02    1.49384e+02    1.49387e+02    1.49396e+02    1.49403e+02    1.49408e+02    1.49413e+02    1.49417e+02    1.49418e+02    1.49414e+02    1.49410e+02    1.49404e+02    1.49399e+02    1.49396e+02    1.49394e+02    1.49391e+02    1.49387e+02
+255 ||    1.49581e+02    1.49578e+02    1.49577e+02    1.49580e+02    1.49584e+02    1.49589e+02    1.49592e+02    1.49591e+02    1.49589e+02    1.49587e+02    1.49587e+02    1.49590e+02    1.49593e+02    1.49596e+02    1.49597e+02    1.49596e+02    1.49597e+02    1.49604e+02    1.49605e+02    1.49597e+02    1.49590e+02    1.49588e+02    1.49586e+02    1.49584e+02    1.49581e+02
+270 ||    1.48982e+02    1.48980e+02    1.48980e+02    1.48985e+02    1.48991e+02    1.49002e+02    1.49012e+02    1.49019e+02    1.49024e+02    1.49024e+02    1.49026e+02    1.49031e+02    1.49036e+02    1.49040e+02    1.49042e+02    1.49039e+02    1.49035e+02    1.49029e+02    1.49021e+02    1.49008e+02    1.48999e+02    1.48996e+02    1.48992e+02    1.48986e+02    1.48982e+02
+285 ||    1.48383e+02    1.48381e+02    1.48382e+02    1.48389e+02    1.48399e+02    1.48415e+02    1.48431e+02    1.48447e+02    1.48459e+02    1.48461e+02    1.48465e+02    1.48472e+02    1.48478e+02    1.48485e+02    1.48488e+02    1.48482e+02    1.48472e+02    1.48454e+02    1.48437e+02    1.48420e+02    1.48407e+02    1.48403e+02    1.48397e+02    1.48389e+02    1.48383e+02
+300 ||    1.48483e+02    1.48479e+02    1.48478e+02    1.48482e+02    1.48488e+02    1.48497e+02    1.48506e+02    1.48516e+02    1.48525e+02    1.48529e+02    1.48535e+02    1.48544e+02    1.48552e+02    1.48556e+02    1.48559e+02    1.48557e+02    1.48552e+02    1.48538e+02    1.48525e+02    1.48513e+02    1.48503e+02    1.48498e+02    1.48493e+02    1.48488e+02    1.48483e+02
+315 ||    1.48583e+02    1.48577e+02    1.48574e+02    1.48576e+02    1.48577e+02    1.48579e+02    1.48581e+02    1.48585e+02    1.48590e+02    1.48597e+02    1.48605e+02    1.48617e+02    1.48626e+02    1.48628e+02    1.48630e+02    1.48633e+02    1.48632e+02    1.48622e+02    1.48614e+02    1.48606e+02    1.48599e+02    1.48593e+02    1.48588e+02    1.48586e+02    1.48583e+02
+330 ||    1.48959e+02    1.48950e+02    1.48944e+02    1.48945e+02    1.48946e+02    1.48947e+02    1.48949e+02    1.48955e+02    1.48961e+02    1.48969e+02    1.48978e+02    1.48989e+02    1.48998e+02    1.48999e+02    1.49002e+02    1.49008e+02    1.49009e+02    1.49002e+02    1.48995e+02    1.48989e+02    1.48983e+02    1.48976e+02    1.48970e+02    1.48965e+02    1.48959e+02
+345 ||    1.49335e+02    1.49323e+02    1.49314e+02    1.49314e+02    1.49314e+02    1.49314e+02    1.49317e+02    1.49324e+02    1.49332e+02    1.49341e+02    1.49351e+02    1.49362e+02    1.49370e+02    1.49371e+02    1.49375e+02    1.49383e+02    1.49387e+02    1.49382e+02    1.49377e+02    1.49373e+02    1.49368e+02    1.49360e+02    1.49352e+02    1.49344e+02    1.49335e+02
+360 ||    1.49546e+02    1.49533e+02    1.49523e+02    1.49519e+02    1.49516e+02    1.49516e+02    1.49519e+02    1.49526e+02    1.49536e+02    1.49549e+02    1.49562e+02    1.49575e+02    1.49586e+02    1.49592e+02    1.49599e+02    1.49606e+02    1.49608e+02    1.49601e+02    1.49595e+02    1.49591e+02    1.49586e+02    1.49578e+02    1.49570e+02    1.49558e+02    1.49546e+02
