##########################################################################################
### MCD_v6.1 with Martian Year 33 scenario.
### Latitude 83.8N. Longitude 235.0E. Altitude 0.0 m ALS.
### --------------------------------------------------------------------------------------
### Column 1 is Areocentric longitude (degrees)
### Columns 2+ are Daily mean dust column visible optical depth above surface
### Line 1 is Local time (Martian hour)
### --------------------------------------------------------------------------------------
### Retrieved on: 2024-06-08T03:55:51.695489
### Mars Climate Database (c) LMD/OU/IAA/ESA/CNES
##########################################################################################
---- ||    0.00000e+00    1.00000e+00    2.00000e+00    3.00000e+00    4.00000e+00    5.00000e+00    6.00000e+00    7.00000e+00    8.00000e+00    9.00000e+00    1.00000e+01    1.10000e+01    1.20000e+01    1.30000e+01    1.40000e+01    1.50000e+01    1.60000e+01    1.70000e+01    1.80000e+01    1.90000e+01    2.00000e+01    2.10000e+01    2.20000e+01    2.30000e+01    2.40000e+01
-----------------------------------
+000 ||    1.09301e-01    1.09161e-01    1.09061e-01    1.09042e-01    1.09026e-01    1.09018e-01    1.09025e-01    1.09066e-01    1.09126e-01    1.09225e-01    1.09330e-01    1.09448e-01    1.09546e-01    1.09606e-01    1.09679e-01    1.09778e-01    1.09819e-01    1.09744e-01    1.09689e-01    1.09674e-01    1.09647e-01    1.09597e-01    1.09528e-01    1.09420e-01    1.09301e-01
+015 ||    1.31848e-01    1.31686e-01    1.31554e-01    1.31484e-01    1.31444e-01    1.31463e-01    1.31485e-01    1.31512e-01    1.31581e-01    1.31731e-01    1.31876e-01    1.32008e-01    1.32128e-01    1.32224e-01    1.32318e-01    1.32406e-01    1.32431e-01    1.32330e-01    1.32269e-01    1.32288e-01    1.32288e-01    1.32250e-01    1.32171e-01    1.32010e-01    1.31848e-01
+030 ||    2.84518e-01    2.84241e-01    2.84002e-01    2.83844e-01    2.83745e-01    2.83767e-01    2.83787e-01    2.83804e-01    2.83897e-01    2.84143e-01    2.84369e-01    2.84555e-01    2.84738e-01    2.84911e-01    2.85078e-01    2.85233e-01    2.85323e-01    2.85283e-01    2.85271e-01    2.85314e-01    2.85316e-01    2.85233e-01    2.85083e-01    2.84800e-01    2.84518e-01
+045 ||    2.00504e-01    2.00356e-01    2.00219e-01    2.00101e-01    2.00024e-01    2.00026e-01    2.00023e-01    2.00008e-01    2.00038e-01    2.00159e-01    2.00262e-01    2.00329e-01    2.00407e-01    2.00507e-01    2.00602e-01    2.00688e-01    2.00775e-01    2.00864e-01    2.00933e-01    2.00965e-01    2.00967e-01    2.00908e-01    2.00816e-01    2.00658e-01    2.00504e-01
+060 ||    2.35811e-01    2.35640e-01    2.35489e-01    2.35377e-01    2.35315e-01    2.35352e-01    2.35389e-01    2.35429e-01    2.35489e-01    2.35590e-01    2.35679e-01    2.35742e-01    2.35810e-01    2.35884e-01    2.35948e-01    2.35989e-01    2.36076e-01    2.36253e-01    2.36383e-01    2.36417e-01    2.36410e-01    2.36321e-01    2.36196e-01    2.35999e-01    2.35811e-01
+075 ||    3.24192e-01    3.23954e-01    3.23756e-01    3.23637e-01    3.23591e-01    3.23689e-01    3.23801e-01    3.23939e-01    3.24060e-01    3.24148e-01    3.24230e-01    3.24303e-01    3.24367e-01    3.24412e-01    3.24435e-01    3.24411e-01    3.24510e-01    3.24853e-01    3.25096e-01    3.25139e-01    3.25116e-01    3.24961e-01    3.24760e-01    3.24466e-01    3.24192e-01
+090 ||    5.56835e-01    5.56520e-01    5.56285e-01    5.56205e-01    5.56199e-01    5.56339e-01    5.56550e-01    5.56902e-01    5.57231e-01    5.57514e-01    5.57777e-01    5.58002e-01    5.58140e-01    5.58103e-01    5.57998e-01    5.57758e-01    5.57755e-01    5.58224e-01    5.58538e-01    5.58541e-01    5.58432e-01    5.58101e-01    5.57724e-01    5.57253e-01    5.56835e-01
+105 ||    3.85069e-01    3.84926e-01    3.84844e-01    3.84882e-01    3.84931e-01    3.85001e-01    3.85156e-01    3.85481e-01    3.85793e-01    3.86079e-01    3.86345e-01    3.86569e-01    3.86680e-01    3.86564e-01    3.86381e-01    3.86064e-01    3.85933e-01    3.86176e-01    3.86323e-01    3.86274e-01    3.86152e-01    3.85883e-01    3.85605e-01    3.85312e-01    3.85069e-01
+120 ||    4.27550e-01    4.27465e-01    4.27419e-01    4.27449e-01    4.27500e-01    4.27593e-01    4.27737e-01    4.27981e-01    4.28267e-01    4.28638e-01    4.28948e-01    4.29138e-01    4.29220e-01    4.29085e-01    4.28934e-01    4.28754e-01    4.28676e-01    4.28801e-01    4.28858e-01    4.28782e-01    4.28628e-01    4.28317e-01    4.28022e-01    4.27756e-01    4.27550e-01
+135 ||    2.66549e-01    2.66546e-01    2.66547e-01    2.66557e-01    2.66587e-01    2.66656e-01    2.66727e-01    2.66801e-01    2.66939e-01    2.67205e-01    2.67408e-01    2.67488e-01    2.67511e-01    2.67422e-01    2.67364e-01    2.67367e-01    2.67363e-01    2.67343e-01    2.67309e-01    2.67247e-01    2.67138e-01    2.66937e-01    2.66761e-01    2.66635e-01    2.66549e-01
+150 ||    3.11009e-01    3.10742e-01    3.10544e-01    3.10481e-01    3.10455e-01    3.10505e-01    3.10562e-01    3.10631e-01    3.10742e-01    3.10937e-01    3.11091e-01    3.11163e-01    3.11200e-01    3.11166e-01    3.11181e-01    3.11293e-01    3.11403e-01    3.11508e-01    3.11585e-01    3.11605e-01    3.11590e-01    3.11508e-01    3.11393e-01    3.11216e-01    3.11009e-01
+165 ||    1.80986e-01    1.80673e-01    1.80437e-01    1.80354e-01    1.80303e-01    1.80314e-01    1.80331e-01    1.80361e-01    1.80395e-01    1.80438e-01    1.80476e-01    1.80503e-01    1.80528e-01    1.80550e-01    1.80608e-01    1.80738e-01    1.80871e-01    1.81010e-01    1.81126e-01    1.81195e-01    1.81255e-01    1.81301e-01    1.81291e-01    1.81170e-01    1.80986e-01
+180 ||    1.01887e-01    1.01696e-01    1.01560e-01    1.01535e-01    1.01527e-01    1.01551e-01    1.01590e-01    1.01661e-01    1.01735e-01    1.01816e-01    1.01908e-01    1.02021e-01    1.02110e-01    1.02149e-01    1.02209e-01    1.02313e-01    1.02366e-01    1.02322e-01    1.02289e-01    1.02280e-01    1.02259e-01    1.02215e-01    1.02147e-01    1.02029e-01    1.01887e-01
+195 ||    1.00634e-01    1.00429e-01    1.00290e-01    1.00286e-01    1.00298e-01    1.00339e-01    1.00407e-01    1.00529e-01    1.00656e-01    1.00794e-01    1.00955e-01    1.01164e-01    1.01325e-01    1.01391e-01    1.01479e-01    1.01610e-01    1.01644e-01    1.01481e-01    1.01354e-01    1.01297e-01    1.01221e-01    1.01108e-01    1.00978e-01    1.00813e-01    1.00634e-01
+210 ||    1.56567e-01    1.56320e-01    1.56170e-01    1.56216e-01    1.56267e-01    1.56333e-01    1.56412e-01    1.56520e-01    1.56635e-01    1.56766e-01    1.56945e-01    1.57217e-01    1.57433e-01    1.57535e-01    1.57647e-01    1.57777e-01    1.57782e-01    1.57537e-01    1.57330e-01    1.57196e-01    1.57073e-01    1.56970e-01    1.56859e-01    1.56733e-01    1.56567e-01
+225 ||    1.01108e-01    1.00991e-01    1.00933e-01    1.00993e-01    1.01046e-01    1.01089e-01    1.01125e-01    1.01146e-01    1.01171e-01    1.01206e-01    1.01279e-01    1.01424e-01    1.01543e-01    1.01608e-01    1.01666e-01    1.01706e-01    1.01682e-01    1.01529e-01    1.01389e-01    1.01277e-01    1.01194e-01    1.01170e-01    1.01153e-01    1.01149e-01    1.01108e-01
+240 ||    1.42644e-01    1.42543e-01    1.42504e-01    1.42589e-01    1.42662e-01    1.42711e-01    1.42754e-01    1.42785e-01    1.42814e-01    1.42840e-01    1.42907e-01    1.43059e-01    1.43185e-01    1.43258e-01    1.43323e-01    1.43372e-01    1.43342e-01    1.43150e-01    1.42982e-01    1.42860e-01    1.42765e-01    1.42722e-01    1.42691e-01    1.42683e-01    1.42644e-01
+255 ||    1.76890e-01    1.76835e-01    1.76835e-01    1.76942e-01    1.77030e-01    1.77077e-01    1.77123e-01    1.77164e-01    1.77192e-01    1.77195e-01    1.77241e-01    1.77370e-01    1.77479e-01    1.77547e-01    1.77610e-01    1.77662e-01    1.77627e-01    1.77417e-01    1.77242e-01    1.77134e-01    1.77040e-01    1.76975e-01    1.76928e-01    1.76916e-01    1.76890e-01
+270 ||    1.35081e-01    1.35041e-01    1.35042e-01    1.35124e-01    1.35186e-01    1.35207e-01    1.35231e-01    1.35260e-01    1.35281e-01    1.35284e-01    1.35320e-01    1.35420e-01    1.35498e-01    1.35534e-01    1.35567e-01    1.35594e-01    1.35583e-01    1.35495e-01    1.35412e-01    1.35339e-01    1.35269e-01    1.35202e-01    1.35147e-01    1.35116e-01    1.35081e-01
+285 ||    1.09125e-01    1.09093e-01    1.09095e-01    1.09161e-01    1.09207e-01    1.09212e-01    1.09223e-01    1.09244e-01    1.09259e-01    1.09264e-01    1.09294e-01    1.09375e-01    1.09434e-01    1.09450e-01    1.09464e-01    1.09475e-01    1.09479e-01    1.09468e-01    1.09443e-01    1.09392e-01    1.09336e-01    1.09268e-01    1.09208e-01    1.09164e-01    1.09125e-01
+300 ||    1.63980e-01    1.63873e-01    1.63830e-01    1.63913e-01    1.63971e-01    1.63978e-01    1.63994e-01    1.64028e-01    1.64062e-01    1.64097e-01    1.64178e-01    1.64353e-01    1.64484e-01    1.64525e-01    1.64571e-01    1.64627e-01    1.64650e-01    1.64603e-01    1.64537e-01    1.64434e-01    1.64329e-01    1.64223e-01    1.64130e-01    1.64061e-01    1.63980e-01
+315 ||    1.73534e-01    1.73355e-01    1.73258e-01    1.73327e-01    1.73375e-01    1.73382e-01    1.73400e-01    1.73438e-01    1.73486e-01    1.73554e-01    1.73682e-01    1.73928e-01    1.74113e-01    1.74175e-01    1.74252e-01    1.74358e-01    1.74401e-01    1.74317e-01    1.74215e-01    1.74074e-01    1.73941e-01    1.73825e-01    1.73722e-01    1.73645e-01    1.73534e-01
+330 ||    1.74121e-01    1.73898e-01    1.73770e-01    1.73831e-01    1.73875e-01    1.73887e-01    1.73920e-01    1.73996e-01    1.74083e-01    1.74191e-01    1.74346e-01    1.74595e-01    1.74783e-01    1.74850e-01    1.74933e-01    1.75046e-01    1.75086e-01    1.74978e-01    1.74865e-01    1.74745e-01    1.74622e-01    1.74492e-01    1.74371e-01    1.74266e-01    1.74121e-01
+345 ||    8.50463e-02    8.49161e-02    8.48379e-02    8.48638e-02    8.48837e-02    8.48916e-02    8.49155e-02    8.49715e-02    8.50329e-02    8.51051e-02    8.51940e-02    8.53166e-02    8.54099e-02    8.54449e-02    8.54879e-02    8.55471e-02    8.55649e-02    8.54999e-02    8.54405e-02    8.53921e-02    8.53367e-02    8.52672e-02    8.51990e-02    8.51334e-02    8.50463e-02
+360 ||    1.06795e-01    1.06638e-01    1.06528e-01    1.06511e-01    1.06504e-01    1.06517e-01    1.06544e-01    1.06599e-01    1.06674e-01    1.06789e-01    1.06912e-01    1.07049e-01    1.07164e-01    1.07235e-01    1.07309e-01    1.07391e-01    1.07415e-01    1.07327e-01    1.07258e-01    1.07231e-01    1.07190e-01    1.07123e-01    1.07040e-01    1.06924e-01    1.06795e-01
##########################################################################################
### MCD_v6.1 with Martian Year 33 scenario.
### Latitude 83.8N. Longitude 235.0E. Altitude 0.0 m ALS.
### --------------------------------------------------------------------------------------
### Column 1 is Areocentric longitude (degrees)
### Columns 2+ are Water ice column (kg/m2)
### Line 1 is Local time (Martian hour)
### --------------------------------------------------------------------------------------
### Retrieved on: 2024-06-08T03:55:51.696173
### Mars Climate Database (c) LMD/OU/IAA/ESA/CNES
##########################################################################################
---- ||    0.00000e+00    1.00000e+00    2.00000e+00    3.00000e+00    4.00000e+00    5.00000e+00    6.00000e+00    7.00000e+00    8.00000e+00    9.00000e+00    1.00000e+01    1.10000e+01    1.20000e+01    1.30000e+01    1.40000e+01    1.50000e+01    1.60000e+01    1.70000e+01    1.80000e+01    1.90000e+01    2.00000e+01    2.10000e+01    2.20000e+01    2.30000e+01    2.40000e+01
-----------------------------------
+000 ||    3.51228e-03    3.51920e-03    3.52366e-03    3.52318e-03    3.52084e-03    3.51478e-03    3.51130e-03    3.51297e-03    3.51740e-03    3.52735e-03    3.53696e-03    3.54589e-03    3.55274e-03    3.55544e-03    3.55231e-03    3.53751e-03    3.51489e-03    3.47662e-03    3.45003e-03    3.44681e-03    3.45077e-03    3.46910e-03    3.48609e-03    3.50042e-03    3.51228e-03
+015 ||    3.46805e-03    3.46369e-03    3.45793e-03    3.44936e-03    3.44129e-03    3.43423e-03    3.43363e-03    3.44596e-03    3.46397e-03    3.49335e-03    3.52106e-03    3.54544e-03    3.56345e-03    3.56870e-03    3.56283e-03    3.53471e-03    3.50147e-03    3.45802e-03    3.42814e-03    3.42542e-03    3.43086e-03    3.45264e-03    3.46755e-03    3.46872e-03    3.46805e-03
+030 ||    6.38383e-03    6.40713e-03    6.43005e-03    6.45222e-03    6.47147e-03    6.48486e-03    6.49591e-03    6.50228e-03    6.50401e-03    6.49647e-03    6.48909e-03    6.48201e-03    6.48283e-03    6.49946e-03    6.50801e-03    6.50041e-03    6.47488e-03    6.41351e-03    6.36506e-03    6.34242e-03    6.32908e-03    6.33433e-03    6.34420e-03    6.36332e-03    6.38383e-03
+045 ||    9.31913e-03    9.37035e-03    9.42220e-03    9.47527e-03    9.52198e-03    9.55596e-03    9.57864e-03    9.57875e-03    9.56374e-03    9.51853e-03    9.47533e-03    9.43614e-03    9.41930e-03    9.44716e-03    9.47023e-03    9.48372e-03    9.46636e-03    9.38735e-03    9.32046e-03    9.27776e-03    9.24555e-03    9.23433e-03    9.23937e-03    9.27698e-03    9.31913e-03
+060 ||    1.80421e-02    1.82942e-02    1.84859e-02    1.85565e-02    1.85859e-02    1.85330e-02    1.84098e-02    1.81460e-02    1.78805e-02    1.76113e-02    1.73419e-02    1.70720e-02    1.68165e-02    1.65896e-02    1.64478e-02    1.64763e-02    1.65217e-02    1.66010e-02    1.67122e-02    1.68871e-02    1.70768e-02    1.72963e-02    1.75286e-02    1.77862e-02    1.80421e-02
+075 ||    2.60627e-02    2.65035e-02    2.68254e-02    2.69089e-02    2.69183e-02    2.67793e-02    2.65126e-02    2.59903e-02    2.54812e-02    2.49981e-02    2.45143e-02    2.40287e-02    2.35487e-02    2.30795e-02    2.27795e-02    2.28174e-02    2.29213e-02    2.31577e-02    2.34429e-02    2.38260e-02    2.42315e-02    2.46818e-02    2.51376e-02    2.56044e-02    2.60627e-02
+090 ||    1.34672e-02    1.37252e-02    1.39241e-02    1.40046e-02    1.40445e-02    1.40031e-02    1.38922e-02    1.36420e-02    1.33928e-02    1.31456e-02    1.28764e-02    1.25630e-02    1.22490e-02    1.19333e-02    1.17061e-02    1.16555e-02    1.16605e-02    1.17765e-02    1.19194e-02    1.21160e-02    1.23411e-02    1.26235e-02    1.29066e-02    1.31914e-02    1.34672e-02
+105 ||    9.14767e-04    9.93277e-04    1.07074e-03    1.14626e-03    1.21391e-03    1.26577e-03    1.30632e-03    1.32414e-03    1.33135e-03    1.31726e-03    1.26088e-03    1.11995e-03    9.72587e-04    8.12339e-04    6.59891e-04    5.22907e-04    4.31504e-04    4.31463e-04    4.35373e-04    4.47135e-04    4.93208e-04    6.07906e-04    7.18402e-04    8.20498e-04    9.14767e-04
+120 ||    8.33520e-04    9.05160e-04    9.77534e-04    1.05142e-03    1.11202e-03    1.14605e-03    1.16809e-03    1.16610e-03    1.15851e-03    1.13968e-03    1.10038e-03    1.02013e-03    9.38239e-04    8.53075e-04    7.74428e-04    7.08778e-04    6.45247e-04    5.85981e-04    5.48077e-04    5.52855e-04    5.75229e-04    6.32795e-04    6.94244e-04    7.63472e-04    8.33520e-04
+135 ||    7.79233e-04    8.44447e-04    9.12887e-04    9.87782e-04    1.04413e-03    1.06336e-03    1.06948e-03    1.04939e-03    1.02798e-03    1.00394e-03    9.80287e-04    9.57399e-04    9.37533e-04    9.23729e-04    9.15692e-04    9.19197e-04    8.80997e-04    7.59421e-04    6.77677e-04    6.75512e-04    6.74798e-04    6.76987e-04    6.91620e-04    7.31145e-04    7.79233e-04
+150 ||    9.37274e-03    9.42306e-03    9.46980e-03    9.50937e-03    9.55646e-03    9.61857e-03    9.66371e-03    9.67486e-03    9.69087e-03    9.71662e-03    9.73775e-03    9.74962e-03    9.72926e-03    9.64446e-03    9.52660e-03    9.34263e-03    9.18082e-03    9.06329e-03    9.00343e-03    9.05886e-03    9.12112e-03    9.19704e-03    9.26572e-03    9.31987e-03    9.37274e-03
+165 ||    1.84842e-02    1.85173e-02    1.85409e-02    1.85455e-02    1.85843e-02    1.86912e-02    1.87763e-02    1.88176e-02    1.88704e-02    1.89461e-02    1.90126e-02    1.90605e-02    1.90393e-02    1.88801e-02    1.86461e-02    1.82628e-02    1.79685e-02    1.78521e-02    1.78141e-02    1.79328e-02    1.80654e-02    1.82260e-02    1.83564e-02    1.84265e-02    1.84842e-02
+180 ||    1.04987e-02    1.04957e-02    1.04942e-02    1.04959e-02    1.05176e-02    1.05796e-02    1.06336e-02    1.06715e-02    1.07161e-02    1.07743e-02    1.08285e-02    1.08749e-02    1.08893e-02    1.08396e-02    1.07466e-02    1.05671e-02    1.04270e-02    1.03661e-02    1.03332e-02    1.03568e-02    1.03914e-02    1.04483e-02    1.04885e-02    1.04952e-02    1.04987e-02
+195 ||    2.69993e-03    2.65898e-03    2.63119e-03    2.62976e-03    2.63483e-03    2.65291e-03    2.67662e-03    2.71157e-03    2.74847e-03    2.78926e-03    2.83174e-03    2.87762e-03    2.92846e-03    2.98925e-03    3.03734e-03    3.06003e-03    3.07336e-03    3.06796e-03    3.04031e-03    2.96816e-03    2.90495e-03    2.85959e-03    2.81006e-03    2.75218e-03    2.69993e-03
+210 ||    1.85737e-03    1.84212e-03    1.83312e-03    1.83658e-03    1.84152e-03    1.84938e-03    1.85953e-03    1.87424e-03    1.88902e-03    1.90391e-03    1.91866e-03    1.93315e-03    1.94968e-03    1.97029e-03    1.98719e-03    1.99665e-03    2.00355e-03    2.00530e-03    1.99651e-03    1.96664e-03    1.94230e-03    1.92903e-03    1.91056e-03    1.88169e-03    1.85737e-03
+225 ||    9.97455e-04    1.00821e-03    1.01829e-03    1.02702e-03    1.03200e-03    1.02949e-03    1.02592e-03    1.02023e-03    1.01271e-03    1.00157e-03    9.88420e-04    9.71280e-04    9.53167e-04    9.33107e-04    9.18442e-04    9.14568e-04    9.14913e-04    9.23692e-04    9.33846e-04    9.46748e-04    9.61682e-04    9.80696e-04    9.93454e-04    9.93704e-04    9.97455e-04
+240 ||    8.45515e-04    8.51930e-04    8.57739e-04    8.62338e-04    8.65226e-04    8.64687e-04    8.64400e-04    8.64614e-04    8.63298e-04    8.58923e-04    8.53268e-04    8.45057e-04    8.35578e-04    8.23564e-04    8.12793e-04    8.04512e-04    8.00687e-04    8.05771e-04    8.10334e-04    8.13858e-04    8.19982e-04    8.31315e-04    8.39621e-04    8.41876e-04    8.45515e-04
+255 ||    6.63415e-04    6.65459e-04    6.66782e-04    6.66665e-04    6.67143e-04    6.68816e-04    6.72044e-04    6.78384e-04    6.83517e-04    6.86237e-04    6.88398e-04    6.89444e-04    6.89002e-04    6.85587e-04    6.79187e-04    6.66817e-04    6.58901e-04    6.59890e-04    6.58385e-04    6.51896e-04    6.48525e-04    6.51392e-04    6.54875e-04    6.59590e-04    6.63415e-04
+270 ||    5.28551e-04    5.29009e-04    5.29727e-04    5.30963e-04    5.32768e-04    5.35711e-04    5.39496e-04    5.44962e-04    5.49677e-04    5.52890e-04    5.55831e-04    5.58228e-04    5.59214e-04    5.57378e-04    5.53188e-04    5.44289e-04    5.38030e-04    5.37050e-04    5.34698e-04    5.29603e-04    5.26214e-04    5.26238e-04    5.26611e-04    5.27684e-04    5.28551e-04
+285 ||    3.81552e-04    3.80461e-04    3.80607e-04    3.83227e-04    3.86355e-04    3.90500e-04    3.94731e-04    3.99131e-04    4.03263e-04    4.06860e-04    4.10483e-04    4.14155e-04    4.16536e-04    4.16337e-04    4.14473e-04    4.09282e-04    4.04850e-04    4.01932e-04    3.98798e-04    3.95228e-04    3.91894e-04    3.89030e-04    3.86253e-04    3.83651e-04    3.81552e-04
+300 ||    8.79877e-04    8.74381e-04    8.68041e-04    8.60007e-04    8.52125e-04    8.44550e-04    8.39350e-04    8.38900e-04    8.39245e-04    8.41183e-04    8.43118e-04    8.45048e-04    8.48102e-04    8.53405e-04    8.59135e-04    8.65723e-04    8.69978e-04    8.69570e-04    8.69611e-04    8.70551e-04    8.72399e-04    8.76063e-04    8.79041e-04    8.80642e-04    8.79877e-04
+315 ||    1.37856e-03    1.36867e-03    1.35588e-03    1.33726e-03    1.31845e-03    1.29924e-03    1.28468e-03    1.27944e-03    1.27605e-03    1.27636e-03    1.27662e-03    1.27680e-03    1.28051e-03    1.29127e-03    1.30453e-03    1.32277e-03    1.33560e-03    1.33758e-03    1.34072e-03    1.34615e-03    1.35317e-03    1.36340e-03    1.37216e-03    1.37797e-03    1.37856e-03
+330 ||    2.35798e-03    2.34637e-03    2.33675e-03    2.33114e-03    2.32737e-03    2.32727e-03    2.32915e-03    2.33500e-03    2.34246e-03    2.35318e-03    2.36835e-03    2.39240e-03    2.41410e-03    2.43109e-03    2.44605e-03    2.45695e-03    2.45641e-03    2.43303e-03    2.41216e-03    2.39635e-03    2.38355e-03    2.37678e-03    2.37054e-03    2.36533e-03    2.35798e-03
+345 ||    3.36088e-03    3.34722e-03    3.34048e-03    3.34758e-03    3.35860e-03    3.37744e-03    3.39563e-03    3.41252e-03    3.43086e-03    3.45207e-03    3.48224e-03    3.53032e-03    3.57019e-03    3.59364e-03    3.61056e-03    3.61443e-03    3.60081e-03    3.55220e-03    3.50746e-03    3.47048e-03    3.43789e-03    3.41407e-03    3.39273e-03    3.37635e-03    3.36088e-03
+360 ||    3.39273e-03    3.37780e-03    3.36683e-03    3.36378e-03    3.36338e-03    3.36824e-03    3.37441e-03    3.38318e-03    3.39532e-03    3.41420e-03    3.43869e-03    3.47439e-03    3.50672e-03    3.53232e-03    3.55212e-03    3.56029e-03    3.55477e-03    3.52189e-03    3.49268e-03    3.47083e-03    3.45056e-03    3.43344e-03    3.41797e-03    3.40581e-03    3.39273e-03
##########################################################################################
### MCD_v6.1 with Martian Year 33 scenario.
### Latitude 83.8N. Longitude 235.0E. Altitude 0.0 m ALS.
### --------------------------------------------------------------------------------------
### Column 1 is Areocentric longitude (degrees)
### Columns 2+ are Surface pressure (Pa)
### Line 1 is Local time (Martian hour)
### --------------------------------------------------------------------------------------
### Retrieved on: 2024-06-08T03:55:51.696736
### Mars Climate Database (c) LMD/OU/IAA/ESA/CNES
##########################################################################################
---- ||    0.00000e+00    1.00000e+00    2.00000e+00    3.00000e+00    4.00000e+00    5.00000e+00    6.00000e+00    7.00000e+00    8.00000e+00    9.00000e+00    1.00000e+01    1.10000e+01    1.20000e+01    1.30000e+01    1.40000e+01    1.50000e+01    1.60000e+01    1.70000e+01    1.80000e+01    1.90000e+01    2.00000e+01    2.10000e+01    2.20000e+01    2.30000e+01    2.40000e+01
-----------------------------------
+000 ||    8.20584e+02    8.19529e+02    8.18779e+02    8.18637e+02    8.18520e+02    8.18454e+02    8.18511e+02    8.18815e+02    8.19265e+02    8.20009e+02    8.20800e+02    8.21684e+02    8.22422e+02    8.22869e+02    8.23417e+02    8.24165e+02    8.24474e+02    8.23908e+02    8.23492e+02    8.23378e+02    8.23179e+02    8.22807e+02    8.22289e+02    8.21477e+02    8.20584e+02
+015 ||    8.36851e+02    8.35818e+02    8.34981e+02    8.34538e+02    8.34284e+02    8.34405e+02    8.34544e+02    8.34717e+02    8.35152e+02    8.36109e+02    8.37027e+02    8.37866e+02    8.38628e+02    8.39236e+02    8.39829e+02    8.40388e+02    8.40547e+02    8.39906e+02    8.39519e+02    8.39642e+02    8.39643e+02    8.39402e+02    8.38901e+02    8.37878e+02    8.36851e+02
+030 ||    8.74192e+02    8.73339e+02    8.72607e+02    8.72119e+02    8.71816e+02    8.71882e+02    8.71944e+02    8.71997e+02    8.72284e+02    8.73038e+02    8.73732e+02    8.74306e+02    8.74866e+02    8.75397e+02    8.75911e+02    8.76386e+02    8.76663e+02    8.76541e+02    8.76504e+02    8.76638e+02    8.76642e+02    8.76387e+02    8.75927e+02    8.75057e+02    8.74192e+02
+045 ||    9.09893e+02    9.09223e+02    9.08598e+02    9.08066e+02    9.07714e+02    9.07725e+02    9.07709e+02    9.07641e+02    9.07778e+02    9.08326e+02    9.08793e+02    9.09098e+02    9.09452e+02    9.09906e+02    9.10338e+02    9.10729e+02    9.11123e+02    9.11525e+02    9.11841e+02    9.11986e+02    9.11992e+02    9.11724e+02    9.11307e+02    9.10593e+02    9.09893e+02
+060 ||    9.05231e+02    9.04575e+02    9.03995e+02    9.03567e+02    9.03328e+02    9.03469e+02    9.03613e+02    9.03764e+02    9.03994e+02    9.04382e+02    9.04723e+02    9.04968e+02    9.05227e+02    9.05513e+02    9.05756e+02    9.05916e+02    9.06250e+02    9.06930e+02    9.07427e+02    9.07559e+02    9.07532e+02    9.07189e+02    9.06709e+02    9.05953e+02    9.05231e+02
+075 ||    8.82497e+02    8.81850e+02    8.81311e+02    8.80987e+02    8.80861e+02    8.81129e+02    8.81433e+02    8.81809e+02    8.82139e+02    8.82377e+02    8.82602e+02    8.82801e+02    8.82974e+02    8.83098e+02    8.83159e+02    8.83094e+02    8.83363e+02    8.84296e+02    8.84957e+02    8.85075e+02    8.85013e+02    8.84590e+02    8.84043e+02    8.83245e+02    8.82497e+02
+090 ||    8.46290e+02    8.45813e+02    8.45454e+02    8.45334e+02    8.45325e+02    8.45537e+02    8.45857e+02    8.46393e+02    8.46893e+02    8.47322e+02    8.47722e+02    8.48065e+02    8.48275e+02    8.48218e+02    8.48059e+02    8.47694e+02    8.47689e+02    8.48403e+02    8.48880e+02    8.48884e+02    8.48719e+02    8.48216e+02    8.47642e+02    8.46927e+02    8.46290e+02
+105 ||    8.02700e+02    8.02403e+02    8.02231e+02    8.02311e+02    8.02413e+02    8.02559e+02    8.02882e+02    8.03559e+02    8.04209e+02    8.04806e+02    8.05360e+02    8.05828e+02    8.06059e+02    8.05817e+02    8.05436e+02    8.04774e+02    8.04502e+02    8.05010e+02    8.05314e+02    8.05213e+02    8.04958e+02    8.04397e+02    8.03819e+02    8.03207e+02    8.02700e+02
+120 ||    7.67518e+02    7.67366e+02    7.67282e+02    7.67336e+02    7.67428e+02    7.67596e+02    7.67854e+02    7.68292e+02    7.68806e+02    7.69471e+02    7.70028e+02    7.70370e+02    7.70516e+02    7.70273e+02    7.70003e+02    7.69680e+02    7.69540e+02    7.69763e+02    7.69867e+02    7.69730e+02    7.69453e+02    7.68896e+02    7.68365e+02    7.67887e+02    7.67518e+02
+135 ||    7.44647e+02    7.44637e+02    7.44640e+02    7.44669e+02    7.44753e+02    7.44945e+02    7.45142e+02    7.45349e+02    7.45735e+02    7.46478e+02    7.47047e+02    7.47268e+02    7.47333e+02    7.47085e+02    7.46922e+02    7.46931e+02    7.46919e+02    7.46864e+02    7.46769e+02    7.46594e+02    7.46290e+02    7.45729e+02    7.45237e+02    7.44885e+02    7.44647e+02
+150 ||    7.26281e+02    7.25658e+02    7.25194e+02    7.25047e+02    7.24988e+02    7.25105e+02    7.25237e+02    7.25398e+02    7.25658e+02    7.26114e+02    7.26474e+02    7.26641e+02    7.26727e+02    7.26648e+02    7.26683e+02    7.26944e+02    7.27200e+02    7.27447e+02    7.27627e+02    7.27673e+02    7.27639e+02    7.27445e+02    7.27179e+02    7.26764e+02    7.26281e+02
+165 ||    7.23998e+02    7.22746e+02    7.21801e+02    7.21472e+02    7.21267e+02    7.21311e+02    7.21380e+02    7.21497e+02    7.21633e+02    7.21806e+02    7.21957e+02    7.22065e+02    7.22167e+02    7.22253e+02    7.22485e+02    7.23006e+02    7.23539e+02    7.24096e+02    7.24558e+02    7.24832e+02    7.25076e+02    7.25257e+02    7.25217e+02    7.24736e+02    7.23998e+02
+180 ||    7.27786e+02    7.26416e+02    7.25444e+02    7.25268e+02    7.25209e+02    7.25382e+02    7.25664e+02    7.26166e+02    7.26694e+02    7.27277e+02    7.27934e+02    7.28741e+02    7.29373e+02    7.29653e+02    7.30086e+02    7.30823e+02    7.31207e+02    7.30889e+02    7.30654e+02    7.30589e+02    7.30440e+02    7.30126e+02    7.29637e+02    7.28800e+02    7.27786e+02
+195 ||    7.45470e+02    7.43948e+02    7.42924e+02    7.42895e+02    7.42977e+02    7.43280e+02    7.43785e+02    7.44690e+02    7.45634e+02    7.46655e+02    7.47850e+02    7.49393e+02    7.50586e+02    7.51079e+02    7.51731e+02    7.52703e+02    7.52949e+02    7.51745e+02    7.50802e+02    7.50379e+02    7.49818e+02    7.48983e+02    7.48018e+02    7.46794e+02    7.45470e+02
+210 ||    7.81438e+02    7.80206e+02    7.79460e+02    7.79685e+02    7.79943e+02    7.80270e+02    7.80666e+02    7.81203e+02    7.81779e+02    7.82434e+02    7.83324e+02    7.84684e+02    7.85761e+02    7.86271e+02    7.86827e+02    7.87477e+02    7.87504e+02    7.86283e+02    7.85246e+02    7.84578e+02    7.83963e+02    7.83450e+02    7.82899e+02    7.82269e+02    7.81438e+02
+225 ||    8.17123e+02    8.16182e+02    8.15714e+02    8.16193e+02    8.16627e+02    8.16975e+02    8.17263e+02    8.17428e+02    8.17634e+02    8.17920e+02    8.18503e+02    8.19680e+02    8.20641e+02    8.21169e+02    8.21631e+02    8.21959e+02    8.21765e+02    8.20529e+02    8.19400e+02    8.18487e+02    8.17816e+02    8.17629e+02    8.17492e+02    8.17459e+02    8.17123e+02
+240 ||    8.69167e+02    8.68552e+02    8.68315e+02    8.68833e+02    8.69278e+02    8.69577e+02    8.69839e+02    8.70029e+02    8.70206e+02    8.70359e+02    8.70770e+02    8.71699e+02    8.72466e+02    8.72909e+02    8.73305e+02    8.73606e+02    8.73418e+02    8.72251e+02    8.71226e+02    8.70485e+02    8.69905e+02    8.69644e+02    8.69454e+02    8.69405e+02    8.69167e+02
+255 ||    9.02603e+02    9.02327e+02    9.02326e+02    9.02873e+02    9.03318e+02    9.03562e+02    9.03794e+02    9.04003e+02    9.04147e+02    9.04164e+02    9.04395e+02    9.05055e+02    9.05610e+02    9.05958e+02    9.06279e+02    9.06547e+02    9.06368e+02    9.05297e+02    9.04399e+02    9.03848e+02    9.03372e+02    9.03042e+02    9.02801e+02    9.02737e+02    9.02603e+02
+270 ||    9.01278e+02    9.01011e+02    9.01015e+02    9.01564e+02    9.01977e+02    9.02120e+02    9.02279e+02    9.02471e+02    9.02608e+02    9.02634e+02    9.02872e+02    9.03537e+02    9.04061e+02    9.04300e+02    9.04520e+02    9.04699e+02    9.04624e+02    9.04038e+02    9.03486e+02    9.03001e+02    9.02529e+02    9.02086e+02    9.01719e+02    9.01508e+02    9.01278e+02
+285 ||    8.87538e+02    8.87282e+02    8.87293e+02    8.87837e+02    8.88212e+02    8.88251e+02    8.88335e+02    8.88508e+02    8.88635e+02    8.88669e+02    8.88913e+02    8.89573e+02    8.90057e+02    8.90185e+02    8.90299e+02    8.90388e+02    8.90417e+02    8.90327e+02    8.90129e+02    8.89715e+02    8.89256e+02    8.88704e+02    8.88217e+02    8.87861e+02    8.87538e+02
+300 ||    8.53830e+02    8.53276e+02    8.53052e+02    8.53485e+02    8.53785e+02    8.53822e+02    8.53905e+02    8.54082e+02    8.54259e+02    8.54438e+02    8.54862e+02    8.55776e+02    8.56456e+02    8.56668e+02    8.56907e+02    8.57203e+02    8.57319e+02    8.57076e+02    8.56734e+02    8.56193e+02    8.55650e+02    8.55099e+02    8.54612e+02    8.54253e+02    8.53830e+02
+315 ||    8.23899e+02    8.23047e+02    8.22588e+02    8.22913e+02    8.23141e+02    8.23176e+02    8.23259e+02    8.23440e+02    8.23669e+02    8.23993e+02    8.24598e+02    8.25767e+02    8.26645e+02    8.26941e+02    8.27305e+02    8.27808e+02    8.28011e+02    8.27615e+02    8.27128e+02    8.26458e+02    8.25828e+02    8.25277e+02    8.24788e+02    8.24425e+02    8.23899e+02
+330 ||    8.11525e+02    8.10486e+02    8.09888e+02    8.10171e+02    8.10379e+02    8.10433e+02    8.10588e+02    8.10943e+02    8.11347e+02    8.11850e+02    8.12571e+02    8.13732e+02    8.14609e+02    8.14922e+02    8.15306e+02    8.15836e+02    8.16021e+02    8.15517e+02    8.14994e+02    8.14432e+02    8.13857e+02    8.13255e+02    8.12690e+02    8.12199e+02    8.11525e+02
+345 ||    8.06001e+02    8.04767e+02    8.04026e+02    8.04271e+02    8.04460e+02    8.04535e+02    8.04762e+02    8.05293e+02    8.05875e+02    8.06558e+02    8.07401e+02    8.08563e+02    8.09447e+02    8.09779e+02    8.10186e+02    8.10747e+02    8.10916e+02    8.10300e+02    8.09737e+02    8.09278e+02    8.08753e+02    8.08095e+02    8.07448e+02    8.06827e+02    8.06001e+02
+360 ||    8.16910e+02    8.15710e+02    8.14868e+02    8.14739e+02    8.14687e+02    8.14786e+02    8.14992e+02    8.15410e+02    8.15983e+02    8.16867e+02    8.17806e+02    8.18855e+02    8.19735e+02    8.20278e+02    8.20846e+02    8.21468e+02    8.21656e+02    8.20979e+02    8.20457e+02    8.20244e+02    8.19931e+02    8.19420e+02    8.18785e+02    8.17900e+02    8.16910e+02
##########################################################################################
### MCD_v6.1 with Martian Year 33 scenario.
### Latitude 83.8N. Longitude 235.0E. Altitude 0.0 m ALS.
### --------------------------------------------------------------------------------------
### Column 1 is Areocentric longitude (degrees)
### Columns 2+ are Surface temperature (K)
### Line 1 is Local time (Martian hour)
### --------------------------------------------------------------------------------------
### Retrieved on: 2024-06-08T03:55:51.697294
### Mars Climate Database (c) LMD/OU/IAA/ESA/CNES
##########################################################################################
---- ||    0.00000e+00    1.00000e+00    2.00000e+00    3.00000e+00    4.00000e+00    5.00000e+00    6.00000e+00    7.00000e+00    8.00000e+00    9.00000e+00    1.00000e+01    1.10000e+01    1.20000e+01    1.30000e+01    1.40000e+01    1.50000e+01    1.60000e+01    1.70000e+01    1.80000e+01    1.90000e+01    2.00000e+01    2.10000e+01    2.20000e+01    2.30000e+01    2.40000e+01
-----------------------------------
+000 ||    1.49500e+02    1.49489e+02    1.49480e+02    1.49477e+02    1.49474e+02    1.49473e+02    1.49475e+02    1.49481e+02    1.49489e+02    1.49501e+02    1.49515e+02    1.49529e+02    1.49540e+02    1.49547e+02    1.49554e+02    1.49561e+02    1.49561e+02    1.49549e+02    1.49539e+02    1.49535e+02    1.49531e+02    1.49526e+02    1.49519e+02    1.49510e+02    1.49500e+02
+015 ||    1.49759e+02    1.49745e+02    1.49733e+02    1.49726e+02    1.49722e+02    1.49723e+02    1.49726e+02    1.49733e+02    1.49744e+02    1.49762e+02    1.49779e+02    1.49794e+02    1.49807e+02    1.49817e+02    1.49825e+02    1.49831e+02    1.49831e+02    1.49819e+02    1.49810e+02    1.49807e+02    1.49802e+02    1.49795e+02    1.49786e+02    1.49773e+02    1.49759e+02
+030 ||    1.50125e+02    1.50113e+02    1.50103e+02    1.50096e+02    1.50092e+02    1.50092e+02    1.50094e+02    1.50098e+02    1.50105e+02    1.50119e+02    1.50131e+02    1.50143e+02    1.50153e+02    1.50161e+02    1.50169e+02    1.50174e+02    1.50176e+02    1.50172e+02    1.50168e+02    1.50166e+02    1.50163e+02    1.50157e+02    1.50149e+02    1.50137e+02    1.50125e+02
+045 ||    1.50491e+02    1.50482e+02    1.50474e+02    1.50466e+02    1.50462e+02    1.50461e+02    1.50461e+02    1.50463e+02    1.50467e+02    1.50476e+02    1.50484e+02    1.50491e+02    1.50498e+02    1.50505e+02    1.50512e+02    1.50517e+02    1.50521e+02    1.50524e+02    1.50526e+02    1.50526e+02    1.50524e+02    1.50518e+02    1.50511e+02    1.50501e+02    1.50491e+02
+060 ||    1.59229e+02    1.59183e+02    1.59157e+02    1.59173e+02    1.59214e+02    1.59303e+02    1.59408e+02    1.59545e+02    1.59688e+02    1.59845e+02    1.59994e+02    1.60126e+02    1.60244e+02    1.60330e+02    1.60395e+02    1.60415e+02    1.60322e+02    1.60005e+02    1.59761e+02    1.59663e+02    1.59566e+02    1.59472e+02    1.59382e+02    1.59299e+02    1.59229e+02
+075 ||    1.67967e+02    1.67884e+02    1.67841e+02    1.67880e+02    1.67966e+02    1.68144e+02    1.68354e+02    1.68626e+02    1.68910e+02    1.69214e+02    1.69504e+02    1.69762e+02    1.69989e+02    1.70156e+02    1.70278e+02    1.70313e+02    1.70123e+02    1.69486e+02    1.68996e+02    1.68801e+02    1.68609e+02    1.68426e+02    1.68252e+02    1.68098e+02    1.67967e+02
+090 ||    1.91495e+02    1.91234e+02    1.91078e+02    1.91131e+02    1.91291e+02    1.91665e+02    1.92114e+02    1.92711e+02    1.93330e+02    1.93994e+02    1.94619e+02    1.95166e+02    1.95629e+02    1.95925e+02    1.96112e+02    1.96079e+02    1.95857e+02    1.95255e+02    1.94669e+02    1.94114e+02    1.93548e+02    1.92959e+02    1.92403e+02    1.91910e+02    1.91495e+02
+105 ||    2.15022e+02    2.14585e+02    2.14315e+02    2.14382e+02    2.14617e+02    2.15187e+02    2.15873e+02    2.16795e+02    2.17750e+02    2.18774e+02    2.19735e+02    2.20570e+02    2.21269e+02    2.21695e+02    2.21945e+02    2.21845e+02    2.21590e+02    2.21025e+02    2.20343e+02    2.19427e+02    2.18486e+02    2.17493e+02    2.16554e+02    2.15722e+02    2.15022e+02
+120 ||    2.09166e+02    2.08692e+02    2.08393e+02    2.08440e+02    2.08663e+02    2.09235e+02    2.09935e+02    2.10890e+02    2.11886e+02    2.12962e+02    2.13976e+02    2.14864e+02    2.15609e+02    2.16067e+02    2.16341e+02    2.16246e+02    2.16002e+02    2.15461e+02    2.14779e+02    2.13815e+02    2.12822e+02    2.11772e+02    2.10780e+02    2.09906e+02    2.09166e+02
+135 ||    2.03309e+02    2.02800e+02    2.02470e+02    2.02498e+02    2.02708e+02    2.03284e+02    2.03997e+02    2.04986e+02    2.06021e+02    2.07150e+02    2.08217e+02    2.09159e+02    2.09950e+02    2.10440e+02    2.10737e+02    2.10647e+02    2.10415e+02    2.09898e+02    2.09215e+02    2.08203e+02    2.07159e+02    2.06051e+02    2.05007e+02    2.04090e+02    2.03309e+02
+150 ||    1.96183e+02    1.95769e+02    1.95475e+02    1.95418e+02    1.95498e+02    1.95853e+02    1.96332e+02    1.97058e+02    1.97842e+02    1.98741e+02    1.99600e+02    2.00382e+02    2.01040e+02    2.01452e+02    2.01698e+02    2.01609e+02    2.01448e+02    2.01142e+02    2.00671e+02    1.99866e+02    1.99054e+02    1.98228e+02    1.97451e+02    1.96773e+02    1.96183e+02
+165 ||    1.89056e+02    1.88738e+02    1.88479e+02    1.88338e+02    1.88288e+02    1.88422e+02    1.88666e+02    1.89131e+02    1.89663e+02    1.90331e+02    1.90983e+02    1.91605e+02    1.92131e+02    1.92465e+02    1.92659e+02    1.92570e+02    1.92480e+02    1.92387e+02    1.92126e+02    1.91529e+02    1.90949e+02    1.90405e+02    1.89895e+02    1.89455e+02    1.89056e+02
+180 ||    1.70352e+02    1.70162e+02    1.70004e+02    1.69911e+02    1.69865e+02    1.69915e+02    1.70027e+02    1.70263e+02    1.70551e+02    1.70944e+02    1.71338e+02    1.71733e+02    1.72063e+02    1.72266e+02    1.72377e+02    1.72303e+02    1.72244e+02    1.72214e+02    1.72081e+02    1.71743e+02    1.71416e+02    1.71116e+02    1.70832e+02    1.70582e+02    1.70352e+02
+195 ||    1.51649e+02    1.51586e+02    1.51529e+02    1.51484e+02    1.51443e+02    1.51409e+02    1.51388e+02    1.51395e+02    1.51439e+02    1.51558e+02    1.51693e+02    1.51861e+02    1.51996e+02    1.52067e+02    1.52095e+02    1.52036e+02    1.52007e+02    1.52041e+02    1.52037e+02    1.51956e+02    1.51883e+02    1.51826e+02    1.51769e+02    1.51709e+02    1.51649e+02
+210 ||    1.50419e+02    1.50383e+02    1.50352e+02    1.50333e+02    1.50314e+02    1.50299e+02    1.50290e+02    1.50294e+02    1.50317e+02    1.50378e+02    1.50450e+02    1.50540e+02    1.50613e+02    1.50652e+02    1.50668e+02    1.50639e+02    1.50623e+02    1.50634e+02    1.50626e+02    1.50580e+02    1.50540e+02    1.50510e+02    1.50480e+02    1.50450e+02    1.50419e+02
+225 ||    1.49188e+02    1.49179e+02    1.49175e+02    1.49181e+02    1.49186e+02    1.49189e+02    1.49192e+02    1.49193e+02    1.49195e+02    1.49199e+02    1.49206e+02    1.49220e+02    1.49231e+02    1.49237e+02    1.49241e+02    1.49242e+02    1.49239e+02    1.49227e+02    1.49215e+02    1.49204e+02    1.49196e+02    1.49193e+02    1.49192e+02    1.49191e+02    1.49188e+02
+240 ||    1.49245e+02    1.49240e+02    1.49238e+02    1.49243e+02    1.49248e+02    1.49253e+02    1.49256e+02    1.49256e+02    1.49257e+02    1.49258e+02    1.49262e+02    1.49271e+02    1.49279e+02    1.49282e+02    1.49285e+02    1.49285e+02    1.49283e+02    1.49276e+02    1.49269e+02    1.49262e+02    1.49257e+02    1.49254e+02    1.49252e+02    1.49249e+02    1.49245e+02
+255 ||    1.49302e+02    1.49300e+02    1.49300e+02    1.49305e+02    1.49310e+02    1.49316e+02    1.49320e+02    1.49319e+02    1.49318e+02    1.49316e+02    1.49317e+02    1.49323e+02    1.49327e+02    1.49328e+02    1.49328e+02    1.49327e+02    1.49326e+02    1.49325e+02    1.49323e+02    1.49320e+02    1.49317e+02    1.49315e+02    1.49312e+02    1.49306e+02    1.49302e+02
+270 ||    1.48880e+02    1.48881e+02    1.48882e+02    1.48886e+02    1.48890e+02    1.48897e+02    1.48901e+02    1.48902e+02    1.48903e+02    1.48904e+02    1.48906e+02    1.48912e+02    1.48916e+02    1.48918e+02    1.48918e+02    1.48914e+02    1.48911e+02    1.48909e+02    1.48906e+02    1.48900e+02    1.48896e+02    1.48893e+02    1.48889e+02    1.48883e+02    1.48880e+02
+285 ||    1.48458e+02    1.48461e+02    1.48465e+02    1.48467e+02    1.48471e+02    1.48477e+02    1.48482e+02    1.48485e+02    1.48487e+02    1.48491e+02    1.48496e+02    1.48500e+02    1.48505e+02    1.48508e+02    1.48508e+02    1.48501e+02    1.48496e+02    1.48493e+02    1.48488e+02    1.48480e+02    1.48474e+02    1.48470e+02    1.48466e+02    1.48460e+02    1.48458e+02
+300 ||    1.48593e+02    1.48592e+02    1.48591e+02    1.48594e+02    1.48597e+02    1.48603e+02    1.48607e+02    1.48609e+02    1.48612e+02    1.48615e+02    1.48619e+02    1.48627e+02    1.48633e+02    1.48639e+02    1.48642e+02    1.48642e+02    1.48640e+02    1.48634e+02    1.48628e+02    1.48620e+02    1.48613e+02    1.48607e+02    1.48602e+02    1.48597e+02    1.48593e+02
+315 ||    1.48729e+02    1.48722e+02    1.48718e+02    1.48721e+02    1.48724e+02    1.48728e+02    1.48732e+02    1.48734e+02    1.48736e+02    1.48738e+02    1.48743e+02    1.48753e+02    1.48762e+02    1.48769e+02    1.48776e+02    1.48782e+02    1.48784e+02    1.48775e+02    1.48767e+02    1.48760e+02    1.48753e+02    1.48745e+02    1.48738e+02    1.48734e+02    1.48729e+02
+330 ||    1.48971e+02    1.48963e+02    1.48959e+02    1.48961e+02    1.48964e+02    1.48966e+02    1.48969e+02    1.48973e+02    1.48978e+02    1.48984e+02    1.48992e+02    1.49005e+02    1.49015e+02    1.49021e+02    1.49027e+02    1.49032e+02    1.49032e+02    1.49020e+02    1.49010e+02    1.49003e+02    1.48997e+02    1.48989e+02    1.48983e+02    1.48978e+02    1.48971e+02
+345 ||    1.49214e+02    1.49205e+02    1.49200e+02    1.49202e+02    1.49204e+02    1.49204e+02    1.49206e+02    1.49213e+02    1.49221e+02    1.49231e+02    1.49242e+02    1.49257e+02    1.49268e+02    1.49273e+02    1.49278e+02    1.49282e+02    1.49280e+02    1.49265e+02    1.49253e+02    1.49247e+02    1.49241e+02    1.49234e+02    1.49228e+02    1.49222e+02    1.49214e+02
+360 ||    1.49499e+02    1.49487e+02    1.49477e+02    1.49474e+02    1.49472e+02    1.49472e+02    1.49474e+02    1.49481e+02    1.49491e+02    1.49505e+02    1.49519e+02    1.49535e+02    1.49548e+02    1.49556e+02    1.49563e+02    1.49569e+02    1.49569e+02    1.49556e+02    1.49546e+02    1.49541e+02    1.49536e+02    1.49529e+02    1.49521e+02    1.49510e+02    1.49499e+02
